1 0
2 1 0 218.74 138.74
3 3 0 218.77 138.76 0 73.76 528.77 0 150.16 218.91
4 5 0 219.99 139.88 0 486.24 538.76 0 150.04 221.24 0 73.75 528.78 0 597.48 332.53
5 5 0 221.25 139.99 0 597.49 331.84 0 151.23 221.24 0 486.25 537.87 0 75.01 528.75
6 5 0 222.49 140.03 0 596.25 330.03 0 486.25 536.25 0 74.99 528.77 0 151.24 221.70
7 6 0 222.87 140.03 0 597.49 330.02 0 486.23 536.25 0 152.44 222.53 0 76.27 526.26 0 76.12 528.75
8 5 0 486.25 533.74 0 223.76 140.02 0 595.02 330.01 0 76.23 526.27 0 152.49 223.77
9 6 0 486.25 533.74 0 226.26 141.25 0 153.84 224.93 0 77.49 526.25 0 224.97 140.47 0 596.24 328.75
10 5 0 226.26 141.24 0 77.49 525.03 0 486.22 531.25 0 593.73 326.25 0 154.66 225.86
11 5 0 156.22 226.26 0 227.59 141.26 0 486.25 531.26 0 81.27 523.79 0 593.74 323.76
12 6 0 228.74 141.25 0 156.26 227.37 0 82.50 522.52 0 486.25 530.00 0 591.17 323.81 0 593.56 324.41
13 5 0 229.99 142.53 0 82.49 522.51 0 591.21 323.75 0 486.24 528.75 0 157.60 228.75
14 5 0 231.25 142.46 0 157.49 228.74 0 589.99 322.52 0 82.51 522.53 0 486.24 527.27
15 6 0 158.74 230.00 0 233.57 142.48 0 589.99 321.24 0 420.01 109.98 0 486.25 526.25 0 84.17 521.27
16 5 0 233.77 143.68 0 486.24 524.98 0 588.75 322.50 0 158.76 231.25 0 86.25 521.27
17 4 0 486.23 523.75 0 236.25 143.72 0 161.25 231.23 0 587.97 321.23
18 5 0 236.24 143.73 0 487.41 521.99 0 161.24 233.73 0 88.75 518.74 0 588.41 318.74
19 7 0 237.50 143.74 0 587.49 317.52 0 89.99 517.50 0 161.95 233.73 0 486.23 521.25 0 488.19 521.26 0 162.50 232.45
20 4 0 238.75 143.73 0 90.01 517.49 0 163.59 234.06 0 586.26 317.50
21 5 0 90.04 517.49 0 163.75 236.20 0 486.24 518.75 0 241.26 143.75 0 583.75 316.23
22 5 0 164.12 236.25 0 241.26 143.75 0 92.50 516.26 0 583.73 314.60 0 488.63 518.75
23 5 0 92.49 516.25 0 165.44 237.50 0 243.08 143.74 0 486.33 516.25 0 583.74 313.78
24 5 0 93.50 515.00 0 243.75 144.94 0 166.25 238.75 0 486.25 514.33 0 581.69 313.76
25 5 0 245.00 144.99 0 486.26 513.75 0 96.25 513.75 0 166.28 238.74 0 581.24 313.76
26 5 0 246.25 146.26 0 487.03 513.78 0 96.25 513.77 0 581.27 313.76 0 168.74 240.21
27 5 0 581.25 311.26 0 168.77 241.25 0 248.75 146.25 0 486.32 511.25 0 98.76 513.74
28 6 0 580.01 310.00 0 169.99 241.25 0 248.75 146.23 0 486.73 511.15 0 98.75 513.75 0 587.49 450.01
29 5 0 579.99 310.00 0 170.99 242.52 0 248.76 147.27 0 487.51 508.76 0 98.76 511.25
30 5 0 251.24 146.29 0 171.29 243.75 0 487.48 508.73 0 99.98 509.94 0 578.74 308.31
31 5 0 171.26 243.76 0 252.46 146.50 0 486.25 506.27 0 101.24 509.88 0 578.75 307.50
32 6 0 253.75 146.25 0 173.75 245.40 0 486.25 506.28 0 101.26 508.73 0 173.74 23.74 0 578.37 306.44
33 6 0 486.26 503.75 0 253.76 146.42 0 103.74 508.74 0 174.17 246.25 0 576.25 306.26 0 255.02 147.45
34 5 0 486.26 503.75 0 256.26 147.63 0 174.95 246.92 0 576.25 306.28 0 103.75 506.22
35 5 0 257.42 147.51 0 486.29 501.24 0 176.27 248.74 0 106.26 507.52 0 573.73 303.76
36 5 0 258.75 147.44 0 177.51 248.75 0 107.50 507.58 0 486.24 501.25 0 573.76 301.41
37 5 0 258.76 148.76 0 486.25 498.76 0 177.53 250.03 0 572.53 301.26 0 108.68 509.07
38 5 0 261.24 148.75 0 178.75 251.27 0 486.27 498.76 0 572.51 301.27 0 108.74 501.31
39 5 0 486.25 497.48 0 572.51 300.01 0 178.78 251.26 0 261.24 148.74 0 110.23 503.67
40 5 0 263.73 148.76 0 180.01 252.51 0 571.28 300.00 0 486.24 496.25 0 110.01 501.28
41 6 0 181.25 253.74 0 570.02 300.00 0 263.74 148.76 0 111.23 501.25 0 487.11 495.01 0 587.69 37.53
42 5 0 266.26 148.74 0 486.27 493.74 0 570.01 298.75 0 113.90 501.80 0 181.25 253.74
43 3 0 486.24 492.43 0 266.26 149.97 0 182.50 254.33
44 3 0 267.51 150.07 0 486.24 491.25 0 183.74 256.26
45 3 0 268.72 151.25 0 486.24 489.27 0 184.04 256.27
46 4 0 271.23 151.25 0 487.51 488.72 0 186.25 257.48 0 566.25 293.74
47 6 0 186.24 258.74 0 271.23 151.26 0 565.00 293.51 0 486.23 486.80 0 176.26 42.45 0 487.50 487.52
48 5 0 187.48 260.02 0 565.01 292.51 0 272.52 151.27 0 486.33 486.25 0 487.49 487.49
49 4 0 486.24 486.25 0 187.63 259.99 0 563.61 292.50 0 273.75 151.22
50 4 0 486.24 483.77 0 188.75 261.26 0 562.49 291.13 0 275.00 151.86
