1 0
2 2 0 372.51 547.44 0 77.51 237.49
3 2 0 363.72 550.05 0 70.62 241.28
4 1 0 370.00 544.95
5 3 0 372.51 548.75 0 83.74 243.75 0 353.81 597.49
6 2 0 76.25 246.25 0 361.25 548.75
7 2 0 79.97 250.01 0 363.07 551.00
8 3 0 87.52 242.51 0 357.50 595.01 0 367.53 542.48
9 3 0 87.50 250.00 0 18.75 488.75 0 366.24 548.76
10 4 0 86.24 241.26 0 361.25 538.68 0 18.77 478.72 0 358.07 591.24
11 4 0 92.28 248.73 0 364.98 543.57 0 362.54 596.30 0 22.52 483.76
12 4 0 90.01 243.40 0 361.26 588.77 0 358.75 535.01 0 20.48 476.32
13 6 0 87.43 252.52 0 358.74 597.11 0 353.76 542.58 0 17.94 483.75 0 275.00 604.99 0 227.52 26.32
14 5 0 96.26 251.26 0 361.25 540.01 0 366.27 593.75 0 26.25 478.79 0 26.26 481.18
15 4 0 93.76 254.99 0 354.96 542.49 0 364.99 597.50 0 25.00 482.39
16 6 0 357.48 531.26 0 97.51 246.61 0 368.76 586.29 0 26.26 471.25 0 238.71 18.75 0 109.98 191.07
17 4 0 97.51 247.48 0 354.99 530.00 0 27.49 470.01 0 368.74 586.26
18 4 0 98.75 257.47 0 353.13 537.50 0 369.97 595.00 0 28.74 478.73
19 3 0 347.71 528.76 0 95.02 248.86 0 26.26 471.24
20 5 0 353.74 533.74 0 104.98 254.97 0 33.76 473.81 0 243.56 29.99 0 376.26 588.75
21 4 0 101.24 249.00 0 347.50 525.09 0 31.09 466.26 0 373.65 581.26
22 3 0 103.77 259.99 0 347.49 532.57 0 33.76 475.01
23 5 0 343.72 523.74 0 102.42 251.26 0 373.74 581.23 0 242.52 27.46 0 28.79 463.75
24 5 0 108.74 260.01 0 347.48 531.21 0 381.25 588.16 0 36.26 473.75 0 248.76 33.67
25 4 0 348.74 525.03 0 112.49 256.25 0 41.23 466.26 0 383.46 581.45
26 4 0 113.74 257.54 0 347.48 525.02 0 43.71 466.11 0 386.26 583.36
27 5 0 342.52 518.75 0 112.46 253.05 0 623.73 301.26 0 38.70 461.27 0 383.74 578.57
28 5 0 107.04 257.49 0 336.26 520.01 0 33.81 461.27 0 618.77 471.17 0 189.99 395.01
29 4 0 117.50 262.17 0 342.36 522.47 0 46.21 463.73 0 488.83 350.02
30 6 0 337.52 525.01 0 115.00 264.98 0 41.26 466.29 0 616.25 313.75 0 619.95 473.77 0 386.27 583.74
31 5 0 333.75 513.74 0 113.73 256.63 0 253.75 34.13 0 18.85 617.50 0 40.03 454.80
32 4 0 330.05 516.25 0 112.48 260.01 0 609.99 306.47 0 18.76 618.76
33 6 0 123.74 261.24 0 339.99 516.26 0 618.73 308.74 0 51.24 458.74 0 234.65 531.25 0 393.78 573.82
34 6 0 337.51 516.26 0 124.98 263.90 0 28.75 618.76 0 51.22 458.75 0 619.63 467.52 0 616.28 309.08
35 9 0 125.01 261.23 0 51.24 453.75 0 28.73 613.76 0 397.50 571.25 0 336.23 511.52 0 335.01 512.52 0 616.25 461.28 0 613.74 306.26 0 615.69 306.23
36 4 0 127.38 262.52 0 52.50 452.56 0 334.72 511.27 0 29.78 612.14
37 5 0 122.48 270.06 0 606.21 314.93 0 48.75 458.78 0 327.48 516.25 0 24.02 617.49
38 7 0 323.75 509.99 0 46.24 453.76 0 121.24 266.25 0 601.25 311.24 0 259.98 46.23 0 603.75 461.72 0 22.46 611.24
39 6 0 125.95 271.25 0 325.02 513.76 0 601.26 316.18 0 25.77 613.80 0 51.20 456.26 0 618.78 303.78
40 7 0 131.25 262.45 0 328.76 503.72 0 29.98 603.75 0 606.20 306.81 0 403.74 566.24 0 56.25 446.26 0 611.25 347.37
41 7 0 329.93 510.00 0 604.98 314.99 0 133.74 271.25 0 58.76 452.50 0 610.11 461.23 0 31.27 608.78 0 33.58 608.77
42 6 0 136.25 271.23 0 328.83 507.48 0 60.01 451.26 0 611.24 350.00 0 33.76 606.24 0 604.99 313.85
43 5 0 326.23 501.24 0 136.26 264.98 0 60.00 444.23 0 33.76 598.75 0 90.07 634.44
44 4 0 138.75 269.99 0 34.99 602.52 0 326.22 503.48 0 63.74 446.26
45 9 0 133.73 276.18 0 58.74 451.27 0 30.00 605.02 0 319.99 507.51 0 593.75 318.74 0 405.05 569.98 0 597.50 459.99 0 31.18 58.76 0 603.73 349.27
46 6 0 132.50 273.00 0 313.99 503.36 0 56.27 446.24 0 589.98 318.73 0 26.28 601.22 0 404.43 566.22
47 7 0 321.27 496.25 0 142.49 268.74 0 66.26 441.25 0 596.23 311.27 0 596.26 313.61 0 413.40 558.75 0 36.25 593.75
48 5 0 136.25 275.42 0 28.76 597.51 0 313.76 501.21 0 58.76 445.06 0 587.07 317.51
49 6 0 138.75 269.98 0 313.74 493.76 0 410.01 556.34 0 586.26 311.25 0 61.25 437.50 0 31.25 589.96
50 7 0 140.00 278.75 0 312.67 501.27 0 412.50 562.50 0 63.69 445.03 0 586.23 321.25 0 31.26 598.73 0 598.71 338.79
