1 1 0 283.37 467.26
2 1 0 340.06 371.41
3 0
4 1 0 259.38 388.52
5 2 0 259.74 388.82 0 395.56 276.30
6 2 0 395.49 276.42 0 259.97 388.96
7 1 0 491.26 155.33
8 3 0 435.46 123.33 0 396.37 276.56 0 491.40 155.36
9 2 0 435.55 123.31 0 299.05 307.82
10 2 0 299.13 307.92 0 435.84 123.40
11 1 0 299.25 307.88
12 1 0 299.23 308.07
13 1 0 299.52 308.12
14 1 0 300.40 308.20
15 1 0 316.60 355.50
16 0
17 0
18 0
19 0
20 0
21 0
22 0
23 0
24 0
25 0
26 1 0 13.07 476.27
27 1 0 378.92 226.86
28 2 0 19.76 474.63 0 379.13 226.88
29 1 0 379.36 227.04
30 1 0 379.15 226.99
31 1 0 379.19 227.12
32 1 0 379.78 227.63
33 2 0 36.22 468.04 0 380.63 227.94
34 0
35 2 0 44.34 466.68 0 499.36 332.63
36 1 0 499.50 332.75
37 1 0 499.59 332.90
38 1 0 276.33 324.43
39 0
40 0
41 0
42 1 0 68.78 459.18
43 1 0 268.33 316.65
44 0
45 0
46 1 0 274.94 395.85
47 0
48 1 0 90.88 451.99
49 1 0 275.45 396.97
50 3 0 411.62 284.58 0 275.66 397.11 0 506.99 163.63
51 2 0 451.04 131.56 0 411.61 284.96
52 1 0 451.20 131.93
53 4 0 251.60 301.06 0 451.34 132.25 0 331.81 140.09 0 314.84 316.54
54 2 0 451.39 132.45 0 315.00 316.86
55 3 0 115.47 444.27 0 315.14 317.07 0 451.55 132.81
56 0
57 0
58 0
59 0
60 0
61 1 0 508.84 339.05
62 2 0 508.84 339.10 0 141.35 435.05
63 0
64 0
65 0
66 0
67 0
68 1 0 162.99 426.82
69 1 0 316.64 162.88
70 0
71 1 0 283.55 403.85
72 2 0 283.74 403.69 0 419.64 291.24
73 1 0 419.88 291.66
74 0
75 2 0 459.40 139.27 0 515.49 171.40
76 2 0 459.61 139.40 0 323.20 323.92
77 3 0 459.77 139.75 0 428.19 388.62 0 323.12 324.24
78 1 0 460.09 140.21
79 2 0 460.41 140.52 0 323.15 325.01
80 0
81 0
82 0
83 1 0 219.57 405.00
84 2 0 300.23 187.67 0 516.92 346.83
85 1 0 516.98 347.08
86 1 0 195.48 244.35
87 0
88 1 0 237.13 395.63
89 0
90 1 0 188.54 236.71
91 1 0 187.62 235.54
92 1 0 291.67 203.24
93 2 0 291.52 412.10 0 290.76 204.41
94 2 0 571.59 499.82 0 291.46 412.17
95 3 0 180.79 227.11 0 427.82 300.06 0 571.96 500.25
96 3 0 572.13 500.48 0 427.90 300.50 0 467.08 147.09
97 1 0 467.28 147.67
98 3 0 467.46 148.13 0 274.83 379.09 0 330.99 332.44
99 2 0 467.58 148.43 0 331.09 332.87
100 2 0 467.71 148.83 0 331.19 333.18
101 0
102 1 0 523.44 354.98
103 1 0 523.74 355.10
104 0
105 0
106 0
107 1 0 162.73 204.80
108 1 0 275.85 234.80
109 0
110 0
111 1 0 155.58 196.03
112 0
113 0
114 0
115 2 0 268.20 251.13 0 148.87 187.26
116 1 0 267.24 253.10
117 0
118 0
119 0
120 1 0 411.75 258.66
121 1 0 412.06 258.85
122 2 0 260.48 267.05 0 412.89 259.81
123 1 0 259.49 268.63
124 1 0 531.42 365.02
125 0
126 1 0 131.75 163.31
127 0
128 0
129 1 0 252.82 283.47
130 0
131 0
132 1 0 403.04 307.39
133 0
134 0
135 0
136 0
137 0
138 1 0 243.92 306.84
139 0
140 0
141 0
142 0
143 0
144 1 0 483.90 170.89
145 2 0 347.59 355.96 0 452.81 275.13
146 2 0 347.59 356.47 0 484.67 172.31
147 0
148 0
149 1 0 540.05 378.62
150 2 0 92.67 107.21 0 540.82 379.01
151 1 0 540.95 379.68
152 0
153 1 0 226.89 348.38
154 0
155 0
156 1 0 83.59 92.20
157 1 0 499.45 243.07
158 0
159 0
160 1 0 76.88 82.84
161 0
162 0
163 2 0 427.38 282.83 0 523.42 226.81
164 1 0 427.67 283.22
165 1 0 427.89 284.35
166 2 0 67.56 67.19 0 428.41 284.85
167 0
168 0
169 0
170 0
