1 0
2 2 0 413.31 108.49 0 477.46 176.27
3 1 0 408.39 109.71
4 3 0 476.25 180.01 0 410.00 112.47 0 120.89 442.49
5 3 0 408.75 113.78 0 121.25 442.50 0 476.24 181.26
6 3 0 121.24 437.49 0 407.20 109.99 0 474.99 178.75
7 3 0 408.75 115.02 0 124.93 439.91 0 478.74 183.75
8 3 0 476.23 186.27 0 405.01 117.53 0 122.51 439.94
9 4 0 126.24 437.25 0 406.24 116.28 0 478.73 186.25 0 407.51 117.45
10 3 0 122.49 435.03 0 401.27 118.75 0 476.22 186.26
11 3 0 404.94 121.26 0 126.67 437.37 0 478.73 188.74
12 3 0 128.77 433.77 0 404.99 121.27 0 481.27 189.97
13 3 0 402.50 118.75 0 127.50 429.99 0 478.73 188.75
14 2 0 397.50 123.76 0 125.01 432.50
15 3 0 130.01 427.73 0 401.24 121.26 0 481.25 191.21
16 2 0 130.02 426.27 0 398.74 122.50
17 3 0 397.47 123.77 0 129.01 426.26 0 478.74 193.76
18 3 0 395.00 125.02 0 478.72 195.38 0 129.99 425.18
19 3 0 398.74 128.75 0 134.94 427.48 0 483.73 198.74
20 3 0 393.74 127.51 0 131.79 423.74 0 481.25 198.75
21 3 0 397.49 132.11 0 137.52 426.27 0 483.76 202.50
22 4 0 392.50 132.52 0 132.57 424.72 0 481.24 203.70 0 13.75 538.76
23 5 0 483.75 205.00 0 137.43 426.26 0 393.75 135.02 0 18.73 539.45 0 602.50 258.77
24 4 0 393.75 136.26 0 137.57 424.99 0 20.01 538.73 0 483.77 206.25
25 4 0 393.76 136.26 0 140.01 422.40 0 486.24 206.23 0 21.25 536.26
26 4 0 137.51 420.01 0 388.76 136.27 0 481.24 206.25 0 18.67 533.76
27 3 0 486.24 206.24 0 391.25 136.23 0 141.26 417.23
28 4 0 140.00 420.00 0 386.47 141.25 0 483.68 212.50 0 21.24 533.75
29 4 0 142.50 420.00 0 388.73 142.50 0 486.26 213.75 0 23.75 533.74
30 4 0 142.48 418.50 0 387.27 143.73 0 486.23 216.21 0 26.26 532.50
31 6 0 387.52 140.00 0 145.00 412.51 0 486.23 211.26 0 28.60 526.23 0 593.81 250.02 0 186.24 16.25
32 4 0 142.49 413.77 0 383.74 143.75 0 483.73 216.26 0 23.73 528.79
33 4 0 147.50 412.51 0 387.49 145.02 0 489.35 216.27 0 590.02 250.29
34 6 0 149.98 412.51 0 386.25 146.25 0 590.00 252.49 0 490.00 218.75 0 31.22 526.24 0 189.99 18.75
35 4 0 146.26 413.75 0 381.25 148.74 0 486.25 221.27 0 186.24 21.28
36 5 0 381.24 148.73 0 146.26 410.38 0 486.25 221.24 0 27.49 525.02 0 186.24 23.00
37 6 0 381.25 147.52 0 147.62 407.50 0 188.73 20.01 0 488.73 220.04 0 31.23 521.25 0 583.74 246.26
38 4 0 381.25 148.66 0 149.97 406.24 0 488.76 221.26 0 189.99 20.00
39 3 0 148.76 407.30 0 377.53 151.24 0 488.76 223.73
40 4 0 154.98 406.23 0 382.25 153.54 0 492.46 226.27 0 193.74 23.75
41 5 0 381.25 153.77 0 155.01 405.01 0 492.51 227.38 0 581.25 246.25 0 38.76 518.76
42 4 0 379.99 156.24 0 156.31 405.03 0 195.01 29.43 0 493.72 228.76
43 6 0 152.50 403.77 0 488.77 228.94 0 374.51 156.25 0 35.05 517.27 0 572.51 245.01 0 189.93 29.60
44 7 0 153.64 403.76 0 373.76 158.75 0 37.50 517.47 0 571.24 246.23 0 188.82 31.21 0 490.24 233.74 0 490.31 231.22
45 5 0 154.99 399.97 0 492.49 230.01 0 373.78 157.46 0 572.52 242.45 0 38.73 511.24
46 4 0 159.98 399.96 0 44.97 515.02 0 377.05 158.76 0 573.40 244.96
47 6 0 159.99 398.47 0 572.50 242.52 0 496.27 233.77 0 376.22 159.23 0 43.88 510.22 0 375.01 160.03
48 6 0 496.26 238.74 0 161.23 400.10 0 374.79 164.99 0 44.99 515.00 0 197.51 35.02 0 572.53 244.99
49 3 0 162.50 399.97 0 373.74 165.00 0 496.25 238.76
50 4 0 162.12 395.02 0 371.28 161.78 0 45.02 507.49 0 493.76 236.29
