1 0
2 0
3 2 0 296.24 78.74 0 18.77 182.19
4 2 0 296.26 78.73 0 18.77 183.61
5 2 0 296.25 81.27 0 21.25 181.61
6 3 0 296.74 81.27 0 21.24 183.43 0 483.52 157.50
7 1 0 296.25 83.76
8 2 0 298.78 83.92 0 26.23 183.72
9 2 0 26.25 183.71 0 298.79 85.01
10 2 0 28.75 183.74 0 298.71 86.24
11 4 0 16.30 171.38 0 298.75 88.77 0 28.67 183.77 0 15.13 172.30
12 3 0 298.75 88.78 0 17.37 173.66 0 30.34 183.78
13 3 0 298.80 90.18 0 18.78 173.55 0 31.16 183.75
14 3 0 300.21 92.42 0 18.78 173.76 0 33.80 183.76
15 3 0 300.01 93.40 0 33.82 183.75 0 18.89 176.15
16 4 0 20.04 178.64 0 36.03 183.55 0 301.26 93.75 0 141.09 21.29
17 3 0 21.24 177.43 0 38.77 183.74 0 301.23 96.26
18 4 0 18.76 316.24 0 21.63 178.66 0 301.24 98.74 0 38.80 183.76
19 5 0 19.62 316.31 0 301.25 98.76 0 23.68 178.76 0 41.25 183.76 0 38.72 183.73
20 4 0 23.74 181.20 0 20.02 317.49 0 41.26 183.74 0 301.24 98.75
21 4 0 303.75 101.24 0 43.71 183.72 0 23.76 181.27 0 21.93 317.53
22 3 0 26.27 181.26 0 303.74 101.27 0 43.79 183.72
23 4 0 303.74 102.50 0 26.27 183.63 0 46.24 186.24 0 46.18 183.81
24 5 0 303.74 103.75 0 27.53 185.11 0 48.58 183.77 0 26.24 321.26 0 46.32 183.80
25 5 0 27.50 322.50 0 415.48 621.21 0 28.72 186.24 0 48.77 183.77 0 306.28 106.27
26 5 0 306.25 106.27 0 413.75 620.02 0 28.74 187.10 0 27.49 322.50 0 51.27 186.24
27 4 0 29.98 187.55 0 30.00 322.51 0 413.76 618.74 0 306.25 106.49
28 5 0 30.01 190.00 0 412.52 617.51 0 31.18 323.31 0 306.25 108.78 0 206.24 621.25
29 5 0 412.50 616.26 0 307.48 111.23 0 203.76 621.26 0 31.23 190.05 0 53.76 186.26
30 9 0 16.26 51.26 0 35.01 325.00 0 204.57 620.82 0 411.26 616.26 0 33.42 191.20 0 308.73 111.25 0 31.41 191.23 0 56.27 183.84 0 56.26 186.29
31 6 0 17.54 51.26 0 35.02 324.97 0 202.51 618.75 0 411.24 613.74 0 307.49 113.77 0 56.49 186.25
32 7 0 18.76 51.23 0 409.99 612.50 0 308.76 115.00 0 36.01 325.01 0 202.51 618.76 0 58.76 186.24 0 33.73 191.24
33 7 0 19.99 50.96 0 35.00 193.96 0 408.77 611.54 0 309.97 116.24 0 61.26 186.26 0 37.50 325.01 0 201.26 618.70
34 6 0 21.59 51.25 0 310.00 117.50 0 408.77 611.19 0 36.24 194.99 0 61.25 186.26 0 38.72 326.26
35 7 0 23.75 51.26 0 37.49 195.01 0 311.23 117.53 0 406.25 608.79 0 198.75 617.47 0 63.73 186.27 0 407.53 609.70
36 8 0 37.48 197.50 0 23.82 51.25 0 311.22 118.74 0 41.26 330.00 0 197.55 613.73 0 406.24 606.34 0 197.78 614.97 0 66.26 186.28
37 6 0 26.26 51.23 0 42.50 330.00 0 67.49 187.33 0 37.49 198.34 0 406.24 606.25 0 197.25 616.25
38 7 0 27.49 51.24 0 405.01 605.01 0 42.50 330.00 0 67.48 186.59 0 38.70 198.75 0 196.21 613.76 0 311.25 121.28
39 7 0 28.74 51.26 0 194.98 612.50 0 403.78 603.77 0 68.77 187.52 0 44.99 331.09 0 313.73 122.42 0 38.73 200.00
40 7 0 29.97 51.25 0 403.75 603.01 0 44.99 331.99 0 313.74 123.77 0 71.22 186.19 0 41.26 201.26 0 193.75 611.26
41 8 0 31.24 51.23 0 315.00 125.01 0 41.25 201.26 0 402.51 601.30 0 32.49 50.54 0 46.24 332.48 0 191.25 611.25 0 71.28 186.27
42 6 0 33.74 51.23 0 42.50 202.52 0 191.24 611.25 0 73.75 186.29 0 401.25 601.25 0 313.75 126.23
43 6 0 34.98 51.04 0 43.70 205.01 0 189.97 610.01 0 50.00 333.50 0 73.75 186.27 0 401.26 598.75
44 7 0 36.24 50.03 0 401.25 598.76 0 76.25 187.49 0 45.00 205.01 0 189.97 609.95 0 316.24 128.78 0 50.39 333.75
45 8 0 37.50 50.65 0 77.52 187.49 0 317.48 129.20 0 45.03 206.26 0 398.74 596.26 0 51.26 336.26 0 188.55 608.76 0 188.72 606.71
46 7 0 316.27 131.26 0 398.74 596.23 0 38.77 50.02 0 187.43 608.74 0 78.75 186.26 0 53.10 336.25 0 46.26 208.76
47 7 0 41.26 50.13 0 397.50 595.02 0 318.74 132.49 0 81.24 187.49 0 186.25 606.26 0 53.76 336.26 0 48.74 208.77
48 6 0 42.48 50.67 0 82.51 187.49 0 317.58 133.75 0 397.48 593.75 0 46.25 208.77 0 373.55 364.23
49 8 0 43.76 50.01 0 396.23 591.25 0 82.97 186.24 0 597.50 395.02 0 183.74 603.76 0 318.73 136.26 0 48.73 208.80 0 56.25 338.65
50 6 0 45.00 50.01 0 396.24 591.22 0 50.27 210.00 0 85.01 186.65 0 182.51 603.75 0 58.76 338.76
