1 0
2 2 0 372.51 46.25 0 517.49 289.99
3 3 0 373.46 48.72 0 372.71 47.49 0 516.26 288.77
4 2 0 376.36 47.49 0 126.23 503.75
5 3 0 373.75 46.25 0 515.00 283.76 0 122.50 500.00
6 3 0 376.26 51.25 0 126.23 503.75 0 516.24 286.26
7 4 0 377.52 48.74 0 517.48 285.00 0 128.72 501.24 0 126.86 501.25
8 2 0 373.74 52.49 0 123.76 502.51
9 3 0 376.23 53.75 0 126.25 501.43 0 513.76 286.24
10 3 0 511.22 281.27 0 373.76 50.03 0 126.26 497.37
11 4 0 377.64 51.27 0 131.23 498.74 0 317.51 562.54 0 513.75 281.24
12 3 0 131.27 499.67 0 378.55 56.24 0 511.26 283.75
13 3 0 376.25 57.51 0 509.99 285.02 0 131.24 501.26
14 3 0 128.76 498.76 0 373.74 56.29 0 506.25 282.52
15 3 0 133.49 496.24 0 378.75 56.25 0 508.73 278.76
16 3 0 378.75 56.26 0 508.76 278.76 0 133.74 496.22
17 3 0 378.75 58.75 0 508.73 281.26 0 136.24 496.25
18 3 0 378.76 61.23 0 506.25 282.49 0 134.94 498.73
19 2 0 378.74 63.74 0 136.25 497.52
20 4 0 378.00 63.75 0 503.73 281.29 0 136.26 496.27 0 162.49 27.50
21 2 0 374.57 63.73 0 498.75 281.27
22 3 0 138.90 492.51 0 378.77 62.35 0 503.75 278.76
23 3 0 379.98 65.17 0 141.01 493.75 0 501.31 278.75
24 2 0 376.25 68.69 0 498.76 281.27
25 3 0 376.33 68.74 0 139.19 493.78 0 498.76 281.25
26 3 0 141.24 488.75 0 377.48 65.07 0 496.24 276.23
27 4 0 376.26 71.26 0 141.24 493.75 0 496.25 278.75 0 562.87 168.87
28 3 0 376.25 68.12 0 141.24 488.77 0 493.76 276.27
29 3 0 376.26 71.25 0 492.50 277.51 0 142.24 492.48
30 3 0 490.21 274.99 0 376.26 71.22 0 141.27 488.77
31 3 0 378.75 73.77 0 147.24 492.36 0 493.75 278.74
32 3 0 376.26 71.26 0 489.99 275.00 0 143.74 488.75
33 3 0 380.02 73.77 0 492.51 275.00 0 148.75 486.24
34 4 0 623.74 433.76 0 147.61 485.00 0 490.14 275.01 0 378.75 73.28
35 5 0 378.75 78.74 0 149.97 490.02 0 490.00 277.49 0 621.25 438.76 0 16.26 469.47
36 4 0 379.81 74.98 0 149.99 485.01 0 488.75 273.74 0 622.49 433.77
37 5 0 149.97 490.01 0 378.75 81.27 0 621.24 438.75 0 18.79 470.00 0 486.23 277.51
38 5 0 376.27 81.24 0 484.99 276.35 0 617.52 438.76 0 151.21 488.77 0 16.26 468.74
39 4 0 381.25 81.26 0 620.00 437.50 0 153.75 486.26 0 21.25 466.99
40 5 0 378.74 78.75 0 21.25 463.75 0 484.98 269.99 0 616.27 435.50 0 153.76 482.50
41 5 0 376.25 81.25 0 613.75 436.26 0 151.25 485.01 0 18.76 466.27 0 481.26 273.75
42 5 0 155.01 482.51 0 616.26 436.24 0 378.76 81.24 0 482.52 271.24 0 23.73 463.75
43 5 0 378.74 86.26 0 613.73 441.26 0 482.13 276.23 0 155.01 486.25 0 23.68 467.51
44 5 0 378.76 82.47 0 613.74 436.26 0 156.25 481.26 0 481.27 271.24 0 23.74 463.74
45 5 0 376.27 86.25 0 155.00 482.51 0 477.48 275.00 0 610.00 438.74 0 23.73 466.27
46 4 0 381.25 86.24 0 28.75 463.74 0 613.76 438.74 0 481.26 271.25
47 5 0 477.48 270.00 0 377.50 85.02 0 608.77 436.76 0 26.24 461.42 0 158.67 478.76
48 5 0 376.26 88.74 0 157.49 482.50 0 474.99 273.91 0 26.26 463.75 0 606.29 438.76
49 5 0 376.25 88.75 0 606.24 438.75 0 473.76 271.26 0 26.24 463.74 0 158.74 481.27
50 5 0 608.76 438.74 0 380.00 88.64 0 476.27 270.00 0 31.24 461.26 0 162.50 478.75
