1 0
2 0
3 0
4 0
5 1 0 138.75 436.25
6 1 0 520.44 551.23
7 1 0 522.57 555.03
8 2 0 138.77 431.16 0 521.26 551.24
9 2 0 516.43 553.77 0 133.76 433.76
10 1 0 518.70 556.28
11 2 0 515.03 551.27 0 136.26 426.37
12 1 0 516.27 553.78
13 1 0 510.02 553.79
14 1 0 513.70 554.23
15 3 0 511.24 556.26 0 133.62 427.50 0 53.80 11.30
16 1 0 506.25 553.79
17 3 0 506.36 549.30 0 13.89 268.76 0 130.42 420.66
18 3 0 506.25 548.74 0 132.46 418.80 0 16.29 268.71
19 3 0 503.72 551.22 0 16.27 268.74 0 131.10 418.95
20 3 0 20.41 266.54 0 133.75 416.25 0 506.24 548.75
21 3 0 23.73 269.74 0 506.27 551.26 0 133.76 418.76
22 2 0 18.75 268.72 0 498.76 551.23
23 4 0 526.21 281.26 0 23.68 269.29 0 501.24 553.78 0 523.39 631.13
24 3 0 130.00 412.51 0 496.29 548.76 0 22.66 266.26
25 2 0 26.32 268.74 0 498.79 553.76
26 3 0 23.75 266.28 0 493.74 548.75 0 496.03 548.76
27 3 0 493.16 549.97 0 23.75 264.42 0 25.00 265.36
28 2 0 28.76 268.77 0 493.74 551.25
29 2 0 31.24 266.27 0 493.76 551.24
30 2 0 626.23 21.31 0 493.74 550.00
31 4 0 33.75 263.73 0 492.51 549.92 0 625.06 21.61 0 130.17 405.07
32 2 0 33.74 266.21 0 623.73 23.77
33 3 0 33.76 260.47 0 489.48 546.27 0 621.25 18.75
34 4 0 485.02 549.98 0 32.60 263.73 0 616.25 23.72 0 125.00 402.55
35 4 0 483.73 548.74 0 33.77 261.26 0 125.03 402.53 0 616.25 23.72
36 4 0 486.24 548.74 0 618.75 23.73 0 38.76 261.24 0 381.16 130.02
37 3 0 483.75 551.22 0 38.73 263.74 0 616.28 26.25
38 4 0 611.24 23.74 0 478.76 548.76 0 124.88 397.53 0 36.21 261.25
39 4 0 612.27 26.27 0 38.74 262.08 0 478.74 548.99 0 629.89 371.05
40 3 0 611.24 21.27 0 38.72 256.27 0 126.24 393.77
41 4 0 476.25 548.70 0 608.75 26.29 0 124.97 395.02 0 38.71 259.99
42 4 0 474.72 546.29 0 606.25 23.75 0 41.26 258.75 0 123.76 391.26
43 7 0 608.77 21.24 0 44.99 253.77 0 125.12 387.95 0 476.24 543.73 0 213.66 558.77 0 534.83 193.22 0 476.25 545.88
44 4 0 44.33 253.74 0 473.73 543.74 0 606.06 21.10 0 125.03 386.41
45 4 0 46.22 253.76 0 606.23 22.25 0 126.11 386.29 0 473.73 543.75
46 3 0 605.20 22.23 0 125.00 387.51 0 47.53 253.79
47 4 0 605.83 26.42 0 125.01 387.51 0 49.57 257.81 0 524.92 277.52
48 3 0 603.76 26.38 0 470.00 547.48 0 48.76 258.76
49 3 0 603.75 26.29 0 469.98 547.10 0 51.28 256.27
50 3 0 463.74 543.77 0 598.74 26.21 0 50.01 253.75
