1 0
2 1 0 246.22 73.75
3 2 0 83.74 356.26 0 251.60 71.25
4 2 0 250.04 76.27 0 82.51 358.78
5 2 0 83.74 355.77 0 277.50 596.08
6 3 0 82.44 356.25 0 275.00 595.00 0 248.75 73.78
7 3 0 250.06 78.72 0 84.99 361.27 0 277.46 597.51
8 3 0 82.52 360.03 0 248.75 78.77 0 274.99 597.50
9 3 0 248.82 76.28 0 85.01 357.52 0 275.00 589.99
10 3 0 252.50 80.05 0 89.99 360.12 0 278.73 593.79
11 4 0 252.52 82.52 0 90.01 361.28 0 21.25 311.24 0 278.74 593.74
12 2 0 91.26 361.27 0 253.74 82.52
13 3 0 250.02 85.00 0 88.76 363.14 0 277.51 589.99
14 3 0 93.75 360.03 0 254.55 83.77 0 281.26 588.68
15 2 0 253.75 87.53 0 93.74 363.76
16 2 0 250.04 85.05 0 91.28 361.27
17 4 0 251.26 85.76 0 93.73 359.98 0 27.51 307.51 0 278.76 582.22
18 2 0 97.51 363.75 0 254.98 89.99
19 3 0 98.75 361.25 0 255.01 87.49 0 31.24 309.41
20 4 0 252.32 90.00 0 96.25 362.49 0 621.24 438.77 0 578.74 16.03
21 6 0 97.52 365.10 0 254.08 93.74 0 581.10 18.76 0 15.02 178.76 0 621.26 441.25 0 29.99 315.00
22 5 0 98.73 366.25 0 254.63 94.99 0 16.25 180.03 0 620.32 442.49 0 581.23 19.88
23 6 0 102.49 365.02 0 257.52 95.00 0 19.97 179.51 0 282.52 580.00 0 37.81 313.50 0 583.73 18.77
24 5 0 102.96 366.27 0 257.48 96.26 0 19.98 181.23 0 583.73 21.25 0 621.25 442.50
25 6 0 257.48 97.51 0 20.01 182.44 0 103.74 366.33 0 285.03 579.99 0 586.02 22.07 0 620.00 442.54
26 5 0 257.40 93.74 0 21.24 178.76 0 103.74 362.52 0 586.22 18.75 0 618.74 438.77
27 6 0 258.78 98.74 0 107.32 366.25 0 586.25 23.71 0 23.74 182.43 0 618.76 442.48 0 41.21 313.15
28 7 0 260.01 97.49 0 107.48 365.03 0 25.00 180.01 0 42.50 309.97 0 586.51 21.22 0 284.99 572.51 0 627.76 445.27
29 5 0 255.03 98.74 0 282.50 569.99 0 21.18 181.24 0 104.99 365.02 0 612.85 441.36
30 5 0 256.26 99.68 0 106.24 365.12 0 611.25 442.36 0 282.51 570.01 0 21.24 182.90
31 6 0 257.53 103.74 0 108.23 368.80 0 23.75 186.30 0 586.25 26.29 0 612.50 445.01 0 284.97 572.50
32 7 0 261.08 103.74 0 28.59 186.28 0 112.49 368.73 0 589.43 28.20 0 50.00 314.48 0 613.32 445.01 0 27.65 184.92
33 5 0 261.26 102.50 0 112.49 366.25 0 27.60 183.74 0 612.46 442.49 0 588.71 23.75
34 4 0 260.00 107.43 0 26.36 188.75 0 589.99 30.00 0 112.50 370.02
35 6 0 262.46 107.47 0 114.97 370.00 0 30.09 188.75 0 610.04 445.00 0 591.23 29.45 0 50.04 315.03
36 5 0 262.48 108.74 0 31.25 190.60 0 115.31 371.26 0 591.24 31.25 0 608.78 448.75
37 6 0 113.75 366.50 0 259.97 106.27 0 28.77 187.11 0 273.76 618.75 0 605.01 443.75 0 286.23 563.75
38 4 0 262.47 111.12 0 116.24 371.27 0 31.24 191.32 0 606.25 448.77
39 6 0 262.42 107.49 0 117.47 367.52 0 31.27 187.50 0 603.73 442.51 0 52.52 309.99 0 593.79 30.00
40 6 0 116.25 368.76 0 259.98 109.95 0 30.00 190.02 0 602.51 445.01 0 589.97 33.75 0 50.66 311.23
41 6 0 121.26 371.25 0 595.00 35.01 0 264.96 112.26 0 36.25 191.43 0 605.01 448.81 0 290.74 558.46
42 6 0 262.07 110.40 0 33.73 189.97 0 118.73 368.74 0 593.73 33.76 0 601.27 445.17 0 119.94 367.54
43 7 0 260.17 114.99 0 118.72 372.49 0 32.48 194.18 0 598.65 451.59 0 53.75 313.76 0 591.25 38.75 0 266.24 618.75
44 6 0 121.26 368.76 0 262.51 112.47 0 34.99 191.24 0 593.76 36.23 0 598.72 446.25 0 58.61 311.23
45 6 0 37.47 197.51 0 123.34 373.73 0 263.73 117.64 0 594.99 41.28 0 60.02 315.01 0 598.73 451.56
46 5 0 262.50 115.27 0 121.28 371.25 0 35.00 194.52 0 596.24 448.76 0 58.75 311.26
47 6 0 262.50 119.91 0 37.34 197.51 0 122.50 373.74 0 593.90 451.02 0 595.00 41.28 0 289.97 555.00
48 7 0 37.46 197.50 0 262.51 119.98 0 123.72 373.74 0 594.99 41.26 0 60.00 313.87 0 261.24 616.23 0 593.76 450.29
49 5 0 267.50 122.51 0 41.64 199.97 0 597.40 452.50 0 128.74 374.96 0 598.74 43.75
50 5 0 130.00 372.50 0 42.55 197.50 0 267.62 120.01 0 597.42 449.99 0 601.24 41.25
