1 0
2 0
3 1 0 521.28 343.21
4 1 0 542.38 426.27
5 0
6 0
7 1 0 522.50 427.48
8 1 0 148.79 373.71
9 0
10 1 0 266.45 521.24
11 0
12 1 0 275.85 518.71
13 0
14 0
15 0
16 1 0 146.07 619.99
17 1 0 156.26 616.24
18 1 0 155.00 610.42
19 0
20 0
21 1 0 626.14 583.68
22 2 0 613.75 586.55 0 161.28 602.88
23 1 0 608.75 578.77
24 4 0 603.77 578.75 0 165.55 589.77 0 268.39 521.26 0 198.66 366.26
25 2 0 608.75 580.11 0 178.78 590.23
26 1 0 601.25 581.27
27 4 0 595.59 568.77 0 623.74 421.25 0 178.75 573.76 0 16.46 23.74
28 4 0 586.26 570.00 0 176.26 573.74 0 12.49 29.73 0 616.26 421.27
29 5 0 591.23 573.75 0 253.77 303.75 0 277.16 526.23 0 41.34 277.53 0 125.92 365.03
30 4 0 189.98 572.51 0 583.74 572.25 0 20.01 46.25 0 602.50 109.85
31 4 0 269.89 518.75 0 576.26 561.28 0 187.50 557.52 0 247.36 296.26
32 3 0 190.00 562.47 0 603.67 412.51 0 572.13 568.84
33 3 0 573.77 562.47 0 253.77 302.57 0 278.71 524.72
34 2 0 568.75 561.31 0 201.25 551.25
35 3 0 564.98 558.74 0 205.01 546.28 0 598.73 397.50
36 2 0 551.22 557.48 0 197.82 543.74
37 4 0 547.45 556.25 0 201.26 540.01 0 581.25 393.74 0 146.28 378.76
38 3 0 203.75 531.26 0 542.51 549.27 0 246.23 297.88
39 3 0 537.22 547.50 0 246.12 297.89 0 206.27 526.92
40 2 0 541.24 543.74 0 218.35 523.75
41 4 0 533.75 551.26 0 571.24 383.75 0 218.03 528.75 0 217.59 526.82
42 4 0 526.33 548.53 0 217.49 522.75 0 563.78 379.03 0 341.01 450.01
43 5 0 520.10 538.76 0 332.51 443.75 0 218.75 511.24 0 558.73 368.74 0 23.73 98.76
44 3 0 519.99 534.80 0 223.76 505.36 0 332.51 442.54
45 3 0 517.83 542.38 0 229.99 509.99 0 252.41 306.27
46 4 0 514.47 531.93 0 232.88 497.52 0 326.22 442.58 0 554.98 357.50
47 4 0 512.51 532.51 0 237.37 496.24 0 277.49 521.27 0 554.97 357.50
48 4 0 499.97 527.51 0 231.24 491.26 0 541.26 351.25 0 541.25 353.76
49 3 0 501.26 533.75 0 41.27 278.76 0 252.60 303.79
50 3 0 498.76 529.98 0 243.76 488.77 0 541.26 349.98
