1 0
2 1 0 361.28 28.75
3 2 0 353.74 31.24 0 586.87 43.76
4 1 0 353.74 31.24
5 1 0 358.73 23.75
6 1 0 353.75 26.29
7 1 0 361.53 28.75
8 1 0 363.77 31.24
9 1 0 361.27 33.74
10 1 0 361.24 31.25
11 1 0 356.24 38.74
12 2 0 358.79 31.21 0 361.13 31.23
13 1 0 358.74 31.25
14 1 0 353.75 38.74
15 2 0 353.75 36.24 0 456.25 386.28
16 2 0 453.76 389.99 0 353.76 38.77
17 3 0 356.23 46.24 0 313.74 602.52 0 92.54 18.74
18 2 0 358.75 36.24 0 19.99 469.16
19 1 0 363.75 43.77
20 1 0 356.24 38.75
21 1 0 353.74 47.47
22 1 0 362.51 43.75
23 2 0 353.75 48.77 0 16.24 468.78
24 1 0 353.75 43.76
25 4 0 453.76 388.75 0 281.26 223.65 0 353.66 47.25 0 351.84 48.27
26 1 0 356.24 43.76
27 4 0 352.78 51.25 0 46.30 11.27 0 16.26 466.32 0 13.78 466.29
28 1 0 361.25 53.73
29 3 0 356.25 46.25 0 317.52 123.87 0 20.03 456.69
30 1 0 361.26 53.73
31 2 0 13.76 370.01 0 353.75 56.25
32 3 0 22.50 364.98 0 362.00 52.26 0 27.49 458.77
33 2 0 16.25 361.26 0 356.27 51.25
34 3 0 20.31 360.00 0 358.74 51.27 0 23.73 453.78
35 3 0 21.24 360.01 0 358.74 53.72 0 23.72 451.27
36 2 0 21.26 369.75 0 358.73 63.74
37 2 0 18.76 360.57 0 353.75 56.25
38 3 0 18.75 361.28 0 353.75 58.75 0 456.25 386.27
39 3 0 27.50 358.76 0 27.50 450.00 0 361.26 58.75
40 3 0 23.72 357.49 0 356.24 56.26 0 23.74 446.26
41 2 0 361.27 58.75 0 29.97 358.93
42 2 0 25.00 366.24 0 353.84 68.69
43 3 0 25.00 357.51 0 353.76 61.26 0 23.69 445.01
44 3 0 29.99 356.24 0 358.72 61.26 0 27.50 442.48
45 4 0 31.24 356.23 0 30.02 442.51 0 358.79 62.46 0 162.51 34.97
46 2 0 34.97 362.48 0 361.27 70.15
47 2 0 358.73 73.76 0 31.22 365.01
48 2 0 28.74 362.51 0 353.74 73.76
49 2 0 34.97 354.24 0 360.03 66.27
50 2 0 356.26 76.25 0 33.75 363.74
