1 0
2 0
3 1 0 312.45 66.26
4 1 0 313.75 67.56
5 1 0 313.77 68.73
6 1 0 313.75 71.25
7 2 0 313.77 71.23 0 314.53 72.52
8 1 0 315.15 73.53
9 1 0 316.25 73.77
10 1 0 317.51 75.03
11 1 0 317.29 77.41
12 1 0 316.24 78.73
13 1 0 316.51 78.75
14 2 0 318.73 81.24 0 623.75 456.24
15 2 0 318.69 81.25 0 622.91 453.73
16 2 0 318.73 82.88 0 621.26 452.51
17 2 0 621.07 451.26 0 318.73 83.73
18 2 0 620.72 450.00 0 321.24 86.24
19 2 0 621.24 448.77 0 321.25 86.26
20 1 0 321.27 88.76
21 2 0 322.53 90.00 0 618.75 446.27
22 2 0 322.50 91.26 0 618.76 444.97
23 2 0 322.50 92.50 0 618.74 443.72
24 2 0 322.66 92.60 0 618.75 441.68
25 2 0 323.75 93.77 0 323.76 96.24
26 2 0 323.75 96.26 0 618.77 438.73
27 2 0 616.24 437.45 0 323.75 96.28
28 1 0 325.01 98.86
29 2 0 325.00 99.99 0 616.28 434.95
30 3 0 326.26 101.25 0 613.84 433.75 0 616.24 433.77
31 2 0 326.26 101.27 0 621.27 273.76
32 1 0 613.74 431.25
33 2 0 612.51 430.02 0 326.23 106.25
34 3 0 613.27 427.49 0 618.76 273.78 0 328.74 106.25
35 2 0 611.25 427.44 0 328.74 108.50
36 3 0 328.76 108.74 0 611.26 426.24 0 616.26 273.77
37 3 0 328.78 109.46 0 613.75 273.76 0 610.01 423.75
38 3 0 330.07 111.24 0 608.95 423.74 0 612.77 273.79
39 3 0 611.26 273.77 0 609.98 421.25 0 330.16 111.23
40 2 0 329.98 113.79 0 608.75 421.28
41 2 0 331.25 115.09 0 608.77 419.89
42 2 0 330.66 116.20 0 608.75 276.25
43 2 0 331.85 117.49 0 605.00 275.01
44 3 0 605.00 275.03 0 332.50 118.76 0 606.22 416.26
45 3 0 603.76 275.03 0 333.44 121.26 0 606.20 413.78
46 3 0 603.74 412.51 0 333.75 121.27 0 601.28 275.93
47 3 0 604.98 411.48 0 333.74 122.51 0 601.27 276.24
48 3 0 603.77 410.01 0 333.74 123.77 0 597.50 277.47
49 3 0 597.50 275.05 0 602.49 408.75 0 333.75 125.02
50 2 0 595.00 275.05 0 602.50 409.97
