1 0
2 5 0 597.49 62.46 0 538.76 108.74 0 168.75 426.26 0 576.25 398.76 0 20.00 405.01
3 6 0 595.00 61.23 0 467.49 562.50 0 536.26 108.72 0 573.57 397.52 0 168.76 423.77 0 20.01 405.01
4 4 0 586.22 62.50 0 526.25 111.23 0 163.75 423.75 0 458.75 563.75
5 4 0 584.97 62.51 0 526.23 108.84 0 165.00 421.24 0 458.60 562.53
6 3 0 582.47 68.74 0 523.75 116.25 0 165.05 426.28
7 4 0 589.97 66.53 0 532.50 115.02 0 176.26 423.74 0 461.25 568.75
8 4 0 580.00 68.83 0 521.26 118.02 0 307.50 89.99 0 558.72 401.75
9 6 0 586.25 63.72 0 316.26 84.03 0 566.25 395.00 0 177.26 418.76 0 458.77 564.38 0 528.27 112.42
10 5 0 582.39 71.25 0 28.53 570.01 0 176.25 423.75 0 526.20 121.24 0 532.49 108.67
11 7 0 575.06 62.61 0 517.71 113.73 0 172.53 413.75 0 621.26 391.27 0 311.26 84.44 0 448.77 563.76 0 556.27 393.74
12 6 0 578.76 72.52 0 450.07 572.50 0 521.26 121.26 0 317.51 92.50 0 558.75 398.75 0 176.64 421.26
13 4 0 172.49 412.51 0 570.05 66.28 0 513.76 116.26 0 442.51 565.02
14 8 0 572.42 72.50 0 514.73 123.76 0 317.49 92.51 0 443.77 572.55 0 619.99 190.07 0 620.00 396.18 0 176.25 418.75 0 555.02 397.50
15 4 0 570.01 63.75 0 442.51 564.31 0 513.75 113.76 0 178.63 408.76
16 4 0 566.25 71.26 0 510.00 122.50 0 437.51 572.51 0 176.26 413.74
17 5 0 571.24 72.60 0 514.99 123.76 0 443.64 573.75 0 185.32 413.75 0 621.25 391.28
18 6 0 566.31 73.75 0 511.25 125.03 0 548.81 395.05 0 618.75 393.75 0 438.74 573.76 0 182.46 413.73
19 5 0 565.00 65.07 0 183.74 403.75 0 509.95 116.26 0 437.50 564.99 0 618.76 380.67
20 4 0 567.47 72.49 0 188.74 409.99 0 441.27 571.50 0 513.75 123.75
21 7 0 507.48 117.51 0 562.51 65.02 0 434.99 563.83 0 187.47 401.25 0 616.26 378.75 0 330.09 88.77 0 330.24 86.68
22 7 0 557.24 74.92 0 502.49 126.24 0 612.51 387.52 0 183.74 408.76 0 428.76 573.75 0 538.75 391.25 0 326.23 96.26
23 5 0 557.47 66.25 0 186.25 398.74 0 430.00 565.02 0 501.32 118.78 0 58.42 11.48
24 7 0 555.01 76.26 0 501.25 128.76 0 188.74 406.26 0 58.76 21.24 0 538.76 391.25 0 612.50 383.57 0 428.75 576.25
25 6 0 553.72 67.50 0 188.74 396.54 0 58.94 13.74 0 610.05 372.53 0 498.75 121.26 0 426.25 565.01
26 5 0 552.48 67.48 0 190.53 396.25 0 497.53 121.21 0 426.25 563.75 0 61.49 15.23
27 5 0 547.49 73.75 0 418.75 571.24 0 58.74 23.70 0 188.74 401.24 0 493.75 126.23
28 7 0 549.98 77.49 0 532.52 390.01 0 495.02 131.24 0 193.76 403.74 0 610.00 378.78 0 423.73 573.76 0 66.27 27.49
29 4 0 553.74 73.76 0 498.74 126.25 0 427.51 571.16 0 71.19 23.72
30 7 0 542.51 76.26 0 489.30 131.23 0 191.23 398.76 0 416.28 573.73 0 526.27 386.22 0 603.75 373.75 0 63.70 26.28
31 9 0 541.24 76.26 0 602.49 370.09 0 63.75 26.28 0 488.76 129.15 0 192.98 394.94 0 191.25 396.09 0 486.52 129.25 0 413.75 572.49 0 524.97 386.27
32 4 0 197.99 397.51 0 491.25 133.77 0 543.72 79.93 0 70.01 31.24
33 6 0 546.24 77.50 0 492.51 131.25 0 76.02 30.00 0 608.91 370.01 0 202.49 393.70 0 418.75 573.78
34 4 0 539.99 70.25 0 491.25 13.74 0 411.27 566.25 0 486.24 124.44
35 7 0 533.76 78.75 0 481.25 133.82 0 406.25 573.74 0 196.25 391.25 0 71.23 33.75 0 486.24 23.12 0 347.51 99.98
36 6 0 541.85 76.27 0 490.00 131.25 0 526.25 379.11 0 206.24 386.28 0 496.23 21.26 0 413.75 571.24
37 8 0 531.25 75.01 0 478.73 129.99 0 403.50 570.01 0 198.73 383.75 0 486.03 21.27 0 516.23 376.26 0 71.26 30.04 0 597.83 361.28
38 5 0 529.62 76.25 0 402.51 569.97 0 477.51 131.26 0 483.75 23.73 0 198.74 383.75
39 10 0 537.50 80.00 0 491.27 28.75 0 82.49 37.50 0 603.75 362.49 0 522.50 380.01 0 484.97 134.96 0 408.77 573.76 0 208.81 386.25 0 361.27 103.76 0 377.23 58.83
40 6 0 534.92 81.23 0 491.22 31.25 0 406.24 573.75 0 211.23 386.26 0 483.74 136.29 0 82.48 38.75
41 8 0 525.01 82.53 0 510.00 380.02 0 473.75 138.76 0 203.75 383.74 0 398.71 576.27 0 593.75 361.26 0 356.29 103.75 0 77.48 38.77
42 9 0 532.50 81.04 0 602.50 357.49 0 405.01 572.51 0 213.75 381.27 0 489.11 31.26 0 86.24 38.74 0 481.26 136.25 0 516.25 376.26 0 366.18 100.27
43 9 0 521.25 77.52 0 507.49 372.50 0 394.99 570.00 0 469.96 133.75 0 78.70 37.52 0 481.25 28.75 0 358.73 101.29 0 206.24 376.27 0 591.26 351.24
44 9 0 525.00 85.03 0 85.01 44.99 0 486.11 37.51 0 597.49 357.50 0 473.76 141.24 0 212.76 381.21 0 397.57 576.27 0 511.24 378.76 0 33.79 16.31
45 7 0 526.26 77.51 0 486.26 31.25 0 597.49 348.75 0 474.22 132.48 0 216.23 372.33 0 369.97 99.30 0 511.26 369.82
46 7 0 517.85 77.50 0 210.00 370.34 0 82.49 37.51 0 468.37 133.64 0 391.22 566.26 0 478.72 31.24 0 478.73 33.48
47 8 0 515.00 79.99 0 477.49 35.01 0 210.00 372.40 0 82.50 42.26 0 387.50 568.81 0 465.16 134.43 0 501.26 368.78 0 587.51 347.44
48 10 0 522.50 82.47 0 508.75 371.25 0 395.02 571.28 0 597.50 349.30 0 220.00 373.81 0 486.24 38.77 0 93.75 46.06 0 473.16 138.77 0 471.26 138.76 0 572.65 181.76
49 6 0 521.00 81.32 0 485.01 38.76 0 220.60 369.33 0 393.76 568.75 0 471.22 136.26 0 93.63 44.98
50 5 0 509.99 86.25 0 474.99 45.00 0 212.51 372.58 0 459.32 141.30 0 382.95 573.75
