1 0
2 1 0 588.74 518.76
3 2 0 582.49 515.00 0 338.76 86.26
4 2 0 575.65 514.48 0 334.71 88.70
5 3 0 21.26 198.60 0 572.50 523.76 0 332.50 101.24
6 5 0 25.00 197.47 0 566.28 524.99 0 20.00 77.50 0 35.02 21.27 0 328.77 106.24
7 5 0 556.26 524.97 0 25.00 195.03 0 18.74 81.27 0 33.76 23.75 0 321.23 107.45
8 5 0 555.14 516.23 0 33.75 184.92 0 321.26 103.64 0 27.49 75.02 0 42.52 18.75
9 5 0 39.99 182.54 0 551.25 517.46 0 318.72 107.67 0 48.76 18.82 0 33.74 77.57
10 5 0 547.48 517.50 0 45.00 181.25 0 316.21 111.23 0 37.52 81.28 0 51.90 22.76
11 5 0 539.98 526.45 0 46.27 189.98 0 308.75 123.77 0 53.75 35.00 0 38.69 91.64
12 5 0 532.42 526.24 0 49.99 187.52 0 56.25 37.17 0 303.74 126.26 0 41.40 96.22
13 5 0 60.00 179.40 0 307.48 123.76 0 533.75 521.09 0 66.49 33.75 0 52.52 91.05
14 5 0 56.19 178.75 0 518.74 521.26 0 61.24 38.74 0 293.73 128.77 0 519.98 522.20
15 5 0 66.25 172.50 0 519.98 517.48 0 71.23 36.26 0 296.96 128.79 0 58.75 93.74
16 5 0 513.75 517.49 0 69.96 171.16 0 291.26 131.71 0 61.25 96.26 0 74.19 39.16
17 5 0 503.74 523.74 0 69.96 175.01 0 283.75 142.62 0 73.76 48.75 0 61.25 103.74
18 5 0 508.73 521.27 0 84.96 172.48 0 290.10 143.74 0 76.24 106.29 0 86.39 51.08
19 5 0 83.75 166.23 0 497.49 517.50 0 281.26 143.74 0 84.80 48.77 0 73.77 103.74
20 5 0 83.75 168.78 0 488.76 521.23 0 75.00 109.84 0 83.77 56.37 0 273.74 151.31
21 5 0 492.50 517.53 0 97.50 164.95 0 96.28 58.76 0 88.77 110.00 0 278.74 153.74
22 5 0 276.25 161.26 0 487.50 523.41 0 93.65 117.51 0 101.23 66.27 0 102.49 168.73
23 7 0 268.74 158.77 0 480.02 515.90 0 103.73 158.75 0 101.27 61.27 0 83.40 38.02 0 104.98 159.97 0 96.25 113.76
24 5 0 476.52 516.25 0 111.23 158.77 0 268.74 162.33 0 108.65 66.32 0 101.24 117.50
25 4 0 468.74 523.75 0 107.48 78.75 0 261.25 173.74 0 112.46 165.73
26 5 0 467.47 517.50 0 121.28 158.74 0 116.24 76.24 0 111.22 126.24 0 263.60 173.73
27 6 0 461.40 515.00 0 125.05 153.76 0 118.73 77.51 0 258.76 173.74 0 113.85 125.90 0 476.29 583.37
28 4 0 448.80 513.76 0 113.78 81.24 0 122.52 151.23 0 248.72 177.47
29 5 0 126.25 156.25 0 443.74 518.76 0 117.50 91.26 0 243.73 186.29 0 114.99 137.14
30 4 0 437.52 514.98 0 131.30 151.26 0 119.96 91.26 0 238.72 188.73
31 8 0 442.51 512.93 0 133.74 93.75 0 246.24 190.04 0 133.62 138.78 0 146.23 148.77 0 482.49 566.04 0 132.77 94.98 0 144.77 147.98
32 6 0 149.99 147.67 0 437.51 512.51 0 242.51 195.00 0 136.25 98.74 0 138.41 141.99 0 483.72 561.36
33 7 0 422.51 512.59 0 145.08 148.43 0 228.31 200.75 0 474.99 558.72 0 132.82 146.26 0 131.27 105.83 0 130.08 103.79
34 7 0 418.76 513.74 0 150.13 148.66 0 226.25 206.26 0 133.76 109.75 0 366.26 626.24 0 476.17 556.27 0 138.78 150.32
35 6 0 413.74 512.22 0 154.96 144.98 0 477.50 550.00 0 361.65 624.64 0 222.53 208.74 0 136.26 111.23
36 6 0 411.26 513.75 0 161.28 146.22 0 359.16 626.25 0 142.94 118.75 0 221.24 213.74 0 149.38 157.49
37 5 0 169.16 134.98 0 408.78 502.49 0 147.50 113.94 0 357.45 616.25 0 221.26 208.73
38 6 0 403.71 501.26 0 173.74 133.74 0 148.79 117.50 0 351.24 615.96 0 216.62 213.70 0 161.37 153.83
39 6 0 396.26 510.01 0 176.25 141.28 0 151.23 132.76 0 345.00 623.75 0 162.62 165.01 0 211.26 226.23
40 6 0 179.99 139.77 0 391.10 507.53 0 338.80 622.00 0 206.28 228.74 0 166.26 168.76 0 153.56 136.27
41 5 0 393.74 501.24 0 211.39 228.74 0 192.38 132.55 0 341.24 614.35 0 162.55 133.90
42 6 0 189.99 136.10 0 381.25 505.02 0 329.99 618.78 0 201.28 236.30 0 157.85 143.74 0 176.27 173.77
43 5 0 373.75 500.03 0 321.27 613.74 0 195.00 235.02 0 191.25 129.99 0 158.72 143.74
44 7 0 377.53 501.26 0 204.99 131.46 0 168.75 151.25 0 326.22 614.36 0 198.73 242.52 0 325.35 615.76 0 189.99 178.74
45 6 0 211.25 126.24 0 197.49 242.51 0 321.79 608.78 0 373.85 495.07 0 173.73 151.24 0 196.28 173.73
46 7 0 363.75 499.95 0 210.01 130.00 0 188.75 251.26 0 170.78 161.36 0 311.29 613.73 0 493.76 501.27 0 196.05 183.74
47 7 0 308.75 602.44 0 360.02 487.49 0 186.26 245.03 0 173.75 156.25 0 216.23 118.72 0 215.00 117.63 0 201.23 176.26
48 6 0 357.51 487.49 0 306.27 601.23 0 223.72 117.51 0 186.25 250.09 0 178.74 161.30 0 208.75 181.27
49 7 0 351.22 493.74 0 226.01 124.98 0 298.75 607.39 0 180.00 262.48 0 211.23 191.26 0 177.97 173.94 0 498.75 486.25
50 6 0 342.43 483.74 0 226.24 115.02 0 290.06 597.52 0 209.99 186.29 0 176.27 171.25 0 172.08 258.75
