1 0
2 1 0 393.66 497.46
3 1 0 392.49 496.27
4 3 0 391.22 496.25 0 392.50 495.01 0 115.01 218.73
5 3 0 391.27 495.01 0 115.01 219.00 0 433.75 563.76
6 3 0 391.25 494.55 0 115.01 219.99 0 435.01 562.51
7 3 0 389.99 493.75 0 115.22 220.01 0 435.00 562.51
8 3 0 389.99 492.50 0 117.47 220.93 0 436.28 561.24
9 3 0 389.97 491.29 0 433.97 558.75 0 116.26 221.25
10 4 0 387.48 490.02 0 435.00 557.50 0 116.45 223.74 0 620.01 30.00
11 2 0 387.49 490.01 0 434.99 557.50
12 4 0 387.49 488.75 0 17.43 228.76 0 435.55 557.49 0 118.74 226.25
13 4 0 17.47 228.88 0 386.26 487.51 0 435.00 555.03 0 121.26 226.78
14 4 0 17.97 230.00 0 385.00 486.30 0 122.39 227.51 0 437.47 554.60
15 4 0 20.00 230.18 0 384.96 485.03 0 437.49 549.97 0 121.62 228.25
16 5 0 384.95 484.99 0 19.99 232.49 0 624.23 356.67 0 122.51 230.00 0 435.38 551.23
17 5 0 383.73 483.75 0 623.52 356.26 0 21.39 232.96 0 437.48 549.99 0 122.53 230.00
18 5 0 382.49 482.51 0 22.51 233.76 0 437.49 547.49 0 622.50 355.05 0 124.99 229.99
19 4 0 382.49 482.48 0 22.50 234.97 0 621.25 354.20 0 437.51 547.50
20 4 0 620.00 353.74 0 381.27 481.29 0 24.97 235.00 0 437.49 547.38
21 4 0 381.10 479.97 0 620.00 352.48 0 25.01 235.95 0 126.25 233.75
22 5 0 26.25 236.28 0 380.00 478.85 0 618.76 352.24 0 621.23 388.74 0 128.74 233.73
23 5 0 380.00 477.51 0 617.53 350.95 0 27.48 237.50 0 620.67 388.75 0 128.77 235.01
24 6 0 378.77 477.49 0 28.74 238.43 0 618.76 388.75 0 616.41 349.99 0 130.00 237.47 0 325.40 622.55
25 7 0 378.75 476.26 0 29.95 238.76 0 615.02 349.79 0 130.00 237.50 0 323.76 621.23 0 618.74 388.76 0 442.57 539.97
26 9 0 377.50 474.99 0 615.02 347.49 0 29.98 239.99 0 323.76 620.00 0 130.02 237.50 0 616.28 388.75 0 203.76 623.71 0 441.26 538.85 0 438.48 538.37
27 7 0 377.53 474.95 0 613.72 347.49 0 31.23 241.32 0 323.74 618.77 0 616.25 388.75 0 623.71 98.75 0 201.27 622.10
28 8 0 612.50 346.29 0 32.50 241.43 0 621.24 98.74 0 376.26 472.47 0 201.26 621.23 0 614.88 390.01 0 322.50 618.76 0 132.50 241.27
29 9 0 613.75 390.01 0 612.10 345.20 0 620.48 98.74 0 201.25 620.86 0 33.74 242.51 0 375.03 472.45 0 132.51 242.50 0 321.30 616.27 0 441.27 533.75
30 9 0 34.10 242.58 0 610.03 344.95 0 375.00 471.26 0 612.51 391.23 0 618.76 98.75 0 442.52 532.50 0 132.55 242.52 0 321.27 616.26 0 201.23 618.76
31 9 0 34.98 243.76 0 610.01 343.76 0 373.74 469.98 0 611.25 391.23 0 618.76 98.75 0 442.50 532.50 0 75.01 52.47 0 198.77 618.76 0 133.74 243.76
32 8 0 608.80 342.49 0 373.75 470.01 0 36.25 245.06 0 610.56 391.25 0 616.26 98.76 0 442.54 532.43 0 321.27 613.77 0 198.74 618.73
33 9 0 608.74 391.23 0 37.45 245.02 0 372.50 467.50 0 607.51 342.51 0 198.74 616.27 0 442.52 530.03 0 616.25 98.76 0 136.28 246.22 0 614.47 98.76
34 9 0 37.51 246.27 0 607.51 341.21 0 372.51 467.50 0 613.74 98.75 0 198.75 616.24 0 318.76 611.25 0 607.93 391.24 0 442.47 529.69 0 35.05 35.06
35 9 0 371.24 466.26 0 605.04 340.02 0 38.75 246.56 0 318.71 609.99 0 196.25 613.73 0 612.52 98.76 0 606.24 391.26 0 197.41 615.01 0 39.97 247.53
36 9 0 604.97 340.01 0 196.25 613.75 0 611.25 98.76 0 40.01 247.51 0 318.73 608.76 0 371.25 464.97 0 442.51 524.99 0 606.22 391.26 0 138.75 246.23
37 9 0 603.75 338.75 0 610.00 98.93 0 41.25 248.73 0 196.22 611.44 0 370.02 464.86 0 442.53 525.00 0 139.99 248.78 0 603.89 391.66 0 318.72 608.75
38 9 0 42.21 249.98 0 602.48 337.51 0 369.84 463.53 0 194.99 611.26 0 608.74 98.76 0 442.54 522.53 0 317.49 606.26 0 603.76 393.77 0 141.25 248.76
39 10 0 368.78 462.49 0 42.50 250.00 0 602.40 337.49 0 193.73 611.23 0 316.29 605.02 0 602.20 393.74 0 442.52 522.51 0 608.36 98.77 0 606.54 98.78 0 141.24 248.79
40 8 0 43.74 250.18 0 601.26 393.77 0 606.25 98.76 0 368.21 461.98 0 601.24 336.09 0 317.48 605.02 0 193.75 608.75 0 442.53 522.50
41 7 0 367.50 460.03 0 44.99 252.48 0 316.23 603.78 0 606.19 98.74 0 600.00 334.97 0 193.76 608.74 0 599.26 393.75
42 9 0 46.26 252.51 0 603.76 99.99 0 367.45 460.01 0 598.73 393.80 0 316.16 601.23 0 598.85 334.96 0 192.49 607.51 0 444.02 517.52 0 143.74 253.72
43 9 0 597.62 333.75 0 366.25 458.74 0 47.51 253.24 0 603.75 100.48 0 597.50 395.00 0 313.74 601.26 0 445.01 517.50 0 192.50 606.32 0 146.24 253.75
44 9 0 365.02 457.50 0 597.49 332.50 0 601.26 100.01 0 596.23 395.80 0 47.55 254.96 0 444.94 515.10 0 191.24 606.25 0 313.76 598.77 0 146.23 253.75
45 8 0 596.23 331.73 0 364.98 457.50 0 191.24 603.78 0 48.97 255.00 0 595.10 396.26 0 313.78 598.76 0 444.94 514.99 0 599.97 99.98
46 8 0 595.00 330.06 0 364.97 455.89 0 598.73 101.25 0 593.74 396.25 0 189.53 603.77 0 50.02 256.26 0 313.77 597.50 0 443.75 513.78
47 9 0 594.98 330.01 0 363.73 454.98 0 50.02 256.28 0 597.48 101.26 0 189.88 602.50 0 593.74 396.26 0 313.77 596.25 0 148.75 256.28 0 443.78 511.25
48 10 0 593.75 329.99 0 51.83 257.49 0 362.51 453.73 0 188.75 601.26 0 596.23 101.25 0 591.25 396.25 0 443.74 510.00 0 150.00 258.73 0 311.22 595.61 0 313.15 595.03
49 9 0 362.48 452.49 0 52.50 257.50 0 590.15 396.26 0 596.22 101.25 0 188.74 601.28 0 592.48 328.73 0 445.03 510.02 0 311.26 593.77 0 151.01 258.75
50 10 0 362.48 452.51 0 52.61 259.42 0 593.75 101.25 0 589.95 396.25 0 592.44 327.50 0 445.03 507.48 0 311.24 593.75 0 151.23 259.98 0 188.76 598.81 0 187.50 600.01
