1 0
2 1 0 343.74 558.76
3 0
4 1 0 146.26 38.75
5 2 0 343.74 556.04 0 534.80 573.34
6 2 0 343.74 553.76 0 143.74 36.24
7 3 0 597.50 286.22 0 343.58 556.26 0 143.75 41.23
8 3 0 143.75 41.25 0 343.74 556.26 0 596.30 286.24
9 3 0 347.43 551.24 0 598.36 282.46 0 148.76 38.75
10 3 0 346.25 549.98 0 597.50 282.51 0 146.25 38.75
11 3 0 146.22 41.26 0 594.99 282.53 0 343.72 548.74
12 3 0 347.48 550.01 0 597.49 282.50 0 150.01 41.36
13 4 0 151.25 43.77 0 347.49 549.47 0 597.49 282.51 0 457.75 601.76
14 4 0 346.26 546.29 0 148.76 41.67 0 593.74 281.24 0 593.72 279.14
15 3 0 591.24 281.24 0 146.31 45.35 0 343.73 546.53
16 2 0 151.23 45.02 0 346.25 544.05
17 3 0 148.77 45.01 0 591.21 277.77 0 346.24 543.74
18 4 0 19.94 398.74 0 348.72 546.27 0 593.74 281.27 0 153.74 48.78
19 4 0 588.75 277.51 0 18.75 393.79 0 150.05 46.28 0 343.73 541.27
20 5 0 20.32 397.60 0 153.75 51.27 0 548.78 278.64 0 346.26 546.27 0 591.22 281.28
21 4 0 21.27 396.24 0 589.98 281.29 0 346.26 543.76 0 153.76 52.51
22 3 0 150.00 52.50 0 18.75 393.76 0 343.74 541.25
23 2 0 151.23 51.25 0 19.99 391.25
24 4 0 348.72 538.76 0 588.77 277.51 0 155.01 53.75 0 26.25 393.64
25 6 0 347.51 540.01 0 271.23 623.75 0 586.32 278.75 0 26.25 394.97 0 153.75 56.42 0 548.74 278.73
26 5 0 343.74 538.75 0 22.30 393.76 0 267.49 621.25 0 582.08 277.50 0 151.24 56.28
27 5 0 268.75 618.75 0 343.74 533.75 0 22.58 389.74 0 581.25 273.74 0 151.26 56.26
28 4 0 268.75 616.27 0 26.26 388.73 0 343.75 532.65 0 581.26 273.75
29 5 0 266.24 618.75 0 24.25 391.23 0 342.99 533.74 0 151.22 58.75 0 579.91 274.33
30 5 0 347.50 533.45 0 31.23 391.25 0 158.72 60.00 0 271.25 618.75 0 583.72 274.88
31 6 0 26.25 388.77 0 343.73 531.26 0 578.75 273.80 0 153.75 58.77 0 24.98 389.85 0 266.25 616.29
32 7 0 28.76 386.29 0 621.24 451.25 0 578.75 271.23 0 343.73 528.77 0 155.00 58.75 0 266.24 613.78 0 29.43 385.00
33 7 0 28.75 386.26 0 618.74 451.26 0 155.01 60.01 0 266.25 611.28 0 578.74 271.21 0 438.72 621.35 0 343.73 528.77
34 5 0 33.74 388.72 0 268.74 613.75 0 347.52 530.01 0 621.25 453.86 0 549.98 277.52
35 5 0 438.73 621.24 0 342.75 526.26 0 30.00 385.21 0 156.26 61.23 0 616.50 451.38
36 8 0 34.79 386.27 0 268.74 610.02 0 443.75 621.25 0 346.36 526.28 0 578.77 271.15 0 158.73 63.74 0 621.26 455.99 0 621.26 454.05
37 7 0 438.73 621.26 0 341.25 526.26 0 573.76 271.27 0 31.22 386.25 0 156.24 66.26 0 613.75 456.26 0 263.44 611.23
38 7 0 573.75 268.75 0 32.48 383.77 0 263.73 608.77 0 341.42 523.78 0 614.85 454.22 0 156.25 66.27 0 616.24 455.01
39 7 0 346.26 523.75 0 446.12 618.75 0 618.73 456.27 0 37.49 384.74 0 268.73 608.77 0 161.24 66.19 0 576.27 268.76
40 6 0 37.38 387.49 0 443.76 621.25 0 616.26 461.22 0 266.25 608.76 0 346.24 526.26 0 573.77 271.21
41 7 0 38.76 382.47 0 268.75 606.23 0 162.49 68.92 0 346.24 522.19 0 446.27 616.26 0 616.25 456.28 0 573.75 267.58
42 6 0 267.49 605.37 0 162.49 69.76 0 346.27 521.25 0 446.27 616.27 0 573.73 267.51 0 40.02 382.21
43 7 0 611.25 461.28 0 570.05 269.95 0 38.73 386.25 0 343.74 523.71 0 443.82 618.76 0 265.14 607.63 0 158.71 73.75
44 7 0 611.24 461.26 0 443.74 616.27 0 38.44 383.76 0 158.72 73.83 0 568.78 268.84 0 263.65 606.27 0 343.73 521.27
45 6 0 444.99 612.49 0 41.25 378.75 0 343.73 516.25 0 263.74 601.23 0 611.25 458.74 0 568.77 263.75
46 8 0 38.75 381.23 0 443.76 613.75 0 341.24 518.75 0 606.25 461.25 0 158.71 73.79 0 565.64 266.30 0 261.26 602.54 0 556.25 251.23
47 7 0 448.74 611.25 0 609.99 460.01 0 163.77 74.30 0 46.22 378.75 0 346.26 516.24 0 568.78 263.74 0 265.35 599.90
48 7 0 263.75 598.75 0 343.74 513.74 0 446.25 608.75 0 608.74 458.76 0 161.56 73.76 0 43.75 378.71 0 626.23 18.65
49 6 0 444.26 611.22 0 41.25 378.76 0 341.25 516.22 0 258.79 598.75 0 605.22 462.32 0 563.80 266.34
50 8 0 43.74 376.26 0 261.23 596.26 0 603.76 461.27 0 161.26 76.25 0 341.25 511.24 0 563.71 261.31 0 446.23 608.74 0 446.23 606.54
