1 0
2 3 0 626.28 561.50 0 121.27 183.75 0 68.76 521.26
3 3 0 625.48 569.52 0 118.76 193.74 0 120.91 193.73
4 2 0 113.74 191.23 0 618.76 566.26
5 1 0 116.25 186.25
6 2 0 118.75 186.26 0 621.27 557.49
7 2 0 114.98 196.25 0 616.25 566.21
8 4 0 613.76 559.72 0 473.75 546.29 0 471.21 546.30 0 113.73 191.25
9 4 0 616.25 565.96 0 615.00 565.02 0 473.77 551.25 0 118.71 198.76
10 3 0 123.74 198.74 0 621.25 561.45 0 481.25 548.86
11 2 0 613.76 563.75 0 118.69 201.27
12 2 0 620.00 557.46 0 125.01 197.50
13 4 0 608.85 556.23 0 116.24 197.51 0 469.89 542.49 0 21.25 410.00
14 4 0 118.75 196.24 0 471.15 539.33 0 609.20 552.56 0 21.29 406.22
15 4 0 117.49 201.46 0 608.78 556.26 0 467.42 543.23 0 23.47 410.09
16 5 0 616.26 558.75 0 126.25 205.00 0 476.23 546.22 0 33.72 412.51 0 476.25 543.71
17 2 0 608.76 558.02 0 468.71 546.27
18 2 0 606.27 551.25 0 118.73 201.25
19 1 0 128.75 205.13
20 3 0 123.76 202.45 0 609.85 546.27 0 469.41 533.39
21 2 0 608.74 546.28 0 124.96 202.53
22 4 0 611.28 548.75 0 129.32 206.34 0 473.86 536.28 0 129.80 208.73
23 4 0 602.51 548.81 0 121.25 208.77 0 461.25 536.27 0 30.01 405.01
24 4 0 122.50 205.00 0 602.44 543.76 0 463.73 533.75 0 621.24 218.76
25 4 0 606.21 543.73 0 466.27 531.25 0 128.75 206.25 0 38.73 398.75
26 4 0 603.74 541.54 0 621.24 218.75 0 126.25 206.27 0 463.75 528.76
27 4 0 123.75 210.90 0 459.98 532.49 0 598.73 543.71 0 616.29 223.16
28 4 0 461.20 530.01 0 598.82 541.81 0 616.27 221.27 0 126.23 209.78
29 5 0 37.49 403.96 0 123.75 216.25 0 456.94 533.75 0 597.71 546.24 0 612.55 226.27
30 4 0 125.00 212.49 0 598.68 541.27 0 456.81 528.76 0 612.51 221.20
31 3 0 596.23 541.24 0 124.98 213.77 0 611.21 223.74
32 3 0 603.74 539.15 0 133.74 213.75 0 463.73 526.23
33 6 0 460.00 525.00 0 131.24 213.76 0 598.74 537.57 0 172.54 558.06 0 613.76 221.21 0 63.70 486.23
34 5 0 593.75 540.00 0 126.23 218.75 0 42.50 397.49 0 453.74 528.74 0 608.76 226.25
35 5 0 128.76 216.27 0 596.22 536.25 0 456.26 523.76 0 608.78 223.73 0 48.75 393.78
36 4 0 52.52 402.50 0 134.14 226.28 0 136.24 226.29 0 598.76 543.69
37 4 0 128.75 221.03 0 451.25 525.94 0 592.64 536.24 0 606.11 223.73
38 4 0 596.49 542.37 0 133.76 228.73 0 458.74 531.25 0 610.18 230.84
39 4 0 597.47 542.04 0 136.28 228.75 0 610.50 233.74 0 458.76 529.96
40 4 0 131.27 230.00 0 591.24 541.28 0 603.77 233.76 0 603.81 222.46
41 3 0 130.01 226.36 0 587.52 536.29 0 448.78 526.27
42 5 0 587.53 536.26 0 130.01 228.13 0 598.71 229.99 0 446.27 523.90 0 448.76 525.11
43 4 0 586.92 532.49 0 131.26 226.29 0 446.25 521.26 0 597.48 228.43
44 5 0 586.76 538.62 0 598.74 233.75 0 446.30 526.25 0 448.24 526.27 0 133.74 233.74
45 4 0 593.77 536.24 0 453.74 523.77 0 141.24 233.76 0 603.75 231.25
46 4 0 452.53 523.75 0 602.50 234.99 0 141.25 233.76 0 593.74 536.25
47 3 0 452.48 515.01 0 141.24 228.74 0 591.23 526.31
48 3 0 443.72 518.76 0 582.51 530.03 0 133.75 233.75
49 4 0 443.75 522.60 0 136.26 238.75 0 583.75 533.74 0 593.75 236.24
50 5 0 581.25 531.26 0 441.24 518.77 0 133.74 237.03 0 590.81 233.80 0 58.76 391.25
