1 0
2 0
3 0
4 0
5 0
6 1 0 321.49 530.12
7 1 0 323.76 532.51
8 0
9 0
10 0
11 2 0 98.77 76.26 0 621.25 233.77
12 2 0 620.00 234.13 0 100.00 77.48
13 2 0 621.01 233.78 0 99.96 77.50
14 1 0 102.12 78.80
15 1 0 618.78 234.97
16 2 0 618.75 237.32 0 333.76 532.71
17 2 0 106.26 81.30 0 618.80 237.50
18 2 0 616.26 238.75 0 103.75 81.26
19 2 0 338.75 532.49 0 618.77 241.66
20 0
21 2 0 341.21 532.50 0 613.54 241.23
22 2 0 612.65 243.76 0 343.59 531.23
23 2 0 612.51 244.98 0 343.74 531.26
24 2 0 612.50 245.03 0 346.24 533.47
25 1 0 347.49 532.50
26 1 0 347.39 532.77
27 1 0 348.73 532.49
28 2 0 349.98 532.49 0 610.01 248.73
29 1 0 351.22 531.35
30 3 0 351.23 532.41 0 116.11 90.00 0 608.75 250.04
31 1 0 353.74 532.84
32 1 0 353.74 533.75
33 2 0 356.07 533.51 0 608.73 253.77
34 1 0 357.50 532.50
35 2 0 122.51 92.50 0 358.72 533.83
36 2 0 359.73 531.28 0 117.95 635.79
37 1 0 361.25 532.41
38 2 0 362.50 532.50 0 602.58 258.68
39 2 0 363.76 532.51 0 602.52 260.01
40 2 0 364.99 532.52 0 602.54 260.01
41 1 0 366.24 533.74
42 2 0 368.69 533.53 0 366.38 533.74
43 1 0 368.76 532.49
44 2 0 371.24 533.75 0 596.24 263.63
45 2 0 371.26 532.60 0 597.49 266.28
46 2 0 372.40 533.73 0 597.47 267.50
47 3 0 373.75 532.51 0 595.00 267.49 0 136.28 99.06
48 2 0 595.02 269.22 0 373.75 533.68
49 3 0 595.02 269.34 0 376.25 533.76 0 375.03 532.91
50 3 0 377.21 533.74 0 594.99 269.98 0 138.75 103.75
