1 0
2 1 0 122.51 269.98
3 3 0 123.77 271.22 0 476.26 373.73 0 93.75 363.75
4 3 0 476.25 371.38 0 93.74 362.52 0 124.99 271.29
5 3 0 476.25 371.26 0 93.75 361.27 0 126.25 272.49
6 4 0 476.24 368.75 0 128.77 273.78 0 127.50 272.97 0 93.76 358.75
7 3 0 476.24 366.25 0 129.56 273.76 0 93.74 358.74
8 3 0 131.27 275.03 0 475.02 363.79 0 93.74 356.26
9 3 0 473.73 362.51 0 133.74 276.24 0 96.26 353.74
10 3 0 473.75 361.26 0 134.26 277.50 0 96.25 351.23
11 4 0 473.64 358.76 0 136.24 278.58 0 135.01 277.50 0 96.25 351.21
12 4 0 473.75 356.27 0 137.52 278.76 0 96.26 348.75 0 472.48 357.46
13 4 0 139.72 279.97 0 472.50 353.81 0 96.25 346.26 0 18.75 401.25
14 4 0 141.26 281.30 0 472.50 352.52 0 21.24 401.26 0 96.32 343.75
15 4 0 471.24 350.69 0 142.50 282.49 0 97.27 343.75 0 22.64 401.23
16 4 0 471.24 348.76 0 143.74 282.49 0 98.64 341.27 0 23.76 399.77
17 4 0 470.00 346.29 0 146.25 283.75 0 26.25 398.75 0 98.74 338.76
18 5 0 147.49 285.01 0 468.76 344.83 0 622.50 458.76 0 28.74 398.74 0 98.72 336.28
19 6 0 468.73 342.48 0 148.90 286.01 0 621.25 457.48 0 31.23 398.74 0 98.73 333.95 0 97.88 335.04
20 5 0 468.74 341.26 0 149.99 286.25 0 620.01 456.26 0 98.75 333.76 0 31.24 398.74
21 5 0 468.75 338.76 0 618.75 453.75 0 33.76 398.03 0 152.49 287.48 0 98.77 331.25
22 6 0 467.49 337.52 0 36.24 396.56 0 153.74 288.75 0 617.51 452.50 0 98.75 328.78 0 377.56 621.27
23 6 0 467.48 333.74 0 155.03 288.76 0 616.28 451.25 0 37.62 396.27 0 98.76 328.75 0 378.75 618.84
24 6 0 466.27 332.49 0 615.03 450.00 0 157.45 290.02 0 101.24 326.24 0 378.76 618.54 0 38.87 396.24
25 6 0 158.76 291.26 0 466.24 331.24 0 41.25 396.24 0 100.00 323.77 0 614.55 447.51 0 378.76 616.26
26 6 0 612.51 446.43 0 45.00 394.97 0 465.31 328.73 0 101.25 321.92 0 380.00 613.74 0 160.02 291.30
27 6 0 611.57 445.07 0 161.26 292.50 0 46.22 393.77 0 465.01 326.26 0 381.25 612.49 0 101.24 318.81
28 7 0 163.74 293.75 0 610.09 443.75 0 101.25 318.75 0 463.72 323.75 0 48.73 393.81 0 381.25 611.24 0 46.46 393.81
29 6 0 608.79 442.17 0 463.73 322.51 0 48.76 394.98 0 165.00 294.93 0 101.26 316.28 0 383.73 609.99
30 6 0 462.67 321.29 0 51.25 393.75 0 607.51 440.81 0 166.23 296.27 0 383.72 606.27 0 103.72 313.77
31 6 0 462.89 318.75 0 53.75 393.77 0 168.47 296.26 0 606.26 438.76 0 101.27 313.77 0 383.73 606.29
32 6 0 605.10 437.49 0 462.51 316.24 0 169.99 297.51 0 103.74 311.26 0 386.25 603.77 0 56.25 393.75
33 7 0 604.95 436.23 0 171.44 298.75 0 462.48 314.26 0 387.49 602.50 0 103.74 308.76 0 58.75 391.23 0 58.75 393.12
34 6 0 172.96 298.76 0 602.51 435.03 0 461.86 312.49 0 103.75 307.26 0 388.73 601.24 0 61.23 391.26
35 6 0 461.25 309.99 0 601.25 433.74 0 174.95 300.01 0 388.74 598.74 0 61.24 391.26 0 103.74 306.25
36 6 0 460.04 308.76 0 176.44 301.26 0 388.74 596.26 0 62.64 391.26 0 599.98 431.25 0 103.74 301.99
37 6 0 460.00 306.27 0 177.54 301.85 0 598.75 430.01 0 389.98 594.51 0 103.74 301.25 0 66.26 391.24
38 6 0 596.26 428.74 0 67.48 390.02 0 103.74 298.77 0 391.24 593.76 0 180.00 303.28 0 458.73 305.14
39 6 0 181.25 303.73 0 596.25 427.38 0 68.74 389.99 0 458.75 302.49 0 391.24 591.24 0 103.74 298.75
40 6 0 458.74 301.24 0 182.50 304.99 0 595.01 425.72 0 106.24 296.26 0 71.88 388.76 0 391.26 588.74
41 6 0 458.75 298.76 0 593.75 423.73 0 73.75 388.76 0 185.00 305.54 0 106.25 293.78 0 393.74 587.63
42 6 0 592.48 422.51 0 185.94 306.28 0 76.25 388.71 0 393.74 586.27 0 457.53 296.28 0 106.25 291.26
43 6 0 590.17 421.27 0 187.48 307.52 0 77.56 387.22 0 457.25 293.74 0 395.03 583.75 0 106.25 291.26
44 6 0 189.97 308.52 0 589.99 420.01 0 456.46 292.48 0 78.75 386.26 0 396.25 582.35 0 106.25 288.78
45 6 0 191.24 309.63 0 456.25 290.01 0 81.25 386.26 0 588.19 418.74 0 397.49 580.00 0 106.25 286.24
46 6 0 83.74 386.26 0 587.36 417.48 0 396.26 578.76 0 192.49 310.00 0 456.26 288.73 0 106.24 285.01
47 6 0 194.98 310.79 0 107.50 282.51 0 86.12 386.27 0 585.05 416.25 0 455.04 286.25 0 398.74 578.76
48 7 0 195.05 311.25 0 583.76 414.26 0 108.75 281.28 0 454.96 283.76 0 88.52 385.00 0 399.45 576.29 0 584.99 415.00
49 6 0 197.47 312.51 0 453.76 283.07 0 88.75 383.74 0 582.16 411.50 0 401.25 573.79 0 108.75 278.74
50 6 0 581.25 411.25 0 198.71 313.75 0 108.71 276.27 0 453.75 280.96 0 402.50 572.49 0 91.26 383.74
