1 0
2 2 0 60.01 396.46 0 451.26 608.77
3 4 0 271.24 518.75 0 63.68 393.75 0 448.74 606.28 0 447.48 605.69
4 3 0 446.24 601.27 0 66.24 388.74 0 273.77 516.24
5 3 0 444.37 596.26 0 68.74 383.74 0 277.54 511.22
6 2 0 282.50 509.96 0 443.74 591.25
7 4 0 284.98 507.50 0 441.26 587.46 0 622.53 335.01 0 73.77 376.26
8 4 0 77.48 372.49 0 438.74 583.75 0 617.48 337.33 0 290.28 503.73
9 4 0 613.75 338.75 0 437.50 578.75 0 293.76 501.25 0 81.25 368.74
10 5 0 608.76 341.24 0 84.42 364.98 0 298.76 498.74 0 434.19 574.17 0 21.25 463.72
11 4 0 433.75 570.01 0 603.75 343.70 0 301.26 496.25 0 87.19 359.47
12 3 0 431.24 566.25 0 600.06 343.77 0 303.74 493.76
13 4 0 428.74 561.30 0 595.01 346.27 0 307.50 490.00 0 33.74 463.74
14 3 0 427.50 557.50 0 591.20 348.08 0 541.93 621.26
15 7 0 586.25 350.01 0 540.02 617.51 0 426.25 553.74 0 18.75 281.27 0 315.28 485.03 0 101.26 343.75 0 610.05 333.39
16 7 0 581.24 351.29 0 423.74 548.76 0 101.26 339.99 0 538.74 613.75 0 21.26 278.73 0 48.78 466.26 0 321.26 481.28
17 8 0 576.77 353.77 0 26.25 276.40 0 536.25 608.76 0 421.20 543.84 0 107.96 336.26 0 420.09 545.02 0 53.76 466.25 0 323.76 478.76
18 6 0 571.27 355.03 0 418.74 538.91 0 30.00 274.99 0 532.51 604.99 0 109.98 332.51 0 58.73 466.26
19 7 0 566.81 357.50 0 331.26 474.99 0 531.25 601.26 0 417.64 533.76 0 114.99 330.00 0 33.49 273.06 0 63.71 467.92
20 5 0 562.50 360.00 0 416.25 531.27 0 37.51 270.02 0 526.53 596.00 0 68.35 467.53
21 7 0 557.49 361.26 0 340.01 467.52 0 413.76 526.24 0 42.52 268.63 0 71.17 468.43 0 526.18 591.23 0 121.29 322.49
22 6 0 553.75 362.51 0 522.41 587.58 0 412.48 522.57 0 125.01 317.51 0 341.26 466.38 0 46.23 266.30
23 8 0 548.74 365.00 0 410.94 518.76 0 520.00 583.75 0 51.25 263.74 0 82.52 467.52 0 128.74 313.76 0 346.78 461.26 0 517.49 530.56
24 7 0 517.49 578.76 0 543.83 366.26 0 351.22 460.83 0 408.76 513.76 0 86.24 469.21 0 544.79 367.45 0 53.76 261.25
25 7 0 539.94 368.74 0 406.20 509.08 0 515.07 574.48 0 58.93 259.98 0 91.10 470.12 0 353.76 458.75 0 136.25 308.75
26 7 0 535.00 370.03 0 403.75 505.01 0 513.00 570.00 0 96.26 471.08 0 63.74 256.28 0 358.73 453.75 0 141.22 306.29
27 6 0 530.00 372.49 0 402.38 501.30 0 509.94 566.24 0 362.50 452.50 0 68.83 253.77 0 143.75 301.31
28 6 0 525.05 373.75 0 507.50 562.47 0 400.00 497.48 0 366.23 449.99 0 71.22 253.73 0 106.30 469.86
29 6 0 398.74 492.52 0 520.01 375.49 0 371.26 446.26 0 503.76 557.59 0 75.22 250.34 0 108.53 471.24
30 5 0 516.23 377.51 0 502.52 553.78 0 396.24 487.50 0 113.77 471.25 0 372.98 443.74
31 5 0 511.24 379.96 0 499.99 548.76 0 395.00 482.47 0 378.74 441.27 0 118.70 473.74
32 6 0 506.25 381.21 0 381.24 438.74 0 391.24 478.74 0 497.48 545.10 0 165.01 285.01 0 37.47 612.46
33 7 0 502.49 382.92 0 390.01 474.99 0 494.04 541.26 0 168.74 282.50 0 131.04 473.76 0 383.76 436.24 0 92.51 243.63
34 7 0 388.74 471.21 0 492.53 536.25 0 497.52 384.98 0 133.74 474.07 0 172.49 281.25 0 388.36 431.18 0 388.71 432.80
35 8 0 492.50 387.51 0 386.25 466.26 0 488.80 531.25 0 623.70 501.24 0 393.71 430.38 0 176.29 276.26 0 204.91 79.54 0 138.51 473.63
36 6 0 488.77 388.76 0 396.23 426.30 0 384.99 461.26 0 181.26 273.75 0 618.76 498.71 0 487.75 526.29
37 5 0 483.73 389.99 0 484.99 523.75 0 382.88 458.09 0 613.75 496.27 0 401.27 423.74
38 7 0 381.16 453.72 0 478.73 392.52 0 610.00 493.70 0 482.46 518.88 0 190.42 268.74 0 403.74 421.30 0 113.75 229.97
39 9 0 475.02 393.80 0 378.76 448.75 0 157.51 477.45 0 604.98 491.90 0 195.01 267.52 0 117.49 227.57 0 479.33 513.81 0 408.76 418.76 0 513.76 298.75
40 7 0 469.99 396.23 0 478.71 510.03 0 162.51 477.49 0 411.28 416.25 0 376.54 444.97 0 601.25 488.74 0 121.27 226.28
41 8 0 464.99 397.51 0 475.01 506.29 0 375.52 439.99 0 414.20 413.76 0 202.49 260.68 0 596.27 486.25 0 596.25 488.74 0 416.30 413.80
42 7 0 459.99 399.96 0 418.75 411.25 0 372.47 435.36 0 472.50 501.73 0 206.26 258.75 0 591.24 483.75 0 610.04 499.32
43 7 0 371.24 431.25 0 456.25 401.28 0 469.99 497.48 0 587.49 482.29 0 133.84 218.79 0 211.24 256.57 0 423.72 408.74
44 7 0 451.26 402.71 0 467.47 493.73 0 368.77 426.26 0 583.74 478.76 0 138.75 216.26 0 426.21 405.02 0 218.34 254.15
45 7 0 446.42 405.01 0 578.76 478.76 0 465.01 490.01 0 367.78 422.46 0 430.94 401.73 0 221.23 253.78 0 186.23 481.23
46 7 0 442.50 406.30 0 462.50 485.03 0 146.27 213.75 0 365.00 417.55 0 226.25 251.24 0 573.75 475.03 0 433.94 398.55
47 6 0 437.51 408.78 0 363.75 413.74 0 459.99 481.24 0 569.07 473.74 0 438.44 395.95 0 151.20 211.09
48 6 0 432.63 411.23 0 361.26 408.76 0 442.65 393.77 0 458.61 476.26 0 565.28 471.23 0 155.07 208.75
49 6 0 428.73 412.55 0 446.25 391.24 0 158.73 206.31 0 358.70 405.18 0 453.75 471.24 0 561.26 468.88
50 6 0 423.75 414.03 0 448.75 388.74 0 453.74 468.72 0 357.47 401.27 0 164.99 204.99 0 556.25 466.29
