1 0
2 4 0 453.75 566.29 0 530.01 301.20 0 256.25 617.48 0 496.26 297.49
3 3 0 453.97 562.48 0 258.76 613.76 0 528.76 298.76
4 2 0 450.01 563.75 0 521.27 303.75
5 5 0 443.74 557.50 0 513.73 301.27 0 252.50 612.49 0 486.26 303.74 0 486.23 117.51
6 7 0 451.26 558.75 0 493.75 308.67 0 492.50 122.51 0 263.73 613.76 0 518.75 303.73 0 494.99 307.66 0 301.24 81.31
7 6 0 451.26 556.16 0 490.01 122.50 0 267.48 612.48 0 517.32 303.76 0 493.74 310.67 0 302.00 82.43
8 6 0 448.80 546.26 0 267.49 602.50 0 493.75 305.68 0 299.98 77.49 0 513.82 296.27 0 486.24 116.25
9 8 0 448.76 543.74 0 270.00 602.51 0 493.76 307.48 0 485.02 117.49 0 626.24 426.17 0 301.32 81.29 0 511.28 297.34 0 513.18 297.51
10 7 0 448.78 549.86 0 493.71 317.87 0 511.26 306.29 0 623.73 433.75 0 483.75 125.01 0 271.26 608.76 0 273.61 608.76
11 7 0 444.98 547.52 0 491.26 322.27 0 273.75 608.76 0 620.01 433.77 0 478.73 128.79 0 503.70 306.23 0 505.61 306.31
12 8 0 486.24 316.24 0 498.75 298.75 0 471.24 122.50 0 441.24 537.47 0 299.63 90.01 0 269.97 598.76 0 131.30 596.28 0 613.76 423.75
13 6 0 438.74 536.27 0 467.51 123.74 0 493.74 301.31 0 486.25 318.76 0 296.25 92.06 0 271.24 601.24
14 7 0 441.27 531.26 0 277.56 596.24 0 300.00 92.49 0 470.00 122.51 0 611.25 419.58 0 488.74 318.83 0 496.28 298.75
15 7 0 483.74 328.80 0 434.98 536.26 0 275.35 601.33 0 463.74 129.78 0 605.43 426.25 0 606.24 423.73 0 298.74 100.61
16 8 0 445.00 529.99 0 612.94 421.23 0 493.64 327.05 0 496.26 302.31 0 288.74 596.81 0 181.86 13.71 0 306.24 98.73 0 469.94 128.79
17 7 0 442.49 532.50 0 288.78 601.26 0 492.96 307.45 0 492.49 333.78 0 181.25 21.28 0 467.53 132.50 0 609.98 423.75
18 7 0 483.75 336.25 0 433.74 529.99 0 481.25 306.30 0 281.27 598.75 0 456.25 133.74 0 296.26 106.30 0 173.50 22.95
19 8 0 437.48 521.25 0 489.22 331.27 0 483.76 300.04 0 290.02 591.24 0 181.25 18.74 0 45.84 29.29 0 602.51 413.75 0 461.24 126.25
20 7 0 431.24 525.01 0 483.57 341.27 0 477.49 307.52 0 595.00 418.74 0 286.25 596.27 0 176.26 26.25 0 298.75 113.76
21 8 0 431.24 523.20 0 483.35 343.74 0 290.00 597.49 0 473.75 307.90 0 300.01 116.43 0 593.74 418.76 0 176.27 28.74 0 450.00 136.26
22 7 0 434.99 523.75 0 597.50 420.01 0 488.75 348.74 0 477.51 311.25 0 448.75 21.74 0 296.28 598.71 0 453.75 141.25
23 9 0 443.78 13.74 0 486.23 341.28 0 432.50 512.49 0 448.74 133.77 0 298.74 586.28 0 473.75 301.28 0 183.71 26.24 0 93.76 466.27 0 471.97 301.26
24 8 0 429.98 510.00 0 484.95 343.74 0 299.31 586.26 0 443.72 16.26 0 468.77 301.29 0 186.68 28.74 0 446.25 133.76 0 93.77 466.31
25 7 0 428.75 517.47 0 483.74 356.22 0 301.24 595.00 0 586.30 416.25 0 466.25 311.35 0 466.53 313.15 0 443.75 143.76
26 9 0 424.99 510.00 0 300.00 589.77 0 433.76 23.73 0 438.72 141.24 0 461.25 306.27 0 481.26 353.78 0 300.01 124.97 0 183.73 38.62 0 583.10 410.15
27 9 0 186.26 43.75 0 458.82 311.24 0 433.78 29.95 0 482.51 358.75 0 425.00 511.50 0 581.25 412.49 0 301.25 130.00 0 616.33 301.28 0 438.71 146.25
28 9 0 423.73 503.74 0 481.25 356.09 0 187.50 37.50 0 435.00 141.19 0 456.25 306.25 0 578.78 405.33 0 306.26 583.74 0 433.76 26.28 0 34.99 442.52
29 7 0 427.50 508.74 0 437.49 35.00 0 437.49 149.97 0 486.24 366.21 0 96.25 478.34 0 194.47 48.56 0 583.73 411.33
30 10 0 423.74 507.40 0 483.75 368.76 0 433.75 34.92 0 576.33 411.24 0 191.25 48.79 0 313.75 591.17 0 433.74 151.25 0 454.52 313.02 0 611.25 303.74 0 456.21 311.56
31 9 0 428.75 501.23 0 437.50 35.01 0 437.49 147.60 0 488.78 366.26 0 201.25 50.05 0 321.32 586.19 0 581.24 406.25 0 457.49 311.27 0 4.07 502.38
32 8 0 427.49 497.48 0 488.75 366.26 0 201.25 48.76 0 436.24 147.50 0 323.65 579.99 0 436.29 33.74 0 578.76 402.42 0 613.32 298.75
33 9 0 425.01 499.99 0 452.51 315.00 0 326.23 583.75 0 487.46 373.76 0 608.75 303.09 0 202.52 56.20 0 433.74 39.37 0 576.26 406.29 0 98.76 474.93
34 11 0 422.36 490.01 0 202.54 48.77 0 572.50 397.52 0 429.99 33.79 0 448.78 306.25 0 486.21 368.75 0 96.33 466.36 0 3.54 497.53 0 323.73 576.26 0 606.23 293.76 0 485.05 367.48
35 9 0 197.41 58.75 0 414.81 494.99 0 563.74 403.74 0 438.73 313.79 0 418.75 153.78 0 596.24 300.49 0 478.74 378.74 0 423.29 43.67 0 322.49 581.34
36 10 0 412.50 487.49 0 436.25 308.83 0 478.73 376.01 0 561.76 398.26 0 418.76 149.58 0 197.71 53.75 0 323.77 576.28 0 593.74 297.57 0 421.27 38.75 0 421.24 40.47
37 9 0 415.02 482.72 0 437.49 307.50 0 562.50 395.00 0 330.01 572.50 0 481.28 376.27 0 418.80 148.77 0 202.50 53.74 0 593.75 293.75 0 421.26 38.76
38 10 0 417.56 490.00 0 563.75 401.28 0 426.25 48.76 0 421.15 157.49 0 485.00 386.19 0 336.25 578.78 0 208.76 66.25 0 596.25 303.74 0 441.26 316.17 0 208.76 64.16
39 10 0 486.21 388.75 0 210.02 67.50 0 437.50 316.32 0 417.48 487.49 0 338.75 578.76 0 593.75 303.75 0 563.33 401.25 0 423.78 51.26 0 416.28 158.74 0 316.24 158.73
40 10 0 417.52 482.46 0 561.30 395.75 0 486.30 387.48 0 423.74 48.76 0 211.25 63.73 0 436.26 311.25 0 591.26 300.52 0 341.24 573.77 0 416.26 156.89 0 42.50 444.98
41 8 0 477.49 386.68 0 406.62 477.51 0 551.24 391.26 0 426.25 311.22 0 206.23 63.74 0 336.25 570.24 0 413.94 48.72 0 581.26 296.26
42 9 0 403.75 478.80 0 547.49 395.03 0 411.24 52.62 0 206.23 71.25 0 476.27 393.68 0 336.25 573.74 0 403.42 158.74 0 421.26 313.75 0 578.71 301.22
43 8 0 402.35 476.25 0 476.25 394.33 0 338.76 571.26 0 411.23 53.74 0 418.76 313.75 0 206.24 73.77 0 402.48 161.28 0 543.74 393.77
44 11 0 404.98 479.99 0 547.49 397.50 0 420.00 317.53 0 478.72 401.29 0 212.48 78.73 0 413.00 61.26 0 576.26 306.26 0 311.23 172.50 0 403.76 166.27 0 345.99 576.26 0 343.78 576.27
45 8 0 402.53 467.47 0 478.74 396.24 0 411.24 53.76 0 212.51 71.28 0 573.74 296.26 0 347.49 563.75 0 543.75 386.28 0 418.77 309.98
46 11 0 400.02 467.53 0 477.13 398.74 0 347.50 565.00 0 211.26 73.76 0 396.25 161.26 0 413.76 311.26 0 408.74 56.26 0 538.81 386.24 0 568.77 298.76 0 538.74 384.14 0 34.97 442.47
47 9 0 404.99 472.48 0 221.25 83.75 0 98.77 476.23 0 483.75 408.75 0 543.74 393.75 0 412.48 66.28 0 416.30 318.74 0 401.27 168.79 0 573.64 306.26
48 12 0 404.98 467.58 0 484.98 408.77 0 416.26 316.26 0 221.61 83.75 0 141.23 601.26 0 411.32 63.75 0 543.61 388.88 0 572.51 301.25 0 3.93 501.57 0 101.23 471.30 0 100.43 472.55 0 398.69 166.24
49 10 0 395.00 468.74 0 473.75 412.51 0 387.49 170.01 0 402.50 68.76 0 532.50 391.22 0 403.77 318.75 0 561.25 306.25 0 353.71 568.73 0 216.25 87.08 0 353.72 566.52
50 10 0 397.46 459.95 0 478.73 406.24 0 389.99 162.51 0 223.69 81.26 0 406.26 311.24 0 406.26 62.81 0 361.24 558.75 0 533.75 383.25 0 314.99 177.02 0 562.49 297.20
