1 0
2 1 0 306.26 86.26
3 2 0 541.26 190.19 0 307.58 91.12
4 2 0 534.96 195.01 0 301.24 96.26
5 2 0 528.75 198.76 0 296.26 98.75
6 2 0 527.46 202.26 0 293.74 102.93
7 2 0 525.02 203.76 0 292.50 102.50
8 3 0 522.42 207.49 0 286.24 106.31 0 506.26 16.28
9 4 0 281.25 106.26 0 516.24 208.77 0 515.22 207.52 0 506.24 18.76
10 3 0 278.74 113.76 0 512.56 215.07 0 503.74 28.75
11 3 0 510.32 216.25 0 276.26 116.23 0 506.50 31.25
12 3 0 271.23 121.26 0 504.98 222.49 0 503.74 38.75
13 4 0 268.74 123.77 0 501.25 226.25 0 503.73 43.76 0 502.18 224.98
14 3 0 497.51 223.81 0 264.99 123.76 0 501.25 43.78
15 3 0 261.25 131.27 0 493.74 233.77 0 501.24 53.73
16 3 0 488.76 235.01 0 256.17 134.99 0 498.63 58.75
17 3 0 486.25 238.76 0 253.74 138.76 0 498.75 63.75
18 3 0 482.50 242.51 0 498.75 68.75 0 251.25 142.51
19 5 0 481.26 243.75 0 20.00 234.29 0 248.77 143.76 0 498.74 71.26 0 498.75 73.61
20 5 0 246.22 148.76 0 23.74 233.76 0 477.43 248.74 0 626.25 228.72 0 498.76 77.49
21 6 0 28.75 233.75 0 242.50 153.74 0 621.25 231.25 0 496.26 83.76 0 473.73 253.66 0 472.46 252.53
22 6 0 238.74 153.76 0 468.74 252.46 0 616.24 231.21 0 496.26 83.76 0 33.64 228.72 0 31.54 228.76
23 5 0 613.75 233.76 0 38.72 229.08 0 237.47 159.50 0 466.26 257.47 0 496.27 91.24
24 5 0 460.05 258.75 0 232.49 161.25 0 41.25 226.27 0 606.25 233.78 0 492.51 93.72
25 5 0 456.26 266.27 0 45.01 229.23 0 231.20 171.25 0 601.31 241.26 0 491.23 103.74
26 6 0 228.74 171.26 0 490.28 107.51 0 51.26 225.02 0 599.97 240.03 0 454.99 266.43 0 456.12 267.49
27 7 0 593.74 245.07 0 449.83 273.75 0 454.60 624.97 0 488.76 113.74 0 226.22 178.76 0 54.26 226.28 0 54.97 227.41
28 6 0 591.23 243.76 0 452.18 619.98 0 223.74 180.02 0 60.00 222.50 0 488.77 116.25 0 447.42 272.88
29 5 0 442.51 275.73 0 63.76 220.06 0 221.25 183.53 0 585.42 246.25 0 447.39 614.99
30 7 0 68.74 221.25 0 218.77 188.74 0 581.57 250.01 0 443.74 615.45 0 438.75 281.26 0 486.24 126.25 0 202.29 180.60
31 7 0 573.75 250.01 0 70.00 218.75 0 482.42 130.01 0 212.73 191.24 0 434.99 608.88 0 432.58 283.75 0 598.19 230.03
32 5 0 74.23 216.99 0 210.00 196.25 0 568.76 253.41 0 428.74 286.25 0 431.28 606.12
33 6 0 427.51 602.49 0 78.74 216.25 0 424.99 290.02 0 478.46 140.01 0 563.73 254.71 0 206.27 201.22
34 6 0 422.51 602.38 0 420.03 295.93 0 81.29 217.72 0 477.07 146.26 0 558.80 258.75 0 205.01 206.91
35 6 0 421.59 595.00 0 418.76 296.25 0 90.03 212.51 0 477.48 148.92 0 557.52 257.57 0 206.20 208.75
36 6 0 420.00 595.01 0 96.26 213.75 0 478.73 156.25 0 417.41 301.25 0 206.23 216.25 0 556.26 263.64
37 6 0 198.73 218.77 0 410.54 590.95 0 546.26 263.75 0 96.26 211.27 0 408.74 305.03 0 471.24 161.24
38 6 0 410.01 590.48 0 103.74 213.74 0 408.74 311.22 0 546.24 268.76 0 201.25 226.30 0 473.77 166.24
39 6 0 403.76 315.00 0 404.99 587.47 0 106.85 212.50 0 538.74 271.26 0 471.22 173.47 0 197.46 231.26
40 6 0 533.74 273.75 0 398.72 316.84 0 108.75 210.29 0 193.74 235.64 0 398.75 582.51 0 468.75 176.26
41 7 0 398.75 580.00 0 398.74 321.26 0 531.45 276.25 0 118.73 209.20 0 196.26 241.23 0 469.99 181.36 0 196.26 239.34
42 6 0 528.76 276.25 0 395.00 575.01 0 123.74 206.27 0 195.01 243.75 0 395.24 321.85 0 468.73 183.75
43 7 0 391.24 573.50 0 391.25 326.26 0 193.74 248.76 0 524.99 278.77 0 467.48 190.03 0 127.51 206.25 0 392.50 572.79
44 7 0 387.48 571.22 0 387.47 331.25 0 131.76 206.24 0 463.73 196.24 0 191.16 253.75 0 519.87 282.52 0 2.60 259.05
45 6 0 379.99 567.06 0 511.24 283.76 0 131.82 203.76 0 379.92 333.73 0 186.25 258.75 0 458.72 198.80
46 7 0 375.18 564.97 0 456.26 206.24 0 137.50 203.74 0 376.25 338.74 0 506.96 286.25 0 185.74 263.75 0 184.93 264.99
47 7 0 376.27 338.75 0 458.75 208.76 0 188.74 266.28 0 146.24 201.25 0 375.09 558.90 0 507.43 286.24 0 515.14 165.02
48 5 0 371.25 557.51 0 148.74 201.26 0 186.26 273.75 0 372.49 345.06 0 501.25 291.26
49 5 0 493.40 291.25 0 363.93 346.19 0 150.68 196.36 0 181.26 276.25 0 363.74 553.75
50 6 0 491.25 291.26 0 363.75 346.30 0 157.48 194.09 0 361.45 546.78 0 183.01 278.74 0 448.73 218.78
