1 0
2 2 0 292.48 108.79 0 353.72 531.26
3 2 0 351.24 531.23 0 352.49 530.32
4 2 0 349.98 531.24 0 82.46 20.01
5 3 0 348.74 531.25 0 83.75 21.25 0 292.49 109.87
6 4 0 347.49 530.00 0 213.75 18.75 0 82.51 21.26 0 50.04 50.01
7 5 0 346.27 529.98 0 213.75 18.76 0 147.50 358.74 0 83.75 23.67 0 421.24 53.74
8 6 0 213.74 21.25 0 345.07 529.97 0 147.50 357.50 0 85.00 23.74 0 421.24 56.22 0 421.24 53.74
9 5 0 343.73 528.74 0 149.99 357.51 0 213.74 21.57 0 86.23 23.75 0 420.88 56.43
10 5 0 342.50 528.74 0 150.00 357.50 0 213.75 23.57 0 418.75 58.73 0 86.25 26.28
11 3 0 341.25 527.53 0 213.71 24.35 0 86.24 27.53
12 5 0 339.99 526.30 0 213.74 26.27 0 88.77 28.75 0 153.78 356.25 0 416.43 58.81
13 5 0 338.74 526.26 0 155.01 355.02 0 89.99 29.99 0 213.76 28.68 0 416.29 61.13
14 5 0 337.28 526.26 0 213.75 28.75 0 155.00 355.00 0 90.01 29.99 0 416.28 61.23
15 5 0 336.26 525.60 0 157.47 355.00 0 213.99 31.02 0 413.75 61.22 0 91.25 33.75
16 5 0 334.15 524.39 0 213.74 31.27 0 92.51 34.16 0 157.50 355.00 0 413.53 63.72
17 6 0 333.74 523.77 0 92.50 35.00 0 213.74 33.78 0 410.47 63.73 0 158.68 353.80 0 215.01 32.44
18 4 0 331.87 523.74 0 214.94 33.79 0 93.76 36.25 0 409.82 63.74
19 5 0 331.24 523.74 0 213.74 36.24 0 93.74 37.49 0 162.60 351.23 0 409.76 66.29
20 5 0 329.42 523.20 0 202.51 82.50 0 213.75 37.39 0 162.51 349.98 0 96.26 38.75
21 6 0 327.52 522.49 0 164.94 349.98 0 213.93 38.74 0 202.49 82.52 0 96.24 41.07 0 96.25 38.91
22 8 0 326.22 521.31 0 213.75 39.98 0 405.03 67.49 0 166.24 347.53 0 202.50 82.53 0 98.74 41.27 0 177.07 16.25 0 327.51 522.46
23 5 0 324.97 521.26 0 403.54 67.49 0 98.74 42.51 0 213.74 41.25 0 165.72 347.51
24 7 0 323.74 521.27 0 403.40 68.79 0 98.74 43.74 0 214.68 42.46 0 210.00 82.82 0 178.75 16.25 0 168.75 346.33
25 8 0 100.00 45.01 0 321.27 521.22 0 402.51 69.68 0 168.76 346.25 0 214.78 43.77 0 322.30 519.99 0 210.01 83.57 0 181.25 18.72
26 5 0 100.00 45.51 0 402.50 70.01 0 321.24 519.99 0 171.24 346.26 0 213.74 46.24
27 5 0 213.76 46.25 0 183.74 18.76 0 320.00 518.78 0 101.25 48.73 0 401.23 71.25
28 4 0 318.73 518.75 0 213.72 48.71 0 173.13 343.73 0 215.02 47.68
29 6 0 317.48 518.77 0 186.26 18.77 0 213.73 48.77 0 103.73 49.99 0 397.49 73.89 0 173.75 343.75
30 5 0 315.63 518.75 0 214.25 50.59 0 188.73 18.76 0 397.48 75.00 0 103.73 50.97
31 7 0 313.75 517.50 0 188.74 18.76 0 214.60 51.25 0 103.75 53.75 0 393.76 75.03 0 176.25 341.27 0 16.29 581.24
32 8 0 214.97 53.73 0 190.08 18.76 0 312.54 516.25 0 20.01 581.23 0 177.94 341.27 0 103.74 53.75 0 391.23 76.24 0 621.25 103.74
33 6 0 311.23 516.24 0 214.99 55.01 0 391.24 76.24 0 191.25 21.26 0 178.77 340.02 0 106.24 53.76
34 6 0 309.99 514.99 0 214.97 56.24 0 106.25 56.24 0 178.75 338.85 0 389.99 76.26 0 191.26 21.26
35 8 0 308.74 515.06 0 389.99 75.02 0 214.71 57.49 0 219.97 90.00 0 180.02 338.75 0 106.26 56.26 0 193.76 21.26 0 618.75 103.73
36 6 0 387.50 77.50 0 307.49 513.99 0 213.78 58.76 0 107.49 58.75 0 195.01 21.23 0 181.26 338.07
37 9 0 306.16 514.54 0 27.49 579.98 0 213.74 60.00 0 108.74 59.79 0 387.48 77.51 0 197.49 21.25 0 222.60 91.26 0 613.64 106.27 0 181.26 336.26
38 7 0 111.21 61.25 0 28.75 580.01 0 303.76 513.78 0 214.58 61.27 0 198.74 21.27 0 183.76 336.26 0 304.99 512.54
39 7 0 28.75 580.00 0 303.48 513.27 0 215.03 62.49 0 111.24 61.25 0 198.74 23.73 0 611.25 107.17 0 183.75 336.26
40 8 0 29.99 580.00 0 301.26 512.95 0 111.23 62.59 0 201.25 23.74 0 216.02 63.75 0 186.24 333.77 0 383.62 79.08 0 383.69 81.09
41 11 0 201.24 23.74 0 301.22 511.28 0 186.23 332.71 0 29.97 580.00 0 215.00 66.25 0 299.99 512.49 0 383.74 83.70 0 111.26 63.74 0 113.31 63.76 0 228.75 96.25 0 216.19 64.96
42 9 0 299.55 511.27 0 187.50 332.44 0 202.37 23.73 0 215.01 66.26 0 113.74 66.27 0 33.77 579.99 0 381.26 83.75 0 230.03 96.28 0 606.28 106.23
43 9 0 297.52 510.07 0 115.65 67.50 0 188.74 331.37 0 214.96 68.75 0 36.28 580.00 0 380.01 83.76 0 203.74 23.74 0 605.00 106.39 0 365.01 157.49
44 8 0 117.49 67.49 0 37.50 579.99 0 296.30 509.99 0 189.85 330.01 0 204.12 23.74 0 216.27 68.77 0 214.28 68.73 0 203.74 25.47
45 7 0 117.50 67.50 0 294.20 509.92 0 215.04 71.25 0 189.99 329.99 0 38.74 578.76 0 206.25 26.26 0 376.87 85.01
46 7 0 293.71 510.00 0 117.50 70.00 0 215.00 72.52 0 208.74 26.26 0 191.23 328.76 0 38.73 578.74 0 376.28 85.01
47 7 0 292.51 508.70 0 208.75 26.26 0 117.50 71.27 0 213.91 73.76 0 41.28 578.75 0 236.32 100.00 0 376.26 88.75
48 8 0 291.26 507.82 0 210.01 27.51 0 215.00 74.98 0 237.51 101.19 0 42.48 578.75 0 372.50 89.38 0 118.72 73.76 0 193.74 326.26
49 8 0 289.80 507.49 0 212.29 27.52 0 214.60 76.25 0 195.01 325.00 0 44.97 578.74 0 118.74 73.74 0 372.52 89.36 0 597.50 106.30
50 7 0 212.51 27.50 0 196.21 323.76 0 371.27 90.00 0 46.23 578.75 0 288.76 507.27 0 121.26 74.98 0 215.18 77.50
