1 0
2 1 0 610.13 61.28
3 1 0 601.26 63.45
4 1 0 606.94 62.25
5 1 0 601.55 70.49
6 1 0 596.25 61.91
7 1 0 593.72 61.33
8 1 0 592.36 71.26
9 1 0 595.00 70.02
10 1 0 588.73 61.26
11 1 0 583.73 62.49
12 1 0 578.75 66.27
13 1 0 576.30 66.26
14 1 0 577.51 62.48
15 1 0 575.04 71.25
16 1 0 577.48 71.10
17 1 0 577.24 67.47
18 1 0 568.76 62.49
19 1 0 572.53 67.49
20 1 0 559.98 67.34
21 1 0 561.02 72.47
22 2 0 557.46 72.52 0 162.51 69.99
23 1 0 561.27 63.75
24 1 0 558.75 71.22
25 1 0 553.75 63.74
26 1 0 550.04 73.75
27 1 0 552.50 66.28
28 1 0 541.24 72.47
29 1 0 546.25 72.49
30 1 0 543.74 71.52
31 1 0 538.75 63.75
32 1 0 530.05 67.51
33 1 0 528.76 66.26
34 1 0 526.25 67.50
35 1 0 523.76 70.01
36 1 0 520.39 70.01
37 1 0 527.50 71.30
38 2 0 518.75 73.94 0 519.98 75.01
39 1 0 522.50 67.44
40 2 0 518.74 73.77 0 403.74 18.76
41 1 0 508.74 67.50
42 1 0 509.49 65.26
43 2 0 508.75 75.02 0 492.51 522.51
44 2 0 509.74 66.21 0 107.51 276.85
45 2 0 500.45 66.26 0 98.80 276.25
46 1 0 506.24 72.85
47 1 0 493.82 73.76
48 1 0 502.31 71.25
49 1 0 494.97 76.26
50 1 0 491.27 76.25
