1 0
2 2 0 212.48 92.49 0 616.34 573.78
3 1 0 606.26 573.75
4 2 0 603.75 572.50 0 212.40 101.18
5 3 0 20.00 601.27 0 218.74 103.75 0 603.73 568.74
6 1 0 23.75 598.59
7 4 0 220.01 115.02 0 23.65 596.32 0 591.27 566.25 0 593.61 566.28
8 2 0 28.74 589.99 0 226.24 114.88
9 3 0 230.00 122.51 0 586.24 561.27 0 31.23 588.10
10 4 0 581.24 557.51 0 36.26 583.75 0 155.51 411.26 0 231.23 123.76
11 2 0 33.73 578.74 0 231.25 126.28
12 3 0 41.27 576.25 0 237.50 131.23 0 573.76 551.25
13 4 0 41.26 571.26 0 238.71 133.76 0 568.73 546.26 0 566.27 546.28
14 3 0 45.00 566.23 0 243.73 136.26 0 563.76 545.11
15 2 0 50.00 565.00 0 246.23 143.73
16 2 0 551.25 541.28 0 48.78 558.78
17 3 0 51.25 558.76 0 248.79 151.27 0 548.75 542.92
18 3 0 58.75 553.77 0 562.69 404.97 0 548.74 538.74
19 5 0 538.76 536.26 0 56.57 551.23 0 257.76 158.71 0 56.91 552.77 0 553.75 409.19
20 2 0 541.25 533.83 0 63.76 546.43
21 3 0 531.27 533.78 0 63.73 543.77 0 63.73 545.77
22 4 0 528.77 526.27 0 271.23 163.74 0 68.70 538.69 0 92.52 602.04
23 4 0 271.23 170.33 0 71.05 536.44 0 523.73 528.73 0 523.74 526.27
24 3 0 610.02 587.51 0 518.73 522.53 0 71.23 530.04
25 3 0 513.65 521.26 0 187.50 19.98 0 75.01 528.77
26 4 0 17.50 173.77 0 512.50 522.39 0 81.27 526.22 0 524.98 419.94
27 3 0 22.48 173.76 0 509.98 515.04 0 85.18 520.39
28 4 0 23.73 181.29 0 503.29 516.25 0 292.54 186.22 0 86.22 520.84
29 4 0 28.74 183.74 0 91.25 515.03 0 501.24 513.74 0 594.86 578.74
30 5 0 92.51 508.53 0 31.40 184.48 0 496.26 508.46 0 81.49 553.90 0 307.50 115.02
31 3 0 34.99 188.74 0 492.50 506.24 0 587.16 571.27
32 5 0 37.50 196.26 0 486.23 508.11 0 182.92 59.19 0 497.62 429.43 0 98.76 503.73
33 4 0 37.49 198.76 0 98.75 499.61 0 481.25 503.75 0 573.76 568.92
34 4 0 46.24 202.78 0 181.26 67.64 0 106.25 496.27 0 478.75 501.31
35 3 0 50.03 205.01 0 108.76 491.25 0 476.24 498.75
36 3 0 48.80 207.44 0 106.35 486.25 0 466.25 493.77
37 5 0 57.52 212.51 0 466.25 491.43 0 115.00 482.63 0 562.48 557.49 0 333.29 202.51
38 4 0 56.25 214.97 0 458.75 488.76 0 113.74 478.73 0 553.77 555.02
39 7 0 59.99 222.51 0 117.50 478.72 0 172.52 92.50 0 453.76 491.26 0 549.11 556.97 0 338.75 210.34 0 202.49 499.29
40 4 0 450.00 485.03 0 62.46 222.48 0 172.56 92.53 0 118.74 471.22
41 7 0 69.93 230.14 0 448.76 486.28 0 126.23 471.24 0 453.71 442.52 0 350.04 212.54 0 173.73 103.65 0 541.26 551.24
42 6 0 73.77 231.27 0 446.25 481.27 0 357.49 212.58 0 540.02 547.52 0 451.40 442.50 0 129.98 466.25
43 8 0 73.77 233.78 0 437.48 477.52 0 128.75 459.94 0 357.51 212.51 0 442.49 442.48 0 170.30 110.61 0 557.45 547.80 0 533.72 543.75
44 5 0 78.73 237.50 0 433.75 473.76 0 363.75 212.52 0 133.75 456.25 0 438.73 441.25
45 6 0 80.01 242.51 0 428.74 473.75 0 433.75 443.77 0 522.50 538.81 0 366.24 216.27 0 133.75 453.78
46 6 0 83.73 248.78 0 428.76 448.77 0 371.24 219.99 0 423.73 474.47 0 136.28 453.69 0 165.02 128.86
47 6 0 163.77 131.27 0 87.51 251.69 0 419.92 469.99 0 515.03 536.23 0 141.24 448.75 0 423.70 448.85
48 8 0 95.01 252.52 0 147.50 441.44 0 515.02 532.51 0 166.24 133.75 0 418.78 466.20 0 383.73 218.75 0 421.23 448.98 0 172.49 412.53
49 7 0 161.26 141.25 0 93.73 257.51 0 146.25 438.75 0 506.23 530.96 0 383.74 221.24 0 411.28 466.24 0 413.47 451.60
50 6 0 102.48 263.08 0 165.72 146.45 0 393.75 223.72 0 153.77 438.74 0 506.29 529.99 0 413.18 459.74
