1 0
2 0
3 0
4 0
5 0
6 0
7 0
8 0
9 0
10 0
11 1 0 16.27 18.76
12 1 0 16.26 21.25
13 1 0 21.20 23.76
14 1 0 20.06 21.19
15 1 0 20.03 183.70
16 2 0 21.23 178.76 0 26.27 23.42
17 2 0 27.49 28.70 0 23.73 181.25
18 1 0 26.27 23.74
19 3 0 27.19 29.94 0 21.24 178.76 0 401.27 38.77
20 2 0 27.48 178.76 0 402.41 41.30
21 4 0 397.50 37.51 0 28.75 31.24 0 27.61 173.77 0 27.35 175.96
22 2 0 28.32 173.75 0 395.00 37.49
23 2 0 29.99 34.97 0 28.74 173.74
24 3 0 35.02 37.51 0 393.80 41.27 0 33.73 176.26
25 3 0 390.00 37.52 0 35.01 35.01 0 33.75 168.77
26 3 0 37.50 42.52 0 36.14 173.75 0 387.49 41.26
27 3 0 37.51 172.50 0 37.49 42.52 0 386.47 41.27
28 2 0 41.48 38.63 0 386.26 35.09
29 2 0 38.71 171.24 0 381.21 41.21
30 2 0 46.06 43.85 0 46.23 168.73
31 2 0 46.18 170.01 0 44.98 46.25
32 2 0 45.00 165.01 0 42.51 45.00
33 3 0 50.02 49.99 0 50.01 166.25 0 376.30 41.23
34 3 0 50.04 162.51 0 48.73 46.24 0 523.79 428.75
35 3 0 49.99 163.57 0 46.26 50.07 0 521.28 427.76
36 5 0 52.00 51.27 0 524.40 426.27 0 402.52 16.30 0 53.73 161.25 0 56.24 161.27
37 2 0 56.27 163.74 0 52.71 56.28
38 2 0 56.25 158.75 0 52.60 53.74
39 3 0 517.47 420.01 0 58.73 158.76 0 52.86 56.29
40 3 0 357.49 37.51 0 58.76 158.72 0 53.75 58.06
41 4 0 521.26 416.27 0 63.73 157.47 0 357.50 36.34 0 58.77 56.80
42 6 0 357.50 42.49 0 523.76 418.77 0 60.01 61.21 0 66.26 161.21 0 26.63 442.51 0 155.00 412.51
43 4 0 353.75 38.73 0 66.25 156.21 0 61.30 60.01 0 578.73 405.01
44 3 0 58.74 63.75 0 66.26 157.22 0 518.73 413.77
45 3 0 349.99 37.51 0 70.50 155.00 0 66.26 63.74
46 5 0 347.48 37.52 0 71.22 153.76 0 493.74 493.75 0 517.55 406.25 0 63.72 63.70
47 5 0 67.49 69.99 0 75.00 157.50 0 347.50 42.50 0 518.17 410.00 0 53.06 309.74
48 3 0 67.49 67.50 0 76.23 151.25 0 346.21 38.73
49 2 0 78.71 153.75 0 70.01 73.76
50 3 0 69.99 75.01 0 340.01 42.52 0 77.49 156.35
