1 0
2 1 0 277.49 52.51
3 0
4 0
5 0
6 0
7 0
8 1 0 416.25 138.73
9 0
10 3 0 238.74 623.75 0 16.26 33.74 0 416.27 141.26
11 3 0 16.28 33.78 0 238.76 622.95 0 416.26 143.75
12 3 0 240.03 621.26 0 16.28 36.24 0 416.27 143.72
13 5 0 527.51 622.55 0 70.00 357.51 0 240.22 618.75 0 18.76 37.49 0 416.24 146.26
14 5 0 527.52 622.05 0 20.02 37.49 0 486.24 623.74 0 416.26 146.29 0 241.21 617.55
15 4 0 527.52 620.04 0 241.26 616.29 0 21.10 38.75 0 416.25 148.76
16 5 0 527.53 618.74 0 241.25 613.74 0 416.26 149.12 0 22.53 38.83 0 23.53 39.99
17 6 0 527.51 617.51 0 242.49 613.75 0 23.72 41.25 0 416.25 151.22 0 486.25 618.77 0 274.91 555.00
18 4 0 242.49 612.50 0 528.76 615.87 0 23.65 41.27 0 527.53 615.03
19 5 0 242.50 611.25 0 528.67 614.76 0 26.24 43.76 0 416.25 153.74 0 488.74 616.31
20 6 0 528.77 613.67 0 243.74 610.00 0 416.24 156.23 0 25.35 43.77 0 488.76 616.25 0 527.55 613.00
21 5 0 528.76 612.48 0 27.38 45.00 0 243.75 608.29 0 489.99 613.74 0 416.26 156.23
22 5 0 528.76 610.14 0 243.76 606.25 0 26.25 46.25 0 489.99 613.65 0 416.26 157.11
23 5 0 528.75 608.76 0 243.75 605.00 0 490.01 609.99 0 28.73 46.25 0 416.26 158.76
24 5 0 244.98 603.76 0 528.83 607.49 0 490.01 609.99 0 28.76 46.26 0 29.44 47.47
25 5 0 528.78 606.26 0 244.99 602.51 0 29.10 50.00 0 490.01 608.75 0 416.26 161.26
26 5 0 529.98 605.04 0 246.25 601.27 0 416.25 163.75 0 490.83 606.26 0 33.74 50.63
27 5 0 530.02 603.75 0 246.25 598.73 0 490.96 606.26 0 416.26 165.07 0 32.75 49.98
28 4 0 530.02 602.53 0 246.23 598.74 0 490.28 603.86 0 33.74 51.26
29 5 0 530.00 601.24 0 490.01 602.50 0 33.74 53.76 0 246.25 596.68 0 247.50 597.50
30 5 0 530.01 599.96 0 36.27 53.74 0 491.24 602.51 0 246.26 596.01 0 416.25 169.08
31 6 0 530.02 598.74 0 36.26 53.76 0 248.19 593.75 0 416.24 168.77 0 491.37 601.29 0 491.23 599.42
32 5 0 530.06 597.47 0 248.75 592.49 0 36.43 56.26 0 492.68 598.76 0 416.26 168.82
33 5 0 530.07 595.50 0 492.50 597.48 0 38.73 56.27 0 248.75 591.25 0 416.25 171.31
34 5 0 531.26 593.76 0 248.74 590.00 0 492.51 597.49 0 38.74 57.49 0 416.25 173.76
35 4 0 531.25 592.49 0 248.89 587.50 0 492.50 595.02 0 41.24 56.29
36 5 0 531.25 591.27 0 250.00 587.18 0 42.52 60.00 0 493.75 593.75 0 317.50 29.98
37 5 0 531.26 590.01 0 250.02 586.26 0 492.46 591.24 0 42.51 61.25 0 416.25 178.76
38 6 0 531.27 588.74 0 250.01 584.99 0 493.76 590.09 0 43.79 61.65 0 413.74 181.28 0 416.22 181.21
39 5 0 531.46 587.50 0 492.53 588.76 0 251.27 583.13 0 44.95 63.71 0 416.27 181.27
40 4 0 532.01 586.27 0 250.14 581.24 0 493.40 587.52 0 46.23 63.73
41 7 0 532.43 585.07 0 250.49 580.78 0 492.47 586.80 0 416.26 183.74 0 46.26 65.72 0 47.53 65.02 0 588.74 395.06
42 4 0 532.52 583.76 0 252.50 578.72 0 46.23 63.73 0 493.71 583.72
43 7 0 532.52 581.23 0 251.36 577.50 0 48.85 66.23 0 416.26 186.26 0 493.72 583.73 0 496.25 583.75 0 49.67 65.02
44 5 0 532.50 581.25 0 252.50 576.21 0 51.23 66.42 0 496.25 581.22 0 416.26 188.76
45 5 0 532.75 578.76 0 253.75 573.75 0 493.74 581.23 0 51.23 67.63 0 418.77 188.88
46 5 0 532.86 577.55 0 252.51 573.64 0 52.51 68.76 0 496.26 578.75 0 416.41 190.61
47 4 0 533.75 577.51 0 253.74 572.50 0 52.54 68.78 0 496.24 578.76
48 5 0 253.76 571.21 0 533.74 575.00 0 52.55 70.01 0 496.26 576.27 0 416.23 193.79
49 4 0 532.93 573.15 0 253.75 568.76 0 496.25 574.00 0 54.03 73.26
50 6 0 533.76 572.50 0 496.26 573.74 0 254.54 568.72 0 413.75 196.25 0 56.25 71.30 0 56.25 73.32
