1 0
2 4 0 317.45 82.59 0 347.50 132.38 0 515.47 57.11 0 486.25 386.27
3 1 0 317.49 83.52
4 2 0 320.02 87.43 0 488.76 387.47
5 2 0 319.96 92.51 0 488.75 388.73
6 3 0 506.28 66.26 0 338.75 141.00 0 310.00 91.29
7 4 0 485.02 390.01 0 317.50 95.00 0 513.74 71.24 0 618.79 155.03
8 3 0 320.04 95.00 0 516.25 69.99 0 346.25 143.74
9 3 0 314.55 95.38 0 508.75 71.23 0 338.75 146.27
10 4 0 313.60 95.00 0 508.27 71.25 0 336.25 146.26 0 98.10 3.90
11 3 0 322.73 94.99 0 516.26 71.25 0 488.76 381.43
12 5 0 315.03 91.28 0 508.75 68.74 0 336.27 141.28 0 123.73 618.51 0 478.76 376.26
13 5 0 325.04 97.49 0 516.24 73.78 0 133.66 622.80 0 346.24 147.49 0 486.24 381.26
14 4 0 323.74 98.74 0 516.26 75.74 0 133.46 623.73 0 343.75 148.76
15 3 0 325.02 94.98 0 516.26 71.23 0 346.24 146.25
16 4 0 317.51 102.42 0 510.01 77.50 0 336.27 151.23 0 126.27 621.53
17 4 0 317.50 95.49 0 477.49 372.51 0 336.25 146.26 0 507.50 71.24
18 4 0 326.21 95.03 0 484.99 369.99 0 343.75 146.27 0 350.00 620.01
19 5 0 321.25 94.85 0 131.26 611.27 0 481.24 368.75 0 336.28 143.80 0 511.22 73.80
20 4 0 323.95 104.98 0 338.75 156.26 0 513.75 83.77 0 133.77 621.26
21 3 0 318.75 101.20 0 333.75 151.25 0 506.24 78.74
22 4 0 322.51 97.48 0 477.48 365.00 0 131.84 611.25 0 509.98 75.04
23 6 0 320.01 100.02 0 131.24 611.26 0 476.24 365.03 0 333.75 151.24 0 506.24 78.75 0 616.27 16.28
24 5 0 330.00 101.18 0 141.25 611.25 0 485.01 365.02 0 623.75 16.35 0 516.25 78.75
25 5 0 329.98 102.06 0 141.25 611.24 0 484.98 365.02 0 623.70 18.01 0 516.26 81.16
26 6 0 321.25 106.25 0 133.65 613.83 0 331.28 157.50 0 475.14 365.02 0 506.26 86.25 0 613.73 22.34
27 4 0 327.47 100.00 0 618.76 16.26 0 138.77 606.26 0 481.26 358.74
28 3 0 332.50 107.55 0 516.27 86.23 0 340.80 158.76
29 4 0 323.74 109.98 0 331.26 161.23 0 614.78 26.27 0 506.26 88.75
30 6 0 332.52 103.75 0 514.99 83.76 0 621.25 21.26 0 338.74 156.25 0 143.74 606.25 0 484.83 357.50
31 7 0 329.99 113.76 0 241.25 628.75 0 511.20 93.71 0 141.25 613.71 0 633.60 532.91 0 618.77 30.18 0 240.05 629.69
32 7 0 333.73 106.27 0 243.74 620.00 0 515.00 85.00 0 339.00 157.51 0 483.86 355.03 0 91.24 517.30 0 146.29 605.03
33 7 0 236.24 618.76 0 477.27 355.02 0 326.18 107.49 0 613.74 26.25 0 330.66 158.75 0 506.28 86.27 0 614.98 24.98
34 8 0 329.97 106.28 0 478.74 353.74 0 238.75 616.27 0 508.93 86.26 0 618.76 23.75 0 332.37 158.67 0 141.24 602.52 0 618.75 26.05
35 6 0 336.26 113.78 0 148.73 608.76 0 243.75 622.02 0 338.75 166.25 0 623.74 31.23 0 482.52 357.52
36 4 0 327.48 114.98 0 506.26 96.25 0 613.74 33.77 0 235.00 621.37
37 7 0 337.51 112.50 0 242.53 616.26 0 150.01 602.51 0 515.49 92.47 0 623.74 31.23 0 338.76 163.73 0 483.75 353.74
38 6 0 329.99 110.09 0 330.02 162.50 0 475.00 349.98 0 507.48 92.49 0 233.76 613.73 0 616.24 28.76
39 7 0 328.34 115.02 0 613.74 33.77 0 326.25 168.77 0 231.34 616.26 0 233.36 616.27 0 142.61 603.75 0 506.26 96.27
40 7 0 149.97 597.55 0 333.24 163.75 0 238.73 611.08 0 335.92 111.17 0 620.88 29.41 0 481.26 346.25 0 511.24 91.30
41 7 0 231.23 613.74 0 330.03 115.67 0 475.00 349.99 0 326.22 168.74 0 143.75 601.23 0 613.75 36.23 0 506.25 98.73
42 6 0 332.52 121.26 0 146.25 606.26 0 233.75 618.64 0 613.73 41.24 0 328.72 173.76 0 326.45 173.74
43 7 0 340.02 121.37 0 155.00 605.00 0 513.75 103.74 0 482.49 350.01 0 621.26 41.26 0 238.77 616.24 0 333.75 173.75
44 8 0 340.04 117.34 0 238.74 608.77 0 155.32 597.64 0 622.21 37.05 0 513.74 100.00 0 482.49 346.55 0 336.26 168.73 0 622.62 36.76
45 7 0 335.01 115.23 0 149.99 595.01 0 233.73 606.25 0 507.48 98.74 0 328.75 168.76 0 476.21 341.30 0 616.26 36.23
46 5 0 335.02 116.26 0 231.24 606.24 0 150.01 594.99 0 508.58 98.76 0 476.13 341.11
47 6 0 335.01 117.47 0 231.23 606.24 0 150.00 594.99 0 326.24 172.50 0 473.75 341.26 0 613.76 38.76
48 7 0 337.51 117.49 0 233.74 603.75 0 153.72 593.76 0 477.52 339.07 0 618.81 38.76 0 634.15 524.34 0 330.00 171.43
49 5 0 337.47 127.49 0 474.99 347.51 0 231.25 611.27 0 507.55 109.96 0 153.73 601.27
50 5 0 342.48 127.52 0 236.23 610.01 0 621.26 49.00 0 158.62 601.26 0 332.50 181.20
