1 0
2 3 0 491.24 590.01 0 140.98 372.53 0 549.67 127.47
3 3 0 142.20 365.20 0 486.28 582.27 0 545.16 126.24
4 3 0 149.98 356.25 0 488.79 574.97 0 547.49 126.24
5 3 0 538.75 136.25 0 480.01 578.75 0 146.25 358.74
6 3 0 478.73 570.02 0 538.74 133.75 0 151.25 348.75
7 3 0 477.46 566.18 0 537.51 137.51 0 155.01 345.00
8 4 0 475.00 572.52 0 158.76 350.06 0 534.97 149.99 0 21.32 483.49
9 4 0 165.03 341.22 0 475.00 565.89 0 536.27 149.90 0 43.66 485.04
10 3 0 158.73 341.24 0 523.74 155.57 0 461.26 566.25
11 3 0 162.49 338.74 0 460.00 563.77 0 521.25 160.01
12 4 0 164.99 333.73 0 517.48 163.76 0 454.02 560.97 0 456.22 559.87
13 6 0 170.02 331.21 0 516.43 168.75 0 453.74 558.72 0 517.47 167.49 0 454.99 558.05 0 484.99 517.51
14 4 0 177.49 323.78 0 456.26 551.25 0 519.56 167.50 0 242.50 37.14
15 3 0 509.79 166.23 0 174.96 313.78 0 446.24 541.24
16 4 0 183.74 316.25 0 512.52 173.72 0 448.75 546.25 0 448.76 543.77
17 3 0 186.26 309.93 0 443.76 538.76 0 508.75 174.75
18 3 0 187.49 312.48 0 503.74 185.03 0 438.74 543.21
19 4 0 492.51 183.73 0 182.52 304.92 0 426.65 533.76 0 511.23 31.25
20 2 0 187.48 300.01 0 489.97 186.29
21 5 0 421.25 526.24 0 487.37 188.74 0 189.99 294.65 0 513.74 38.75 0 249.99 62.28
22 7 0 492.50 194.92 0 202.50 293.73 0 426.30 525.00 0 258.77 68.74 0 522.51 46.22 0 36.26 623.04 0 88.75 493.06
23 6 0 195.01 291.24 0 412.51 522.52 0 480.55 198.75 0 498.74 16.24 0 31.21 621.23 0 636.83 558.08
24 5 0 477.49 200.09 0 410.01 517.50 0 199.96 286.26 0 35.07 618.76 0 496.64 21.27
25 8 0 472.69 205.03 0 202.49 285.06 0 38.75 618.75 0 406.25 516.26 0 498.75 28.76 0 513.76 61.26 0 92.47 498.72 0 256.26 81.30
26 7 0 476.25 214.43 0 49.52 621.26 0 213.38 286.29 0 517.50 70.00 0 408.74 518.75 0 506.25 36.25 0 263.74 93.73
27 7 0 474.99 208.76 0 218.75 275.82 0 56.25 610.68 0 506.53 33.76 0 406.24 506.32 0 267.50 88.78 0 522.50 67.55
28 7 0 472.49 212.52 0 221.26 273.76 0 508.01 38.75 0 62.49 608.74 0 403.74 503.74 0 523.75 73.75 0 270.79 93.77
29 7 0 221.24 268.74 0 463.60 215.00 0 517.51 77.51 0 393.76 500.01 0 267.28 98.76 0 503.19 43.74 0 60.59 606.16
30 6 0 467.49 225.06 0 508.74 53.74 0 231.25 273.47 0 397.52 503.01 0 273.74 108.75 0 523.99 88.76
31 6 0 462.51 223.74 0 73.75 601.45 0 506.22 53.75 0 231.28 265.18 0 232.49 263.95 0 523.76 88.71
32 5 0 452.50 227.50 0 517.50 92.53 0 228.74 261.27 0 271.21 113.73 0 73.74 600.06
33 7 0 456.25 230.00 0 83.76 597.50 0 242.21 259.54 0 523.76 98.76 0 386.25 489.84 0 278.72 118.74 0 506.24 63.74
34 7 0 84.97 593.73 0 522.47 101.25 0 449.92 232.48 0 242.02 254.30 0 378.74 483.75 0 503.75 68.75 0 277.53 121.23
35 7 0 83.77 598.75 0 516.27 113.75 0 441.22 243.42 0 440.00 242.53 0 241.24 258.75 0 498.77 78.82 0 273.72 128.72
36 6 0 438.73 241.26 0 88.75 591.23 0 246.23 251.27 0 518.74 113.78 0 501.23 81.21 0 277.49 132.47
37 7 0 444.91 247.49 0 257.50 252.50 0 525.54 122.50 0 286.23 138.90 0 508.74 88.76 0 101.24 589.15 0 371.25 478.81
38 6 0 436.27 257.50 0 363.76 482.16 0 522.52 132.41 0 258.75 256.27 0 101.25 591.25 0 503.74 98.76
39 5 0 361.24 478.73 0 106.25 588.82 0 503.75 103.75 0 432.81 260.05 0 262.40 253.76
40 4 0 434.92 260.02 0 361.25 471.23 0 508.74 103.75 0 113.76 581.26
41 7 0 426.25 267.49 0 268.76 250.12 0 113.75 583.75 0 352.75 472.55 0 503.72 113.75 0 522.50 146.98 0 38.50 5.55
42 9 0 349.47 458.83 0 423.74 261.28 0 273.80 238.75 0 117.51 572.24 0 503.74 108.74 0 523.76 141.30 0 288.77 158.76 0 187.50 51.27 0 86.17 579.99
43 7 0 341.24 459.95 0 498.74 116.28 0 413.75 266.54 0 273.74 238.66 0 117.56 571.85 0 414.99 267.52 0 547.49 109.96
44 6 0 411.27 276.14 0 337.51 461.24 0 278.73 242.54 0 121.25 572.31 0 498.75 126.24 0 521.23 161.21
45 7 0 337.51 461.24 0 411.52 282.49 0 286.25 242.74 0 502.50 133.75 0 291.27 181.23 0 128.73 573.45 0 523.77 166.27
46 7 0 411.26 283.80 0 335.02 457.63 0 526.23 171.17 0 503.74 138.78 0 292.35 240.87 0 133.74 568.76 0 135.79 569.04
47 6 0 325.06 451.39 0 401.27 286.26 0 291.24 236.24 0 132.50 562.51 0 498.74 141.27 0 521.28 173.78
48 9 0 402.50 282.49 0 523.70 172.50 0 298.73 227.87 0 325.08 441.28 0 138.78 553.71 0 503.69 138.77 0 139.80 552.48 0 490.01 107.51 0 296.29 188.73
49 7 0 326.19 448.53 0 147.25 558.73 0 306.34 236.25 0 325.02 447.47 0 506.24 153.74 0 402.53 295.04 0 528.76 186.27
50 6 0 396.24 300.02 0 148.69 556.25 0 308.75 236.21 0 318.72 445.67 0 526.23 191.25 0 503.72 158.75
