1 0
2 0
3 2 0 20.01 277.51 0 76.26 328.77
4 0
5 1 0 21.84 276.28
6 3 0 26.26 276.24 0 202.54 570.56 0 509.93 290.03
7 1 0 26.27 275.04
8 1 0 26.30 275.03
9 1 0 29.99 274.99
10 1 0 30.01 273.74
11 2 0 31.24 273.77 0 187.51 402.54
12 1 0 36.27 271.23
13 1 0 37.10 271.23
14 2 0 37.49 270.00 0 421.23 29.02
15 2 0 42.49 268.76 0 212.52 197.49
16 1 0 43.76 267.54
17 1 0 45.00 267.53
18 1 0 46.24 266.30
19 2 0 48.76 266.27 0 29.98 35.01
20 4 0 51.26 266.26 0 203.73 56.30 0 203.75 485.14 0 50.10 264.99
21 2 0 51.98 264.04 0 202.50 485.01
22 3 0 205.63 485.00 0 54.23 265.05 0 56.20 265.59
23 4 0 56.27 263.73 0 416.54 621.24 0 322.67 18.75 0 55.00 264.88
24 3 0 416.27 621.26 0 56.27 262.34 0 210.18 482.53
25 5 0 61.23 261.27 0 413.74 618.75 0 212.48 482.53 0 211.29 61.23 0 410.00 588.63
26 5 0 412.52 617.50 0 61.55 261.26 0 21.23 437.54 0 213.75 63.27 0 212.53 478.71
27 3 0 63.73 261.10 0 412.46 615.63 0 331.31 69.99
28 6 0 411.25 613.76 0 66.23 260.00 0 516.23 412.50 0 23.72 438.75 0 172.49 50.00 0 213.77 66.26
29 3 0 410.00 613.31 0 66.61 258.75 0 218.76 476.29
30 2 0 68.73 258.76 0 407.53 610.23
31 3 0 407.43 608.72 0 220.85 68.52 0 71.23 258.76
32 4 0 406.24 606.23 0 73.74 258.10 0 221.26 68.75 0 30.03 435.18
33 3 0 405.03 605.00 0 74.99 257.68 0 36.25 435.01
34 5 0 403.75 603.74 0 77.20 256.28 0 226.45 471.24 0 227.06 472.46 0 226.27 73.77
35 4 0 403.76 602.56 0 226.36 471.25 0 78.74 253.77 0 78.73 256.24
36 2 0 81.28 253.75 0 402.33 600.04
37 3 0 81.53 252.50 0 400.68 597.54 0 229.97 469.97
38 4 0 398.75 596.26 0 83.80 251.25 0 233.74 468.76 0 231.24 468.75
39 4 0 397.50 595.01 0 86.22 251.25 0 235.00 467.50 0 402.50 147.48
40 3 0 396.25 593.76 0 236.25 467.52 0 88.75 251.26
41 3 0 90.06 251.27 0 236.51 466.48 0 395.00 591.25
42 2 0 393.76 591.25 0 92.49 249.86
43 2 0 393.75 588.75 0 93.75 248.76
44 3 0 241.24 463.74 0 96.24 246.88 0 393.75 586.27
45 3 0 391.22 586.26 0 96.26 246.24 0 243.80 463.31
46 3 0 100.08 246.25 0 391.20 583.74 0 246.23 461.30
47 4 0 388.73 581.61 0 102.49 246.27 0 246.22 461.24 0 248.55 461.25
48 5 0 387.56 579.92 0 248.74 458.80 0 101.96 244.91 0 108.99 273.70 0 247.44 459.97
49 5 0 106.24 243.76 0 251.31 458.78 0 412.51 156.25 0 386.25 578.74 0 572.50 315.01
50 4 0 106.27 243.76 0 252.44 460.01 0 383.82 576.26 0 386.02 576.27
