1 0
2 1 0 56.25 336.79
3 1 0 53.76 333.77
4 1 0 56.26 331.26
5 1 0 53.74 332.51
6 2 0 56.22 331.26 0 53.86 331.25
7 1 0 58.75 331.28
8 4 0 60.40 323.78 0 398.73 547.50 0 53.74 66.24 0 60.02 339.94
9 4 0 58.75 323.34 0 396.27 547.50 0 56.26 68.77 0 627.51 91.18
10 3 0 60.01 68.27 0 398.78 543.74 0 63.73 321.24
11 1 0 60.00 322.52
12 4 0 60.01 77.50 0 61.23 321.76 0 393.76 546.27 0 391.26 546.25
13 1 0 61.42 318.76
14 3 0 66.26 317.48 0 67.50 77.51 0 393.75 540.23
15 2 0 63.74 316.23 0 388.75 540.03
16 3 0 67.51 315.01 0 67.51 81.26 0 538.78 471.18
17 3 0 67.51 77.51 0 66.32 307.41 0 533.03 466.25
18 3 0 69.98 307.47 0 532.64 467.11 0 387.49 531.32
19 2 0 71.24 306.25 0 387.52 530.05
20 4 0 68.15 307.50 0 380.01 532.51 0 69.98 84.99 0 528.79 468.73
21 2 0 68.76 301.28 0 381.04 526.25
22 3 0 69.70 300.01 0 378.83 526.06 0 509.98 467.52
23 1 0 70.01 300.01
24 3 0 376.27 523.75 0 75.00 89.25 0 71.19 298.74
25 2 0 77.55 89.99 0 73.82 296.22
26 4 0 73.76 292.77 0 376.26 518.74 0 518.03 460.91 0 78.69 91.25
27 2 0 77.49 292.50 0 380.01 517.48
28 3 0 81.30 99.21 0 371.24 518.75 0 73.74 293.74
29 3 0 83.75 96.27 0 369.98 515.00 0 77.44 288.86
30 3 0 83.77 98.76 0 77.52 286.24 0 13.75 256.26
31 4 0 88.76 101.24 0 18.96 256.26 0 616.27 498.75 0 371.25 513.76
32 5 0 88.75 101.26 0 19.99 252.50 0 81.79 283.69 0 368.78 508.75 0 613.77 496.25
33 5 0 452.48 622.50 0 78.71 285.03 0 87.48 105.02 0 501.23 460.04 0 363.76 511.25
34 5 0 458.74 618.75 0 93.75 103.92 0 23.73 251.26 0 83.68 281.30 0 368.77 507.55
35 4 0 459.99 617.48 0 83.75 281.26 0 26.25 251.27 0 93.75 106.50
36 6 0 92.50 106.29 0 82.50 276.24 0 457.08 613.74 0 372.28 492.52 0 362.49 501.21 0 23.70 248.76
37 7 0 458.75 612.49 0 84.91 275.01 0 93.75 107.51 0 26.25 246.24 0 361.27 501.25 0 603.06 498.70 0 95.01 107.47
38 6 0 458.74 615.17 0 83.75 275.90 0 26.25 249.99 0 93.84 113.76 0 179.99 306.59 0 598.75 503.60
39 5 0 458.75 612.48 0 95.00 113.76 0 596.27 500.00 0 82.51 273.99 0 26.27 246.27
40 5 0 99.99 116.24 0 463.72 612.56 0 598.73 501.26 0 86.25 273.75 0 357.52 501.24
41 4 0 463.73 610.98 0 100.02 118.64 0 596.23 503.66 0 31.23 246.25
42 5 0 101.27 114.98 0 465.01 603.74 0 89.11 266.27 0 595.00 498.74 0 33.77 241.24
43 6 0 466.25 602.48 0 36.24 237.51 0 103.77 116.26 0 354.96 491.38 0 89.99 263.72 0 593.75 498.75
44 6 0 466.25 601.26 0 37.50 237.49 0 103.74 117.51 0 591.10 498.73 0 90.00 261.19 0 353.76 491.25
45 5 0 107.48 119.99 0 468.73 600.34 0 92.48 260.01 0 588.32 500.02 0 38.74 236.52
46 6 0 109.94 125.01 0 468.74 601.27 0 41.24 238.75 0 349.98 492.51 0 587.50 502.44 0 93.72 262.42
47 8 0 107.50 122.50 0 466.24 596.85 0 346.26 486.26 0 583.72 501.26 0 38.72 235.58 0 91.26 258.77 0 106.64 268.74 0 259.99 122.51
48 5 0 44.98 236.22 0 472.51 597.51 0 96.26 258.76 0 111.52 127.43 0 349.97 488.76
49 5 0 113.75 128.76 0 473.75 596.24 0 46.24 234.99 0 581.30 503.73 0 347.47 486.24
50 7 0 113.74 131.24 0 348.41 486.29 0 473.70 595.09 0 581.23 503.44 0 96.26 256.30 0 48.73 233.77 0 46.34 233.77
