1 0
2 2 0 493.76 216.26 0 581.23 235.02
3 2 0 498.76 216.87 0 586.29 236.10
4 0
5 1 0 492.52 219.95
6 1 0 490.01 220.02
7 1 0 489.74 223.73
8 2 0 570.66 237.49 0 489.20 221.27
9 3 0 496.27 228.74 0 576.26 241.25 0 601.54 83.98
10 0
11 2 0 566.22 242.57 0 488.76 231.26
12 2 0 174.18 4.92 0 493.74 226.23
13 3 0 597.52 92.49 0 489.99 237.48 0 561.26 246.25
14 2 0 559.97 241.69 0 485.34 231.19
15 2 0 492.55 233.77 0 173.37 4.66
16 2 0 339.99 612.50 0 174.85 5.34
17 1 0 486.22 237.49
18 2 0 492.50 242.52 0 339.99 610.00
19 1 0 610.99 101.29
20 4 0 330.10 602.48 0 488.78 243.41 0 553.75 243.76 0 606.24 93.76
21 3 0 167.13 9.57 0 629.77 179.55 0 290.02 157.52
22 3 0 331.24 601.26 0 489.80 246.17 0 606.24 96.54
23 0
24 3 0 166.98 6.29 0 482.48 557.49 0 597.50 98.74
25 1 0 173.46 4.75
26 6 0 540.01 251.25 0 325.00 593.77 0 483.76 253.74 0 483.76 256.23 0 593.74 98.77 0 593.81 81.61
27 5 0 538.75 253.75 0 591.14 99.14 0 323.75 593.75 0 481.25 258.73 0 605.04 107.48
28 6 0 322.51 595.36 0 167.16 10.20 0 575.15 268.68 0 98.72 4.23 0 481.27 266.25 0 481.27 263.73
29 3 0 332.51 595.01 0 543.72 263.51 0 482.50 117.51
30 5 0 482.55 271.23 0 610.00 3.31 0 101.30 6.27 0 410.18 4.98 0 323.45 593.78
31 3 0 322.49 583.72 0 532.53 258.74 0 482.50 266.28
32 4 0 478.72 271.24 0 318.73 583.72 0 528.78 261.27 0 98.98 2.90
33 3 0 483.75 267.50 0 322.51 578.75 0 528.83 258.74
34 2 0 326.21 586.27 0 488.75 278.72
35 2 0 326.24 578.77 0 488.75 276.19
36 3 0 481.25 285.00 0 318.73 583.75 0 523.77 271.24
37 4 0 177.13 9.25 0 486.21 282.59 0 326.23 578.74 0 35.20 471.24
38 4 0 517.49 269.98 0 477.48 286.29 0 318.71 576.26 0 568.76 111.23
39 4 0 486.24 288.74 0 524.99 274.07 0 576.24 113.74 0 323.73 576.23
40 3 0 323.71 570.01 0 525.07 271.24 0 486.25 288.74
41 4 0 322.52 565.01 0 522.58 270.00 0 572.50 108.94 0 486.25 286.23
42 1 0 370.39 19.83
43 6 0 323.61 566.26 0 517.49 277.29 0 486.18 293.75 0 569.39 114.39 0 603.74 450.00 0 567.59 114.25
44 4 0 562.47 117.52 0 478.75 301.85 0 316.29 566.23 0 511.23 281.29
45 3 0 557.49 109.98 0 170.34 4.87 0 314.98 557.42
46 3 0 507.50 282.51 0 577.57 270.31 0 311.25 561.93
47 3 0 167.23 6.14 0 318.72 56.24 0 503.73 276.24
48 1 0 507.48 282.51
49 3 0 307.51 555.02 0 474.98 307.48 0 498.75 281.40
50 1 0 176.58 5.80
