1 0
2 0
3 2 0 596.25 453.76 0 66.24 106.29
4 2 0 593.77 453.85 0 66.24 106.35
5 3 0 593.75 451.74 0 66.24 108.74 0 33.76 81.25
6 5 0 67.48 109.20 0 33.74 81.24 0 593.75 452.53 0 228.71 98.82 0 540.00 347.52
7 5 0 539.99 349.99 0 591.26 452.51 0 68.77 111.22 0 36.23 81.24 0 228.72 100.02
8 5 0 589.99 451.30 0 68.75 111.24 0 37.51 81.36 0 228.75 100.03 0 538.77 350.00
9 6 0 589.89 451.27 0 68.79 113.74 0 230.01 101.21 0 38.75 81.25 0 69.93 112.46 0 538.65 351.24
10 5 0 588.73 451.25 0 70.00 113.77 0 38.74 81.36 0 230.79 103.74 0 536.28 349.82
11 4 0 587.48 449.98 0 41.25 81.25 0 71.23 114.94 0 536.26 351.26
12 5 0 586.25 449.98 0 42.50 82.50 0 18.76 578.77 0 61.24 16.29 0 72.95 115.00
13 5 0 42.51 82.51 0 73.75 116.25 0 585.21 448.76 0 61.19 18.78 0 19.89 577.46
14 8 0 583.69 448.77 0 73.75 117.52 0 18.75 35.00 0 45.00 82.49 0 61.25 18.77 0 21.25 576.31 0 533.74 351.21 0 234.99 107.52
15 6 0 582.50 448.77 0 73.74 118.74 0 19.90 36.21 0 46.24 82.50 0 61.24 21.14 0 530.45 353.75
16 7 0 581.25 448.78 0 21.20 36.24 0 237.49 108.88 0 76.26 118.76 0 529.99 353.73 0 46.26 82.48 0 23.74 576.26
17 7 0 579.99 448.78 0 21.25 36.27 0 48.77 82.53 0 237.51 107.52 0 76.26 121.26 0 528.77 353.76 0 23.74 576.26
18 6 0 77.47 121.25 0 578.75 448.75 0 50.00 82.52 0 21.26 37.50 0 528.77 355.04 0 27.50 577.86
19 6 0 23.74 38.75 0 51.26 82.49 0 78.28 122.52 0 578.73 446.68 0 237.50 110.03 0 28.75 576.25
20 7 0 52.51 82.51 0 576.27 446.28 0 78.74 123.75 0 524.97 355.04 0 23.74 38.76 0 28.76 576.45 0 61.80 26.28
21 8 0 524.99 356.36 0 575.00 446.25 0 53.08 82.49 0 242.49 110.00 0 29.95 578.71 0 80.78 123.75 0 62.57 27.47 0 24.88 38.79
22 9 0 574.10 446.25 0 523.88 357.50 0 26.27 39.44 0 61.12 29.29 0 242.50 111.22 0 81.23 126.23 0 53.76 83.73 0 31.24 578.76 0 79.98 125.07
23 6 0 573.75 446.26 0 522.49 357.51 0 81.26 126.26 0 26.28 41.26 0 56.26 83.75 0 61.26 31.23
24 7 0 571.27 446.25 0 28.61 41.26 0 522.51 357.50 0 56.35 85.00 0 42.55 562.54 0 81.25 126.31 0 244.99 113.75
25 7 0 570.02 445.01 0 29.93 42.51 0 58.85 83.75 0 250.02 115.01 0 83.75 128.70 0 33.74 576.25 0 521.27 357.49
26 8 0 568.76 445.00 0 83.76 128.77 0 60.00 83.59 0 30.00 42.51 0 518.69 357.55 0 562.53 525.11 0 246.25 115.01 0 61.26 33.74
27 8 0 31.23 42.48 0 61.24 84.07 0 83.78 129.91 0 568.70 443.85 0 567.51 444.93 0 38.69 578.75 0 61.23 35.01 0 517.49 358.75
28 8 0 86.21 131.24 0 566.97 443.76 0 249.98 115.01 0 32.55 43.74 0 61.26 36.41 0 61.25 83.77 0 517.47 358.75 0 38.71 578.06
29 7 0 566.25 443.76 0 250.00 117.48 0 33.75 45.00 0 86.23 131.58 0 516.26 361.25 0 63.51 85.01 0 62.74 37.51
30 6 0 564.99 442.79 0 33.75 45.02 0 252.52 117.50 0 515.01 362.23 0 86.26 133.75 0 88.01 133.76
31 6 0 563.76 442.56 0 35.01 45.00 0 88.75 133.75 0 66.25 86.26 0 513.75 361.28 0 41.26 576.26
32 7 0 561.29 443.74 0 36.25 46.25 0 66.25 86.26 0 89.00 136.22 0 623.75 37.50 0 63.59 41.28 0 252.48 121.31
33 9 0 561.25 441.26 0 91.25 136.26 0 37.23 46.24 0 68.15 86.26 0 252.53 122.48 0 43.75 576.26 0 61.21 42.49 0 511.26 362.48 0 621.25 37.51
34 8 0 620.00 37.51 0 509.99 362.50 0 90.60 136.27 0 69.98 86.23 0 558.78 441.25 0 63.76 44.88 0 38.67 48.76 0 45.02 576.31
35 8 0 558.74 441.25 0 509.99 362.51 0 38.75 48.77 0 620.00 38.75 0 91.26 138.74 0 70.15 86.25 0 63.73 46.34 0 259.91 122.52
36 5 0 92.49 138.75 0 557.45 441.23 0 508.73 363.76 0 618.76 38.74 0 41.24 48.82
37 7 0 41.27 50.18 0 93.51 139.99 0 507.49 364.05 0 556.24 439.98 0 48.75 576.26 0 63.71 48.81 0 256.26 124.98
38 8 0 42.50 50.02 0 93.75 141.26 0 555.00 439.99 0 507.48 365.02 0 76.26 86.25 0 616.26 41.26 0 258.80 123.76 0 50.14 576.27
39 8 0 42.52 51.55 0 553.74 438.89 0 62.74 48.78 0 51.25 578.76 0 93.74 141.27 0 260.73 126.22 0 506.26 363.77 0 613.73 41.25
40 6 0 552.50 438.76 0 43.77 52.50 0 96.26 143.71 0 78.75 88.75 0 613.74 41.88 0 52.51 576.27
41 7 0 45.02 52.50 0 612.51 42.50 0 551.23 438.75 0 78.74 89.40 0 96.33 143.76 0 503.74 366.27 0 53.80 577.87
42 6 0 550.16 438.76 0 46.26 53.76 0 612.51 45.01 0 53.76 576.27 0 405.01 515.01 0 97.49 143.75
43 9 0 548.75 437.51 0 611.28 43.74 0 82.49 89.29 0 46.27 53.77 0 98.75 146.27 0 56.27 576.26 0 501.25 368.75 0 45.41 565.02 0 263.74 129.96
44 6 0 547.55 437.63 0 611.29 44.75 0 99.16 147.50 0 83.73 88.77 0 56.25 576.26 0 46.46 53.75
45 7 0 546.24 436.52 0 100.00 147.50 0 83.76 90.01 0 610.01 46.23 0 498.74 368.78 0 48.81 56.25 0 56.36 578.76
46 9 0 85.00 90.00 0 545.65 437.49 0 101.24 148.75 0 610.01 45.01 0 267.48 130.00 0 498.76 368.79 0 50.56 56.26 0 58.78 577.43 0 51.26 54.97
47 9 0 51.26 56.26 0 543.74 436.26 0 86.24 90.01 0 101.25 148.74 0 267.48 132.50 0 61.25 576.26 0 496.27 368.74 0 608.73 46.27 0 63.63 60.74
48 7 0 543.73 436.25 0 52.10 56.26 0 606.19 46.00 0 61.24 576.27 0 103.73 150.08 0 496.27 368.77 0 88.74 90.28
49 8 0 541.28 436.25 0 90.00 92.50 0 103.74 151.24 0 606.21 46.26 0 52.95 57.86 0 63.72 576.27 0 496.22 368.85 0 493.97 368.87
50 7 0 541.23 434.99 0 90.01 92.48 0 53.74 58.75 0 493.74 368.80 0 103.74 153.74 0 603.76 48.72 0 63.75 576.28
