1 0
2 1 0 475.00 609.35
3 1 0 478.72 606.26
4 1 0 473.73 601.25
5 1 0 473.75 602.31
6 2 0 471.25 598.75 0 473.72 598.74
7 1 0 473.75 591.23
8 1 0 473.76 591.25
9 1 0 473.75 586.47
10 1 0 471.23 583.75
11 1 0 467.61 579.99
12 1 0 471.23 573.75
13 1 0 468.75 569.99
14 1 0 466.23 571.25
15 2 0 468.32 568.75 0 467.50 566.93
16 1 0 466.26 563.76
17 2 0 12.52 604.99 0 461.30 558.76
18 2 0 17.51 601.29 0 463.46 553.76
19 2 0 22.50 600.01 0 463.74 550.01
20 2 0 26.25 602.52 0 463.74 551.25
21 4 0 29.98 601.27 0 21.24 126.25 0 463.72 548.70 0 241.28 31.25
22 5 0 28.73 600.02 0 458.74 543.74 0 18.97 126.25 0 16.37 488.84 0 237.48 35.01
23 4 0 34.84 595.04 0 20.02 483.75 0 26.24 121.23 0 458.75 536.27
24 5 0 39.18 596.25 0 31.25 123.76 0 461.25 536.24 0 23.73 484.24 0 246.20 37.51
25 4 0 40.00 597.50 0 31.24 123.75 0 456.26 533.74 0 26.26 486.27
26 6 0 42.48 591.41 0 33.75 118.74 0 28.74 478.74 0 245.02 42.53 0 456.25 526.25 0 453.84 526.23
27 6 0 47.44 594.83 0 456.26 528.76 0 38.75 121.68 0 40.01 122.51 0 250.00 46.27 0 33.75 481.26
28 3 0 47.53 593.74 0 452.50 525.01 0 41.25 121.26
29 5 0 52.50 588.05 0 46.25 116.25 0 37.50 475.01 0 251.28 49.92 0 453.76 516.27
30 6 0 56.26 590.01 0 49.83 118.76 0 42.50 477.45 0 453.72 517.50 0 253.68 56.27 0 613.65 161.65
31 4 0 60.02 587.49 0 53.74 116.25 0 453.58 511.27 0 43.72 473.76
32 6 0 62.46 588.69 0 56.26 117.82 0 451.27 511.24 0 388.75 20.02 0 48.76 473.74 0 258.08 61.25
33 7 0 58.75 116.26 0 65.01 587.52 0 448.76 508.76 0 50.00 471.24 0 603.93 157.48 0 256.27 63.68 0 386.24 23.72
34 5 0 68.20 585.23 0 52.50 469.99 0 62.55 116.25 0 386.24 26.27 0 448.76 503.76
35 8 0 72.50 582.58 0 66.26 113.77 0 597.51 155.02 0 448.77 501.24 0 383.74 26.27 0 56.25 466.26 0 30.00 310.01 0 261.23 67.52
36 7 0 74.93 580.00 0 68.73 111.24 0 381.25 27.50 0 446.23 493.79 0 58.73 463.55 0 446.24 496.23 0 262.12 68.64
37 5 0 72.65 582.08 0 441.26 493.75 0 587.48 155.02 0 68.72 112.62 0 56.25 466.22
38 7 0 77.51 582.46 0 441.35 492.51 0 73.76 113.75 0 376.26 36.24 0 263.74 78.75 0 62.49 463.75 0 586.25 156.25
39 5 0 81.28 574.98 0 76.23 107.81 0 441.26 483.95 0 373.76 33.74 0 66.25 458.38
40 6 0 84.32 574.98 0 372.51 37.42 0 438.73 481.25 0 267.52 78.75 0 81.24 106.26 0 68.75 456.27
41 6 0 88.78 573.79 0 84.99 106.26 0 269.75 82.53 0 371.26 38.75 0 438.73 478.74 0 578.77 150.00
42 7 0 92.48 572.49 0 371.22 42.48 0 438.72 476.25 0 76.24 453.74 0 88.75 106.24 0 576.26 151.08 0 574.38 151.12
43 7 0 95.00 572.51 0 572.49 149.99 0 77.51 452.50 0 370.02 45.00 0 92.41 106.28 0 436.38 471.24 0 273.76 88.78
44 6 0 93.77 572.51 0 91.25 106.27 0 77.51 452.50 0 362.50 50.01 0 563.35 151.25 0 431.23 471.23
45 7 0 100.01 572.53 0 83.17 452.26 0 565.02 153.79 0 97.44 106.30 0 362.59 53.72 0 433.74 469.21 0 273.74 98.76
46 7 0 100.01 570.03 0 82.50 449.08 0 558.68 150.03 0 97.51 105.06 0 358.73 53.76 0 428.50 466.24 0 271.24 98.75
47 7 0 104.92 570.07 0 102.93 106.26 0 428.73 463.73 0 275.03 103.72 0 86.23 449.17 0 358.75 58.75 0 556.26 153.77
48 6 0 106.16 565.04 0 89.99 442.50 0 551.23 148.76 0 426.26 456.28 0 103.74 101.27 0 357.50 58.61
49 7 0 112.51 564.95 0 428.72 453.77 0 357.50 59.90 0 111.23 98.77 0 96.27 441.25 0 551.24 148.76 0 282.50 106.29
50 6 0 115.37 563.44 0 114.87 98.76 0 427.49 450.00 0 548.83 146.82 0 356.26 62.06 0 98.75 438.76
