1 0
2 0
3 1 0 546.23 318.73
4 2 0 546.23 318.74 0 248.75 76.22
5 2 0 250.02 75.03 0 546.23 320.95
6 2 0 251.25 75.02 0 546.22 321.26
7 2 0 251.25 75.78 0 543.73 321.27
8 2 0 543.74 321.28 0 253.74 74.67
9 3 0 253.75 73.79 0 541.28 323.60 0 115.04 30.00
10 3 0 541.25 323.77 0 253.75 73.79 0 256.22 73.79
11 2 0 541.24 323.75 0 256.25 73.77
12 2 0 540.01 325.01 0 256.29 73.75
13 2 0 539.99 325.00 0 258.75 73.72
14 2 0 258.76 73.77 0 538.76 326.26
15 2 0 261.24 73.74 0 536.36 326.26
16 2 0 85.01 16.22 0 261.25 73.76
17 3 0 85.00 17.27 0 261.27 73.76 0 536.25 328.77
18 3 0 84.97 18.17 0 263.74 73.74 0 533.76 328.77
19 3 0 84.96 18.75 0 263.75 73.75 0 533.75 329.80
20 3 0 85.02 20.02 0 532.52 330.02 0 266.25 73.75
21 3 0 86.18 21.24 0 532.50 330.01 0 266.26 73.78
22 3 0 85.03 22.10 0 530.03 330.01 0 267.50 73.76
23 3 0 85.98 23.74 0 530.02 332.49 0 268.73 73.76
24 3 0 85.02 23.75 0 529.56 332.48 0 269.99 73.79
25 3 0 271.23 73.76 0 85.00 26.24 0 528.77 333.80
26 3 0 86.23 26.25 0 526.26 333.75 0 271.24 73.76
27 3 0 86.23 27.50 0 273.75 73.76 0 526.26 333.75
28 2 0 86.23 28.75 0 273.74 73.76
29 3 0 86.23 28.75 0 275.00 73.79 0 526.23 336.28
30 3 0 86.24 31.25 0 276.27 73.75 0 523.77 336.26
31 3 0 86.26 31.27 0 276.42 73.78 0 523.77 337.49
32 4 0 86.25 33.74 0 278.75 73.77 0 522.52 338.75 0 278.71 72.03
33 3 0 86.24 33.73 0 278.73 73.76 0 521.25 338.76
34 4 0 86.24 34.96 0 521.25 338.75 0 281.06 73.77 0 279.03 73.73
35 3 0 86.23 36.01 0 281.26 73.75 0 518.70 340.00
36 3 0 86.26 37.28 0 518.70 340.00 0 281.26 73.75
37 2 0 86.26 37.51 0 517.50 340.29
38 4 0 86.25 38.77 0 516.23 341.24 0 35.01 285.02 0 283.75 73.75
39 3 0 86.26 39.39 0 516.24 341.26 0 286.18 71.25
40 3 0 86.26 41.26 0 286.24 71.24 0 513.75 342.89
41 3 0 86.28 41.25 0 513.73 343.74 0 288.74 71.26
42 3 0 87.50 43.76 0 288.74 71.25 0 513.75 343.74
43 3 0 86.25 43.77 0 290.05 71.25 0 513.72 346.27
44 4 0 86.25 46.24 0 511.24 346.23 0 291.24 71.27 0 87.53 45.58
45 3 0 86.29 46.27 0 511.24 346.20 0 291.27 71.26
46 2 0 508.76 347.53 0 87.49 46.26
47 4 0 293.76 71.24 0 508.16 347.50 0 86.50 48.73 0 87.56 47.48
48 3 0 508.74 347.49 0 88.75 48.77 0 294.91 71.23
49 3 0 88.77 50.14 0 507.47 349.32 0 296.26 71.24
50 4 0 88.76 51.25 0 296.25 71.23 0 506.30 349.98 0 42.50 442.53
