1 0
2 4 0 74.07 548.75 0 451.25 572.49 0 307.49 563.84 0 446.24 113.77
3 3 0 73.78 541.27 0 442.49 108.85 0 446.24 566.25
4 5 0 74.98 540.00 0 445.01 562.50 0 442.50 110.02 0 452.48 141.20 0 302.39 553.75
5 5 0 80.00 536.24 0 307.49 547.49 0 446.26 558.74 0 448.74 108.77 0 446.22 108.74
6 4 0 87.52 541.39 0 452.50 117.51 0 452.50 563.75 0 461.25 147.54
7 6 0 81.25 536.25 0 442.50 556.27 0 442.51 113.93 0 306.25 546.25 0 31.26 306.28 0 306.24 543.75
8 6 0 86.23 545.00 0 446.24 123.75 0 445.00 562.51 0 36.25 315.00 0 308.75 551.24 0 458.77 156.24
9 5 0 82.51 537.48 0 437.49 555.02 0 31.26 308.73 0 441.24 121.21 0 452.53 151.24
10 6 0 85.04 540.00 0 452.49 157.48 0 437.51 557.57 0 307.49 547.49 0 441.26 126.23 0 441.25 128.73
11 5 0 96.25 536.74 0 445.02 555.00 0 315.00 543.72 0 95.02 537.54 0 463.68 157.40
12 3 0 88.77 538.76 0 453.75 162.31 0 439.75 131.28
13 7 0 90.02 532.52 0 452.48 157.48 0 433.75 548.73 0 41.26 307.08 0 12.58 290.00 0 441.25 126.23 0 306.26 536.25
14 3 0 97.65 529.99 0 76.27 13.74 0 459.99 157.51
15 4 0 102.48 531.28 0 78.73 17.57 0 314.99 531.21 0 461.23 161.29
16 6 0 96.25 529.99 0 71.24 17.85 0 307.50 529.26 0 452.67 163.78 0 438.74 131.24 0 428.75 543.52
17 8 0 96.27 533.77 0 71.25 23.75 0 437.49 138.76 0 307.49 532.46 0 427.50 547.22 0 453.67 170.04 0 48.75 313.74 0 450.00 467.51
18 6 0 107.50 528.75 0 81.19 21.27 0 446.26 136.31 0 431.24 538.73 0 208.78 548.95 0 461.24 168.89
19 4 0 105.26 536.25 0 77.50 31.23 0 16.28 156.24 0 442.53 146.21
20 6 0 102.49 526.26 0 438.66 138.75 0 76.26 23.71 0 308.75 522.42 0 13.75 147.72 0 426.26 536.25
21 9 0 111.23 533.75 0 33.77 298.75 0 461.13 181.25 0 21.25 156.26 0 314.30 528.75 0 63.74 318.76 0 81.26 33.75 0 442.53 147.53 0 430.00 541.19
22 4 0 113.68 532.49 0 83.76 33.81 0 23.73 158.74 0 37.47 298.76
23 7 0 115.00 525.01 0 85.01 30.02 0 428.75 532.51 0 442.51 146.89 0 26.26 153.75 0 21.23 621.23 0 38.74 292.61
24 5 0 109.95 524.97 0 19.99 153.73 0 78.70 29.99 0 16.25 618.75 0 435.65 147.49
25 9 0 111.24 523.74 0 34.98 292.51 0 21.98 153.75 0 308.80 514.25 0 18.76 618.75 0 433.77 149.96 0 418.75 528.74 0 78.73 31.22 0 78.76 33.25
26 9 0 119.96 531.09 0 30.00 161.40 0 43.75 298.75 0 314.99 517.50 0 441.45 157.51 0 26.27 623.73 0 423.74 533.74 0 86.23 41.26 0 88.70 41.25
27 7 0 115.00 522.51 0 26.16 156.27 0 38.74 293.77 0 81.27 36.23 0 21.24 616.26 0 416.26 526.29 0 413.74 526.25
28 5 0 114.98 526.25 0 26.26 161.26 0 81.25 41.24 0 456.25 193.76 0 22.48 618.74
29 4 0 28.73 163.74 0 117.52 527.50 0 83.74 45.88 0 42.51 298.72
30 6 0 122.50 529.96 0 86.25 48.75 0 29.97 621.26 0 48.77 301.25 0 413.75 528.75 0 33.74 166.26
31 8 0 127.51 518.75 0 37.50 157.49 0 52.56 291.27 0 90.48 41.28 0 314.97 501.27 0 33.75 610.03 0 438.68 161.23 0 417.13 516.29
32 7 0 122.50 523.77 0 84.02 46.41 0 32.51 164.99 0 48.74 297.51 0 456.26 201.25 0 408.75 521.31 0 28.75 613.73
33 10 0 126.24 517.49 0 36.19 161.26 0 51.34 292.49 0 77.50 317.50 0 408.91 515.03 0 311.23 498.75 0 86.31 43.76 0 31.23 608.75 0 458.76 198.75 0 431.23 162.07
34 9 0 127.51 517.49 0 36.23 161.26 0 52.51 292.51 0 86.27 46.25 0 406.25 513.76 0 311.26 497.59 0 33.74 606.26 0 81.24 318.75 0 458.74 201.23
35 7 0 43.76 162.53 0 133.73 516.25 0 41.26 606.24 0 463.73 201.26 0 93.70 48.75 0 409.34 511.26 0 92.89 46.91
36 9 0 137.50 524.98 0 46.25 172.50 0 43.75 613.75 0 409.99 518.75 0 61.25 301.29 0 94.23 58.69 0 463.74 211.25 0 96.10 58.64 0 316.25 500.00
37 9 0 43.76 163.77 0 135.01 515.00 0 42.49 602.53 0 92.41 51.27 0 459.99 204.98 0 61.28 292.50 0 311.25 488.77 0 405.36 509.66 0 433.79 171.28
38 5 0 141.25 515.23 0 48.78 166.26 0 96.26 53.75 0 316.24 488.77 0 406.24 506.27
39 6 0 138.68 523.75 0 46.25 176.25 0 42.51 609.99 0 93.40 63.75 0 401.30 511.25 0 66.27 301.87
40 8 0 146.25 516.36 0 52.52 602.51 0 467.49 212.67 0 53.88 168.81 0 99.04 58.75 0 55.01 169.96 0 318.72 486.28 0 406.26 503.76
41 10 0 141.26 522.49 0 48.75 176.27 0 398.72 508.74 0 428.75 190.02 0 67.50 42.50 0 93.74 66.28 0 461.22 223.70 0 46.21 608.77 0 48.73 608.76 0 313.75 489.37
42 8 0 140.00 518.74 0 427.49 187.49 0 396.24 503.74 0 93.75 63.74 0 48.79 176.25 0 458.74 221.26 0 46.24 604.97 0 66.28 298.74
43 5 0 143.68 519.98 0 51.26 178.75 0 96.25 68.78 0 427.52 191.18 0 50.41 606.25
44 5 0 143.72 516.27 0 51.25 176.26 0 93.75 67.32 0 310.02 481.27 0 426.22 190.00
45 9 0 149.82 519.99 0 427.49 197.49 0 313.75 483.76 0 57.52 181.28 0 98.76 73.75 0 56.27 606.25 0 101.32 334.89 0 396.25 506.27 0 463.74 231.26
46 5 0 147.49 516.27 0 96.26 71.24 0 56.25 178.75 0 311.23 478.39 0 53.76 601.25
47 4 0 153.77 508.92 0 61.25 173.75 0 101.26 66.24 0 81.27 293.06
48 8 0 151.23 512.50 0 98.75 71.25 0 388.68 492.51 0 58.75 177.49 0 423.73 196.25 0 58.79 595.02 0 78.72 296.28 0 311.23 470.10
49 8 0 160.01 517.47 0 67.31 185.78 0 106.24 78.74 0 318.75 476.25 0 430.01 205.00 0 393.75 496.27 0 3.84 94.67 0 467.49 237.48
50 6 0 163.76 516.19 0 108.73 78.75 0 70.12 183.73 0 393.76 493.74 0 321.26 473.77 0 118.75 587.51
