1 0
2 1 0 163.75 547.75
3 3 0 167.02 543.78 0 603.76 46.26 0 401.28 149.67
4 3 0 166.27 543.74 0 296.25 501.25 0 601.49 46.27
5 4 0 168.77 546.28 0 602.51 52.50 0 296.26 506.26 0 397.51 155.02
6 6 0 170.01 546.25 0 624.95 279.99 0 396.10 157.08 0 601.23 51.90 0 297.36 503.74 0 598.70 53.80
7 5 0 168.92 546.27 0 622.49 279.99 0 597.66 53.76 0 292.22 492.52 0 296.31 503.72
8 5 0 620.00 278.92 0 596.24 53.75 0 289.99 490.01 0 168.76 546.24 0 296.36 501.32
9 6 0 623.72 279.98 0 173.73 544.92 0 301.19 501.24 0 598.72 53.77 0 293.69 490.11 0 296.29 489.52
10 4 0 622.49 278.75 0 597.53 52.50 0 176.27 543.17 0 301.22 498.72
11 5 0 621.26 277.51 0 597.50 52.50 0 176.27 541.26 0 301.25 496.25 0 292.81 485.04
12 6 0 617.60 281.28 0 300.01 499.99 0 622.71 207.48 0 176.27 546.24 0 595.00 58.73 0 291.73 488.88
13 6 0 618.71 281.29 0 623.73 207.50 0 293.72 485.03 0 596.24 58.76 0 303.72 498.73 0 178.76 543.76
14 6 0 622.46 205.00 0 618.75 278.74 0 178.80 541.07 0 303.72 493.78 0 596.22 56.25 0 292.65 482.48
15 7 0 616.74 282.44 0 622.49 210.01 0 181.25 543.75 0 21.15 156.26 0 596.24 60.00 0 293.57 483.73 0 306.16 496.27
16 8 0 622.48 206.28 0 616.22 278.31 0 615.02 277.50 0 292.75 477.48 0 181.25 540.40 0 306.23 491.26 0 21.24 153.76 0 593.76 56.24
17 8 0 621.26 210.01 0 615.63 281.98 0 20.96 156.27 0 292.83 481.69 0 307.45 493.77 0 183.73 543.71 0 593.80 61.22 0 620.14 369.99
18 8 0 611.27 283.76 0 617.51 212.50 0 18.74 158.73 0 291.29 481.30 0 181.25 543.75 0 305.52 494.31 0 306.07 495.88 0 591.23 62.69
19 7 0 617.51 208.25 0 611.24 279.10 0 291.27 477.47 0 18.76 155.23 0 306.24 488.77 0 591.24 58.74 0 183.58 538.73
20 6 0 617.51 209.99 0 589.99 60.01 0 610.00 279.98 0 307.48 488.76 0 183.73 538.76 0 291.23 473.74
21 7 0 617.56 210.02 0 610.01 281.22 0 187.49 540.00 0 590.04 61.24 0 291.27 473.76 0 21.25 157.50 0 311.21 488.76
22 8 0 612.48 212.55 0 606.23 281.43 0 307.45 488.79 0 288.74 473.80 0 586.25 63.75 0 18.77 161.23 0 607.53 282.50 0 635.95 49.99
23 9 0 309.93 490.01 0 616.27 217.49 0 587.48 67.50 0 291.43 476.25 0 606.25 285.01 0 610.02 370.01 0 188.75 543.74 0 21.26 163.93 0 386.31 168.74
24 7 0 603.75 285.01 0 612.51 217.50 0 20.00 165.01 0 309.01 488.76 0 586.25 67.59 0 187.50 541.25 0 288.75 473.82
25 8 0 604.98 281.37 0 614.99 213.18 0 292.20 468.73 0 23.74 161.22 0 313.72 483.76 0 586.26 63.73 0 191.25 538.75 0 311.58 483.72
26 8 0 611.55 218.75 0 601.26 286.25 0 311.22 486.28 0 586.24 68.88 0 20.93 166.23 0 288.76 471.24 0 190.03 540.00 0 286.42 471.25
27 7 0 611.25 220.03 0 601.26 286.25 0 288.74 471.24 0 21.24 168.76 0 312.67 486.26 0 583.71 69.98 0 190.02 540.78
28 5 0 317.49 483.55 0 603.76 283.75 0 291.24 466.94 0 613.83 217.47 0 587.49 67.52
29 7 0 612.50 221.33 0 602.48 287.51 0 290.72 468.73 0 316.25 485.02 0 586.26 71.25 0 23.74 171.23 0 25.93 170.75
30 6 0 611.26 222.50 0 601.26 287.50 0 317.50 485.02 0 289.56 468.72 0 583.74 71.24 0 23.77 171.25
31 6 0 608.76 223.30 0 316.25 484.95 0 598.74 287.64 0 288.78 467.49 0 23.74 173.76 0 583.73 73.77
32 8 0 608.88 224.90 0 598.73 288.75 0 317.50 483.75 0 290.00 466.27 0 23.74 173.73 0 603.59 365.02 0 598.00 287.51 0 583.73 74.98
33 7 0 598.73 288.75 0 609.21 224.98 0 26.26 173.77 0 288.79 466.24 0 318.74 483.76 0 583.72 75.09 0 597.54 287.49
34 6 0 597.51 283.75 0 608.75 221.26 0 27.50 172.51 0 291.22 458.74 0 321.25 476.25 0 581.27 71.23
35 5 0 322.52 477.51 0 596.25 285.87 0 290.00 458.77 0 607.50 222.37 0 583.73 73.79
36 6 0 593.75 283.77 0 606.25 222.49 0 322.52 475.08 0 580.00 75.02 0 288.75 458.51 0 27.49 173.85
37 7 0 602.51 226.27 0 590.35 288.79 0 286.21 458.75 0 318.73 478.72 0 21.25 176.26 0 202.48 538.89 0 578.05 77.48
38 8 0 604.99 228.76 0 592.49 289.99 0 322.49 478.74 0 288.78 460.07 0 578.75 78.76 0 206.22 539.99 0 26.27 178.80 0 23.71 181.10
39 8 0 606.24 227.50 0 325.01 475.00 0 580.01 77.51 0 593.74 288.54 0 288.77 456.26 0 592.45 287.82 0 28.75 176.78 0 208.75 538.75
40 7 0 605.03 227.51 0 326.25 473.75 0 579.99 77.50 0 592.48 288.75 0 28.81 178.75 0 290.11 453.75 0 210.64 536.78
41 6 0 602.51 226.26 0 587.51 286.27 0 323.74 471.25 0 286.24 451.26 0 26.25 176.25 0 577.34 77.91
42 8 0 602.49 227.48 0 588.74 286.35 0 210.97 533.75 0 28.74 178.76 0 286.25 451.25 0 326.24 468.74 0 27.50 428.82 0 578.76 78.72
43 7 0 588.73 291.26 0 602.50 232.49 0 288.76 453.76 0 328.73 473.74 0 212.51 538.74 0 30.03 181.42 0 577.06 83.75
44 7 0 601.25 233.74 0 587.33 292.48 0 288.76 453.78 0 328.74 473.73 0 29.98 186.29 0 576.27 84.44 0 213.68 538.74
45 10 0 586.38 289.99 0 601.23 233.75 0 288.77 449.99 0 330.01 471.24 0 602.44 232.48 0 216.26 536.27 0 576.29 83.73 0 31.27 183.74 0 33.63 183.75 0 214.99 535.02
46 8 0 596.51 231.26 0 582.49 288.74 0 213.40 533.75 0 572.51 82.49 0 28.72 182.84 0 326.26 468.74 0 328.01 468.76 0 284.98 446.26
47 7 0 213.74 533.75 0 581.24 289.92 0 595.00 231.24 0 283.97 446.27 0 570.80 82.50 0 28.22 183.73 0 326.25 466.29
48 7 0 596.25 236.26 0 581.25 293.75 0 29.99 190.01 0 216.27 536.30 0 331.17 471.25 0 286.26 448.77 0 572.52 88.82
49 6 0 598.00 235.02 0 583.53 291.27 0 333.76 468.75 0 218.75 534.02 0 33.76 188.75 0 572.59 86.26
50 6 0 593.74 233.75 0 282.81 442.52 0 578.75 288.85 0 30.00 187.49 0 216.26 531.25 0 331.15 466.24
