1 0
2 2 0 532.49 591.23 0 171.26 485.01
3 3 0 171.26 483.77 0 532.50 590.02 0 46.23 188.72
4 2 0 528.75 583.76 0 171.28 477.51
5 3 0 173.76 476.26 0 530.45 581.70 0 33.75 106.26
6 2 0 526.24 581.25 0 172.45 476.24
7 4 0 526.25 583.74 0 48.76 190.10 0 173.99 478.74 0 175.81 478.69
8 5 0 35.00 115.03 0 528.75 581.25 0 178.75 476.24 0 51.34 193.79 0 51.24 191.23
9 3 0 526.22 576.26 0 176.27 471.23 0 49.97 191.18
10 5 0 526.23 573.76 0 35.01 115.00 0 178.73 468.80 0 51.26 193.78 0 51.25 191.25
11 4 0 526.24 576.25 0 181.23 471.26 0 35.01 122.52 0 53.62 201.26
12 4 0 183.73 468.84 0 37.51 122.50 0 53.74 198.77 0 528.74 573.76
13 4 0 526.22 572.49 0 37.49 125.00 0 183.74 468.74 0 56.26 203.75
14 4 0 528.74 568.76 0 57.57 202.15 0 187.48 465.57 0 37.50 124.98
15 4 0 188.74 462.48 0 61.25 203.75 0 528.28 566.25 0 466.25 16.26
16 5 0 188.74 463.75 0 37.50 130.01 0 526.24 566.26 0 61.25 208.72 0 466.50 18.74
17 4 0 526.25 561.26 0 190.00 458.10 0 37.50 130.01 0 63.68 205.02
18 7 0 42.51 132.51 0 191.24 458.76 0 467.50 21.31 0 526.26 561.24 0 63.67 208.73 0 52.90 208.89 0 52.56 206.30
19 4 0 526.25 558.75 0 193.73 458.63 0 53.49 210.02 0 66.23 210.02
20 4 0 523.75 556.22 0 52.65 210.08 0 193.71 453.76 0 66.07 210.50
21 5 0 521.38 558.77 0 461.18 28.81 0 193.57 456.25 0 66.25 216.25 0 38.67 139.99
22 6 0 193.76 451.26 0 458.76 27.51 0 521.26 551.21 0 49.71 213.55 0 63.68 213.73 0 38.10 137.11
23 5 0 526.23 551.25 0 198.74 450.02 0 42.52 140.05 0 69.89 216.26 0 53.76 217.24
24 5 0 521.26 548.72 0 196.29 446.24 0 67.80 216.26 0 460.00 29.98 0 50.47 216.46
25 4 0 523.75 548.75 0 201.48 448.73 0 73.77 221.25 0 53.74 221.34
26 5 0 522.50 548.75 0 201.25 448.77 0 460.00 37.49 0 73.79 223.75 0 53.42 226.24
27 5 0 203.75 443.74 0 523.76 543.73 0 460.00 35.06 0 73.79 221.25 0 53.74 223.76
28 7 0 201.24 441.25 0 518.72 541.26 0 619.99 506.71 0 48.75 226.25 0 71.21 221.36 0 42.52 149.98 0 456.26 36.28
29 5 0 205.71 443.77 0 521.26 543.73 0 73.78 228.75 0 620.01 510.01 0 52.49 233.76
30 5 0 518.74 536.26 0 50.02 229.87 0 204.99 437.50 0 616.26 506.30 0 73.74 226.26
31 6 0 77.48 227.49 0 52.50 230.03 0 208.76 436.25 0 616.27 506.26 0 521.16 534.88 0 122.52 387.48
32 6 0 517.68 533.76 0 612.50 507.51 0 76.48 229.63 0 206.23 436.24 0 48.77 233.76 0 456.29 46.24
33 6 0 211.27 436.35 0 521.26 536.28 0 612.54 511.23 0 458.78 50.08 0 53.70 241.29 0 81.26 233.74
34 4 0 212.50 436.25 0 82.51 235.00 0 52.51 242.51 0 519.98 533.75
35 6 0 212.55 430.01 0 610.00 509.58 0 53.69 238.74 0 81.24 233.76 0 81.24 231.23 0 456.26 50.01
36 6 0 518.72 526.23 0 52.50 242.50 0 213.75 428.48 0 606.25 508.76 0 21.45 27.78 0 82.48 233.77
37 5 0 516.24 526.25 0 212.53 427.46 0 602.51 510.01 0 49.17 244.97 0 81.24 236.25
38 6 0 516.25 526.24 0 51.27 251.41 0 602.50 514.75 0 452.64 60.01 0 83.55 241.28 0 213.74 430.19
39 6 0 85.02 242.50 0 516.41 526.11 0 52.48 252.48 0 216.41 428.75 0 23.74 37.32 0 598.73 513.77
40 7 0 514.94 518.74 0 50.05 251.25 0 597.48 509.99 0 450.97 60.01 0 282.50 562.53 0 217.46 423.17 0 83.77 238.78
41 7 0 516.23 522.51 0 597.49 515.01 0 27.48 37.51 0 86.24 246.24 0 218.76 426.30 0 51.25 256.25 0 218.76 424.13
42 6 0 518.73 516.26 0 223.75 421.23 0 90.10 245.00 0 52.51 179.13 0 53.76 256.24 0 597.50 513.75
43 6 0 518.71 513.75 0 92.51 244.99 0 452.47 67.52 0 51.17 180.00 0 223.75 418.76 0 53.62 258.75
44 10 0 516.24 516.25 0 91.22 249.98 0 590.01 516.23 0 452.49 70.02 0 51.67 261.30 0 226.01 421.25 0 31.22 43.75 0 51.26 186.27 0 82.52 330.01 0 589.97 556.96
45 7 0 35.02 42.52 0 590.00 513.78 0 516.26 511.24 0 226.30 417.45 0 93.74 250.00 0 52.52 263.38 0 453.76 71.24
46 9 0 91.12 252.49 0 223.74 416.26 0 511.32 511.26 0 583.72 514.94 0 450.03 71.14 0 31.24 46.26 0 51.15 266.24 0 452.51 570.00 0 513.43 511.26
47 8 0 227.50 411.26 0 35.01 45.00 0 92.74 250.00 0 513.75 506.26 0 449.82 71.24 0 52.40 263.73 0 583.73 511.23 0 602.51 157.51
48 8 0 226.24 411.25 0 93.60 252.51 0 511.26 505.68 0 50.31 268.06 0 35.02 45.00 0 579.35 511.24 0 445.05 74.99 0 512.49 504.93
49 6 0 515.02 506.27 0 581.26 516.26 0 96.24 258.77 0 42.50 51.47 0 233.38 412.93 0 56.27 193.73
50 7 0 511.24 501.28 0 576.26 513.77 0 51.51 269.98 0 37.49 49.98 0 96.25 253.68 0 231.22 406.26 0 52.52 191.06
