1 0
2 3 0 284.61 35.62 0 478.75 243.75 0 203.73 20.00
3 4 0 285.08 37.52 0 476.25 243.77 0 290.01 604.80 0 204.01 21.21
4 5 0 474.99 243.77 0 286.25 38.76 0 288.75 601.35 0 233.79 98.76 0 205.39 22.46
5 6 0 287.52 41.27 0 473.76 243.94 0 208.76 23.72 0 288.76 601.21 0 236.23 98.73 0 472.49 244.99
6 4 0 288.74 42.55 0 471.25 245.00 0 291.24 598.77 0 208.76 26.26
7 4 0 290.02 45.02 0 468.73 245.32 0 211.25 27.33 0 292.49 595.03
8 4 0 291.73 47.51 0 466.24 246.24 0 212.51 28.74 0 293.72 593.76
9 4 0 292.51 49.99 0 463.74 246.26 0 213.73 29.93 0 293.73 590.95
10 4 0 461.24 246.24 0 293.75 51.28 0 217.18 31.25 0 293.76 588.75
11 4 0 295.01 52.49 0 458.75 246.23 0 218.75 33.75 0 296.25 586.29
12 4 0 296.29 55.00 0 456.34 247.26 0 221.24 36.27 0 296.25 583.75
13 5 0 297.48 57.52 0 453.75 247.52 0 251.78 108.83 0 298.57 581.25 0 221.22 37.50
14 6 0 298.74 60.00 0 451.53 247.66 0 223.74 38.75 0 253.41 109.97 0 298.75 578.77 0 532.53 235.06
15 4 0 300.00 61.29 0 449.98 248.75 0 298.75 576.27 0 226.33 41.24
16 4 0 300.02 62.49 0 447.53 248.76 0 227.49 42.51 0 300.04 573.75
17 5 0 445.01 248.75 0 302.51 64.98 0 230.01 44.74 0 301.24 571.24 0 258.76 113.71
18 5 0 442.50 249.82 0 303.69 67.51 0 303.75 571.18 0 261.23 115.01 0 231.26 46.25
19 3 0 305.00 70.03 0 441.02 250.00 0 233.75 48.75
20 6 0 437.49 250.02 0 305.03 71.60 0 389.99 52.51 0 235.00 49.19 0 266.26 117.49 0 303.74 563.76
21 5 0 436.24 250.13 0 307.51 72.52 0 237.51 51.25 0 267.48 117.51 0 306.25 562.49
22 7 0 308.73 75.04 0 433.75 251.23 0 306.26 561.24 0 268.76 121.21 0 238.76 53.01 0 226.24 611.25 0 241.23 52.50
23 5 0 310.00 77.50 0 431.23 251.26 0 307.49 557.51 0 270.00 122.50 0 241.25 53.77
24 7 0 428.73 252.46 0 310.05 80.00 0 308.73 554.03 0 532.52 235.01 0 243.76 56.27 0 226.25 606.27 0 273.78 123.48
25 6 0 426.25 251.26 0 312.49 81.32 0 274.99 123.75 0 226.30 605.05 0 308.77 553.70 0 245.02 58.72
26 6 0 313.75 83.77 0 277.49 125.00 0 423.75 252.49 0 227.49 602.50 0 248.75 58.75 0 310.66 551.23
27 4 0 315.00 85.03 0 421.26 253.35 0 250.00 60.98 0 309.98 548.73
28 6 0 419.42 253.73 0 316.24 87.49 0 251.27 61.21 0 313.74 546.30 0 226.26 596.24 0 281.26 128.76
29 6 0 317.46 90.01 0 416.44 253.74 0 282.51 130.02 0 226.25 594.64 0 253.75 63.75 0 313.76 542.73
30 5 0 317.48 92.48 0 414.72 253.76 0 283.79 131.25 0 313.74 541.27 0 226.25 591.24
31 6 0 319.99 93.72 0 412.49 253.77 0 226.25 589.09 0 285.69 132.50 0 314.20 538.76 0 256.28 67.86
32 5 0 320.04 94.98 0 226.24 587.51 0 409.99 253.83 0 316.25 536.27 0 258.76 68.75
33 7 0 322.49 97.50 0 260.02 70.01 0 408.74 254.93 0 317.45 534.03 0 226.25 583.79 0 288.75 136.25 0 226.25 585.55
34 5 0 322.54 100.02 0 226.24 583.74 0 406.25 255.89 0 317.50 532.49 0 291.25 136.28
35 6 0 325.00 102.38 0 226.26 580.00 0 403.15 256.25 0 318.74 529.98 0 292.54 138.74 0 263.72 73.79
36 4 0 325.03 103.73 0 401.25 256.25 0 226.26 578.75 0 266.69 76.25
37 6 0 398.74 256.28 0 326.28 106.19 0 267.49 77.50 0 321.26 524.99 0 226.37 576.24 0 327.53 105.04
38 5 0 396.23 256.27 0 327.52 107.59 0 226.32 573.74 0 322.61 522.51 0 270.00 78.75
39 7 0 329.99 110.01 0 226.26 571.25 0 393.74 257.49 0 271.23 81.25 0 323.74 521.24 0 298.74 143.74 0 273.60 81.25
40 6 0 329.99 112.50 0 323.84 517.50 0 275.01 82.51 0 391.23 257.61 0 301.24 146.27 0 226.26 568.75
41 6 0 332.44 114.87 0 388.82 258.76 0 324.99 516.24 0 275.00 82.50 0 226.26 566.25 0 303.73 148.77
42 7 0 332.49 116.25 0 387.49 258.75 0 227.95 563.76 0 326.24 513.77 0 277.51 85.32 0 303.78 148.74 0 306.25 148.74
43 5 0 333.82 117.51 0 383.73 258.76 0 227.49 561.21 0 307.49 151.24 0 326.37 510.01
44 5 0 334.99 120.00 0 382.50 258.76 0 228.74 558.74 0 328.75 508.73 0 281.25 88.75
45 6 0 337.14 122.52 0 379.97 259.53 0 228.74 556.29 0 283.73 91.27 0 330.00 506.27 0 309.99 154.99
46 6 0 337.52 123.76 0 285.00 92.50 0 228.71 553.77 0 331.23 503.75 0 377.87 258.78 0 311.27 154.98
47 6 0 340.00 126.24 0 331.25 501.22 0 228.73 551.26 0 374.96 261.27 0 313.77 156.23 0 286.25 93.76
48 6 0 228.72 548.78 0 331.26 498.76 0 372.51 260.30 0 340.02 127.48 0 316.25 158.75 0 288.75 96.26
49 6 0 341.26 130.04 0 370.95 261.26 0 228.74 546.27 0 333.75 497.47 0 291.25 98.75 0 316.41 161.25
50 6 0 342.49 132.51 0 292.51 98.76 0 368.72 261.26 0 318.71 162.50 0 228.74 545.06 0 333.75 493.73
