1 0
2 4 0 103.73 196.27 0 431.20 586.94 0 143.75 376.24 0 347.74 616.26
3 2 0 98.72 203.77 0 138.74 383.75
4 3 0 99.99 205.04 0 141.25 383.74 0 426.30 595.01
5 3 0 101.26 197.48 0 141.24 376.27 0 343.74 613.76
6 3 0 102.47 204.99 0 142.49 386.27 0 426.30 591.26
7 4 0 104.04 196.94 0 346.37 612.49 0 427.51 581.23 0 143.75 377.41
8 4 0 102.48 202.46 0 427.49 587.50 0 142.49 383.56 0 343.73 616.25
9 3 0 103.72 201.21 0 143.74 381.23 0 426.23 583.73
10 4 0 114.73 202.52 0 153.76 384.73 0 353.77 616.25 0 436.78 586.22
11 3 0 151.23 378.77 0 111.24 196.72 0 433.75 578.87
12 5 0 107.45 205.02 0 147.48 387.51 0 429.61 587.48 0 343.76 616.26 0 345.96 616.26
13 2 0 117.47 202.50 0 156.25 385.37
14 3 0 109.93 198.77 0 147.50 381.27 0 428.74 578.74
15 3 0 115.00 206.38 0 153.74 390.99 0 349.86 613.50
16 5 0 110.00 202.48 0 149.13 386.25 0 463.73 81.35 0 149.99 385.01 0 343.74 608.76
17 5 0 157.49 390.04 0 118.78 206.26 0 353.75 611.26 0 351.23 611.25 0 473.76 86.25
18 5 0 118.76 207.19 0 157.52 391.24 0 417.81 628.23 0 350.01 609.99 0 435.00 580.82
19 4 0 116.27 197.49 0 430.00 571.88 0 348.75 601.23 0 153.74 381.40
20 4 0 121.26 206.31 0 623.75 38.75 0 353.74 609.00 0 158.73 391.23
21 5 0 121.26 207.45 0 434.98 578.94 0 621.25 38.74 0 158.75 393.68 0 160.01 392.49
22 4 0 117.52 206.27 0 156.24 391.24 0 347.49 605.01 0 616.44 38.74
23 5 0 623.74 33.76 0 126.24 199.99 0 354.99 597.49 0 163.75 386.27 0 438.07 570.02
24 4 0 128.74 203.76 0 165.98 390.01 0 623.74 38.74 0 357.49 602.52
25 5 0 121.25 205.10 0 347.51 602.50 0 613.74 41.23 0 158.67 391.23 0 158.64 393.75
26 5 0 130.00 198.74 0 356.95 595.02 0 166.24 386.23 0 621.27 36.25 0 438.73 566.23
27 6 0 131.26 203.75 0 168.74 391.24 0 357.47 597.51 0 622.33 39.61 0 441.25 568.95 0 426.24 617.94
28 5 0 132.51 204.78 0 621.24 41.26 0 355.02 597.50 0 168.75 391.21 0 441.31 568.75
29 6 0 132.50 200.02 0 168.89 388.71 0 618.77 37.45 0 442.53 564.97 0 426.25 611.25 0 356.27 593.77
30 4 0 132.51 198.75 0 170.00 386.78 0 442.53 562.50 0 618.76 36.26
31 4 0 132.51 207.30 0 168.76 396.25 0 616.18 46.25 0 355.03 597.50
32 6 0 135.00 206.26 0 171.26 396.24 0 616.37 46.24 0 357.50 595.06 0 426.25 613.47 0 441.25 566.25
33 6 0 168.75 396.25 0 612.47 46.24 0 132.51 207.43 0 438.73 566.25 0 421.22 613.73 0 353.77 596.25
34 7 0 130.10 198.71 0 350.00 587.51 0 608.74 38.80 0 167.49 388.66 0 434.97 557.49 0 466.25 77.51 0 618.70 29.86
35 6 0 131.26 197.50 0 437.23 557.50 0 420.00 603.73 0 608.73 39.58 0 167.28 388.75 0 350.01 587.52
36 6 0 137.57 198.59 0 173.75 388.75 0 442.51 555.01 0 427.43 602.51 0 612.19 38.88 0 562.49 107.48
37 6 0 141.22 198.74 0 176.28 388.79 0 427.50 602.52 0 613.76 42.56 0 140.42 199.96 0 623.54 33.70
38 5 0 138.64 197.48 0 173.75 388.75 0 442.48 553.93 0 608.79 41.25 0 470.63 76.26
39 7 0 133.75 203.76 0 168.79 396.24 0 603.74 46.54 0 350.00 587.47 0 436.45 557.50 0 613.76 38.71 0 553.79 115.08
40 8 0 137.52 198.76 0 604.98 42.60 0 173.54 391.25 0 613.85 33.76 0 615.89 33.72 0 557.48 111.22 0 423.68 598.75 0 353.76 581.26
41 5 0 137.53 206.26 0 603.77 51.25 0 173.59 398.75 0 613.73 42.48 0 437.49 557.50
42 4 0 142.57 207.51 0 618.09 43.70 0 606.23 51.63 0 607.61 52.45
43 9 0 140.01 198.76 0 602.91 43.93 0 613.76 35.07 0 438.61 549.98 0 173.94 391.26 0 554.99 115.01 0 423.74 596.47 0 466.55 78.74 0 355.01 578.74
44 8 0 178.75 391.26 0 143.70 197.48 0 442.51 547.50 0 604.04 43.78 0 557.49 115.00 0 616.29 36.18 0 426.25 591.25 0 357.47 576.65
45 5 0 143.73 197.65 0 177.71 391.25 0 601.78 45.04 0 555.05 117.22 0 442.49 547.50
46 8 0 150.06 200.37 0 562.49 117.51 0 185.01 393.75 0 618.75 38.82 0 430.41 594.96 0 362.51 576.32 0 618.07 40.30 0 608.77 48.73
47 5 0 148.73 198.74 0 606.27 46.24 0 183.74 393.70 0 183.74 391.40 0 445.97 546.25
48 9 0 147.48 197.50 0 357.50 572.52 0 468.83 76.25 0 427.48 589.99 0 181.26 391.22 0 601.27 46.64 0 181.25 393.53 0 601.25 48.74 0 612.48 37.50
49 6 0 146.24 206.27 0 180.75 402.50 0 467.50 85.01 0 598.77 56.36 0 426.74 597.51 0 553.75 128.77
50 7 0 149.96 197.51 0 428.63 588.83 0 183.73 393.77 0 357.50 570.00 0 600.42 48.88 0 442.50 541.19 0 609.34 38.78
