1 0
2 2 0 126.23 26.31 0 458.77 162.52
3 2 0 132.37 28.73 0 461.25 162.24
4 3 0 128.75 28.74 0 456.26 158.75 0 501.25 138.76
5 2 0 132.47 32.98 0 458.77 162.51
6 2 0 131.26 33.70 0 453.75 161.28
7 2 0 450.00 162.51 0 127.12 36.04
8 3 0 131.24 40.02 0 452.52 162.54 0 500.00 149.90
9 2 0 450.01 162.53 0 130.06 40.23
10 2 0 129.98 41.25 0 445.00 162.50
11 2 0 131.24 43.75 0 442.50 162.50
12 3 0 131.25 45.14 0 442.51 162.52 0 612.51 165.01
13 4 0 131.25 48.75 0 492.52 155.01 0 442.48 166.14 0 612.52 164.99
14 3 0 130.19 52.62 0 438.72 166.25 0 609.16 168.71
15 3 0 126.23 53.76 0 604.99 162.50 0 433.75 165.01
16 4 0 128.75 52.51 0 602.51 162.51 0 489.99 157.49 0 433.76 163.77
17 3 0 126.24 58.75 0 428.74 166.23 0 597.52 163.77
18 3 0 131.25 61.27 0 431.23 166.25 0 489.99 164.66
19 3 0 128.76 63.75 0 427.50 170.01 0 485.01 169.94
20 4 0 129.77 65.15 0 426.23 168.78 0 101.25 521.60 0 598.71 166.22
21 3 0 128.74 68.73 0 482.50 170.03 0 423.71 168.78
22 3 0 482.52 172.50 0 128.77 70.03 0 421.26 170.01
23 4 0 131.26 68.75 0 482.51 172.49 0 421.25 168.73 0 421.24 166.39
24 2 0 128.75 68.55 0 416.25 166.25
25 2 0 130.01 71.30 0 416.26 166.25
26 2 0 131.27 76.25 0 413.75 170.08
27 3 0 410.01 172.50 0 127.49 80.00 0 581.23 161.26
28 3 0 123.76 19.99 0 127.38 81.33 0 408.11 171.27
29 3 0 128.75 78.75 0 406.22 166.24 0 128.76 16.27
30 2 0 126.26 81.25 0 403.77 166.25
31 3 0 130.00 83.75 0 131.22 20.01 0 403.78 168.76
32 4 0 126.21 88.75 0 397.50 171.26 0 570.59 156.15 0 470.01 189.38
33 4 0 126.24 88.75 0 397.50 170.00 0 571.23 153.90 0 132.85 23.68
34 4 0 128.75 88.79 0 397.49 168.76 0 469.98 189.98 0 136.24 21.26
35 2 0 128.74 96.25 0 136.98 28.73
36 3 0 126.24 98.75 0 136.27 28.74 0 391.20 173.76
37 3 0 389.98 172.50 0 126.24 96.29 0 562.52 155.00
38 3 0 131.23 98.76 0 391.18 172.40 0 143.73 29.73
39 3 0 126.23 101.83 0 141.26 31.22 0 383.74 173.74
40 3 0 126.25 102.49 0 383.74 171.24 0 143.71 30.00
41 3 0 147.49 36.20 0 128.76 108.73 0 383.73 176.25
42 4 0 130.01 110.00 0 149.98 37.50 0 383.51 176.25 0 558.03 153.75
43 4 0 128.77 113.79 0 149.98 37.50 0 456.32 210.02 0 378.76 178.18
44 3 0 126.25 111.26 0 372.58 173.74 0 147.55 37.50
45 2 0 131.26 113.94 0 376.35 176.25
46 3 0 125.55 117.52 0 369.96 176.27 0 151.24 41.30
47 3 0 155.05 43.73 0 126.25 121.26 0 368.76 178.76
48 5 0 126.24 118.74 0 370.00 172.50 0 157.53 42.52 0 452.46 212.50 0 450.01 190.00
49 2 0 128.75 121.27 0 162.50 42.53
50 3 0 129.91 124.99 0 162.49 45.00 0 366.30 176.27
