1 0
2 2 0 306.28 85.02 0 596.55 256.25
3 1 0 592.53 255.03
4 2 0 310.00 90.01 0 589.97 254.96
5 2 0 588.75 250.01 0 313.75 88.76
6 3 0 585.07 253.75 0 316.24 96.26 0 27.44 395.02
7 4 0 580.00 249.99 0 316.26 93.76 0 32.02 16.25 0 32.88 14.93
8 4 0 578.75 250.74 0 37.38 18.76 0 321.25 98.64 0 2.87 250.10
9 3 0 572.45 251.24 0 318.74 101.25 0 33.78 21.27
10 3 0 571.24 253.75 0 323.51 106.27 0 38.74 26.24
11 2 0 566.23 253.75 0 322.53 108.70
12 2 0 563.79 253.75 0 46.21 31.26
13 3 0 557.67 248.75 0 88.77 621.25 0 42.50 31.22
14 4 0 556.23 248.77 0 90.01 618.75 0 328.78 113.76 0 48.73 33.73
15 4 0 553.74 246.85 0 333.72 115.00 0 94.29 614.97 0 18.77 551.24
16 4 0 548.74 248.77 0 93.75 613.75 0 48.78 38.75 0 16.33 548.74
17 6 0 340.00 125.01 0 98.77 612.50 0 548.74 250.01 0 21.24 548.63 0 56.26 43.56 0 620.00 35.04
18 4 0 543.74 246.25 0 98.76 606.27 0 338.77 122.50 0 18.63 541.28
19 6 0 538.76 251.25 0 340.01 130.01 0 56.35 48.75 0 98.75 608.22 0 612.47 43.73 0 16.26 543.74
20 6 0 536.26 246.27 0 100.01 601.25 0 60.36 46.23 0 611.32 41.26 0 343.70 129.66 0 16.26 536.26
21 6 0 531.26 250.24 0 101.21 601.27 0 343.72 136.26 0 16.52 536.26 0 61.25 52.51 0 610.02 46.27
22 5 0 101.25 598.75 0 527.51 250.00 0 16.28 533.74 0 63.74 56.26 0 346.24 138.73
23 5 0 525.00 250.02 0 102.49 596.26 0 347.49 141.28 0 66.26 58.75 0 18.34 531.25
24 7 0 523.75 246.25 0 107.48 588.74 0 21.24 523.76 0 68.75 56.26 0 351.26 141.24 0 353.21 141.24 0 606.23 52.48
25 8 0 107.48 591.18 0 518.73 250.03 0 18.75 526.25 0 71.25 63.75 0 604.60 58.75 0 353.72 147.34 0 351.22 148.03 0 371.50 83.67
26 6 0 518.73 248.76 0 357.49 149.36 0 605.48 60.01 0 111.24 586.27 0 21.26 521.27 0 76.22 63.74
27 6 0 516.25 246.59 0 112.67 582.52 0 21.25 516.86 0 78.71 66.26 0 358.69 151.26 0 361.26 151.25
28 5 0 113.74 580.57 0 23.71 513.78 0 361.25 153.76 0 512.49 246.66 0 602.49 66.79
29 5 0 595.00 70.00 0 78.74 73.76 0 112.45 578.76 0 504.51 248.77 0 18.76 513.73
30 6 0 503.74 243.76 0 116.24 571.21 0 83.74 71.22 0 364.16 156.26 0 596.28 67.52 0 21.25 506.28
31 6 0 116.24 568.77 0 497.93 243.82 0 363.78 158.74 0 83.78 73.78 0 21.25 503.69 0 593.77 73.77
32 5 0 21.16 500.01 0 116.23 566.27 0 85.49 76.23 0 493.75 243.77 0 366.07 162.50
33 6 0 21.23 498.76 0 118.74 566.25 0 491.23 246.24 0 588.76 78.72 0 86.26 81.27 0 366.17 166.29
34 7 0 491.27 246.25 0 373.75 171.26 0 122.50 563.76 0 588.74 82.50 0 93.73 83.73 0 23.75 496.27 0 26.20 496.27
35 5 0 486.22 243.78 0 23.74 490.61 0 122.50 556.26 0 372.49 171.25 0 92.52 82.49
36 6 0 483.74 243.73 0 125.88 553.77 0 378.76 173.79 0 26.25 488.75 0 96.34 84.98 0 581.24 83.92
37 4 0 481.26 243.75 0 26.26 486.25 0 98.87 88.76 0 127.49 552.47
38 5 0 128.76 551.25 0 478.71 246.20 0 28.77 483.73 0 101.24 92.50 0 381.25 181.28
39 7 0 474.70 243.75 0 130.01 546.78 0 383.74 181.27 0 103.74 93.76 0 28.76 481.23 0 28.77 478.88 0 578.51 91.43
40 6 0 131.25 542.48 0 28.75 476.24 0 471.23 243.74 0 386.25 183.74 0 106.26 93.76 0 384.02 183.77
41 5 0 28.75 476.29 0 466.25 246.26 0 131.26 543.74 0 387.50 190.01 0 106.25 101.25
42 6 0 461.25 241.26 0 131.23 536.25 0 27.49 469.01 0 387.47 190.00 0 107.49 99.76 0 568.76 98.76
43 5 0 458.74 246.26 0 133.75 538.75 0 390.00 196.41 0 29.28 471.25 0 110.02 106.28
44 6 0 136.26 531.25 0 457.43 241.23 0 395.02 195.02 0 31.25 463.75 0 113.77 103.75 0 566.24 103.23
45 6 0 133.75 529.57 0 391.23 198.76 0 449.52 243.61 0 28.75 461.27 0 558.69 106.45 0 111.18 106.25
46 5 0 138.76 528.75 0 451.25 244.99 0 397.49 205.02 0 117.50 114.66 0 33.76 461.25
47 5 0 443.75 241.25 0 396.24 203.77 0 555.00 109.99 0 137.06 523.74 0 31.23 456.25
48 6 0 138.75 521.28 0 438.74 241.25 0 118.72 115.55 0 31.22 453.76 0 551.26 113.75 0 396.26 206.25
49 7 0 436.24 241.26 0 139.99 517.50 0 549.10 115.04 0 121.25 118.75 0 398.72 210.01 0 33.75 450.04 0 613.75 322.52
50 6 0 433.74 243.77 0 141.25 517.50 0 547.51 122.51 0 123.75 122.52 0 33.74 448.76 0 401.26 216.26
