1 0
2 3 0 108.74 443.76 0 81.27 93.70 0 79.91 92.59
3 2 0 90.00 92.76 0 111.25 433.76
4 2 0 98.76 91.28 0 115.02 426.08
5 3 0 118.71 416.47 0 108.73 91.25 0 101.24 441.89
6 3 0 117.50 92.49 0 121.25 407.18 0 610.02 547.51
7 3 0 124.32 398.74 0 126.26 91.22 0 128.76 91.21
8 2 0 136.57 88.78 0 128.50 390.09
9 2 0 131.22 381.11 0 146.43 89.99
10 2 0 133.74 373.76 0 156.26 88.74
11 2 0 137.52 363.75 0 163.77 86.28
12 3 0 140.22 354.04 0 173.75 86.26 0 132.51 403.36
13 2 0 143.73 346.25 0 183.62 85.01
14 2 0 193.75 83.75 0 146.25 336.26
15 2 0 202.49 82.51 0 150.97 328.71
16 2 0 153.74 318.76 0 212.47 82.55
17 2 0 156.24 311.24 0 221.24 82.55
18 3 0 158.73 301.27 0 161.24 346.24 0 109.99 202.53
19 2 0 162.50 292.49 0 241.26 81.26
20 2 0 165.01 283.80 0 250.00 77.76
21 1 0 170.01 276.23
22 2 0 171.25 266.27 0 268.78 78.75
23 1 0 176.25 257.52
24 2 0 178.72 248.76 0 288.76 76.27
25 2 0 181.25 241.31 0 299.26 76.26
26 2 0 307.49 76.33 0 186.06 231.26
27 2 0 317.50 75.00 0 188.74 223.66
28 2 0 190.20 213.76 0 326.24 73.74
29 3 0 193.87 206.12 0 190.00 252.49 0 333.82 73.73
30 2 0 197.49 196.25 0 343.74 70.05
31 2 0 201.34 187.18 0 353.74 71.25
32 2 0 362.51 69.98 0 203.74 178.76
33 2 0 373.75 68.71 0 206.28 168.83
34 2 0 208.94 161.26 0 381.26 68.74
35 3 0 390.52 67.67 0 212.54 152.47 0 81.27 623.72
36 3 0 402.51 67.14 0 89.86 616.25 0 214.84 143.71
37 3 0 96.25 608.76 0 411.25 66.25 0 217.94 133.77
38 3 0 418.75 66.26 0 103.73 601.27 0 222.14 126.22
39 3 0 109.99 595.02 0 226.26 116.31 0 428.75 63.73
40 3 0 117.49 587.50 0 228.11 109.26 0 438.72 63.72
41 3 0 124.95 580.84 0 450.02 61.28 0 232.81 98.85
42 3 0 236.22 90.05 0 131.25 573.75 0 456.27 61.27
43 3 0 238.66 81.31 0 138.76 566.23 0 92.51 602.50
44 2 0 241.46 73.45 0 143.72 558.73
45 2 0 243.74 63.73 0 153.74 551.24
46 4 0 159.20 545.66 0 496.23 58.76 0 246.31 56.26 0 248.64 56.26
47 3 0 251.23 46.25 0 166.66 538.04 0 503.73 58.74
48 4 0 173.75 531.22 0 253.67 38.71 0 132.54 565.00 0 174.95 530.67
49 3 0 181.25 523.74 0 257.52 29.43 0 523.75 56.29
50 3 0 187.49 516.24 0 260.06 20.77 0 533.52 56.27
