1 0
2 1 0 331.26 596.18
3 4 0 330.04 596.25 0 620.30 396.24 0 611.27 608.76 0 605.01 154.99
4 4 0 328.76 595.07 0 618.75 396.25 0 611.26 606.27 0 513.76 276.25
5 4 0 326.24 595.00 0 610.38 606.28 0 617.58 396.23 0 511.23 276.24
6 4 0 324.96 594.99 0 616.26 393.78 0 511.22 276.26 0 610.78 603.77
7 4 0 322.51 595.00 0 608.77 603.73 0 508.74 274.52 0 614.28 393.77
8 5 0 321.23 595.03 0 506.25 273.75 0 606.27 601.27 0 613.74 393.18 0 613.76 391.40
9 4 0 318.74 595.02 0 611.27 391.24 0 604.89 598.78 0 506.26 273.75
10 3 0 316.24 595.01 0 603.65 597.51 0 610.14 391.25
11 5 0 314.99 594.71 0 602.51 596.24 0 563.81 623.74 0 501.26 271.24 0 608.76 391.23
12 5 0 312.50 595.02 0 606.25 388.75 0 565.00 621.23 0 601.26 593.76 0 498.76 271.24
13 4 0 310.66 595.01 0 602.52 387.49 0 566.25 618.75 0 496.26 269.23
14 4 0 308.75 595.02 0 602.54 387.49 0 598.74 591.22 0 566.25 616.25
15 6 0 307.20 594.96 0 596.36 590.00 0 602.75 386.27 0 566.25 616.26 0 493.75 268.75 0 467.49 42.54
16 5 0 595.77 587.51 0 491.26 267.51 0 566.23 613.74 0 305.03 593.78 0 601.24 386.26
17 5 0 598.71 383.74 0 302.49 593.77 0 566.23 610.46 0 593.76 586.26 0 490.05 266.25
18 5 0 301.25 593.78 0 566.24 610.00 0 598.72 383.74 0 593.76 586.26 0 488.76 266.24
19 7 0 298.74 593.75 0 51.26 621.27 0 595.00 381.28 0 566.23 606.24 0 593.75 583.75 0 486.23 263.74 0 591.40 583.74
20 6 0 297.51 593.76 0 593.74 381.26 0 52.49 621.21 0 483.75 263.75 0 568.74 606.26 0 588.75 581.59
21 6 0 588.74 580.05 0 294.54 593.77 0 568.77 603.79 0 53.94 619.09 0 591.25 378.78 0 483.39 263.10
22 6 0 292.52 593.75 0 591.23 378.76 0 587.48 578.76 0 568.75 601.27 0 56.26 618.75 0 481.25 262.38
23 6 0 291.26 593.76 0 478.70 261.22 0 588.97 378.75 0 568.74 598.78 0 586.25 578.75 0 58.73 616.26
24 6 0 288.75 593.76 0 477.50 260.01 0 58.75 616.25 0 588.74 376.26 0 568.75 598.73 0 586.13 576.26
25 6 0 286.28 593.78 0 583.74 573.76 0 61.25 616.26 0 476.27 258.77 0 568.77 596.25 0 586.26 374.43
26 6 0 283.91 593.79 0 568.76 593.70 0 473.76 258.76 0 585.11 373.83 0 61.30 613.75 0 581.65 572.53
27 6 0 282.50 593.76 0 581.25 571.25 0 583.73 373.75 0 469.99 258.79 0 63.74 612.85 0 568.76 593.73
28 7 0 579.70 568.78 0 281.18 593.74 0 66.25 612.51 0 570.02 589.77 0 581.25 371.27 0 471.20 256.32 0 279.99 592.46
29 6 0 278.73 593.76 0 66.26 611.24 0 579.99 370.93 0 570.04 587.49 0 578.73 568.78 0 467.49 256.28
30 7 0 277.49 593.77 0 68.73 610.01 0 579.99 368.77 0 578.75 566.21 0 570.02 586.24 0 466.25 256.24 0 505.59 65.84
31 6 0 275.00 593.76 0 71.23 608.75 0 576.28 563.74 0 578.75 368.76 0 571.26 583.77 0 463.74 253.75
32 6 0 272.49 593.75 0 576.27 366.26 0 571.14 581.30 0 576.28 562.34 0 461.25 253.73 0 574.89 561.39
33 7 0 270.07 593.75 0 573.73 561.28 0 570.15 580.71 0 73.74 606.27 0 461.38 252.53 0 576.25 366.23 0 573.90 366.22
34 6 0 268.74 593.75 0 76.21 605.01 0 571.22 578.79 0 573.50 558.75 0 573.75 363.92 0 458.75 251.26
35 6 0 267.30 593.75 0 572.50 557.50 0 76.25 603.77 0 573.76 363.73 0 571.27 576.33 0 458.74 251.26
36 7 0 78.74 603.75 0 570.01 555.03 0 571.26 361.80 0 264.99 593.69 0 571.31 573.78 0 453.78 248.78 0 456.22 248.81
37 6 0 262.45 593.49 0 568.77 553.80 0 571.32 571.79 0 570.01 361.24 0 453.21 250.01 0 81.25 602.13
38 7 0 260.41 593.51 0 571.27 569.13 0 81.25 601.25 0 451.26 248.78 0 566.42 358.76 0 568.26 553.76 0 567.67 552.41
39 7 0 258.75 593.78 0 566.24 357.49 0 566.27 551.22 0 571.22 568.74 0 448.79 248.73 0 83.74 601.22 0 230.02 28.79
40 6 0 257.49 593.28 0 565.00 356.25 0 83.74 598.75 0 566.24 548.75 0 448.75 246.24 0 572.14 566.27
41 6 0 86.25 597.54 0 563.75 355.00 0 254.10 592.48 0 566.23 547.97 0 573.49 566.06 0 446.22 245.06
42 7 0 252.51 592.48 0 563.74 546.20 0 444.99 245.00 0 572.48 562.47 0 562.66 353.79 0 86.25 596.27 0 88.68 596.25
43 6 0 250.07 593.12 0 90.01 596.24 0 442.50 245.00 0 573.35 561.27 0 562.47 352.46 0 563.77 543.69
44 6 0 561.25 351.23 0 248.77 592.50 0 91.24 595.01 0 573.72 558.68 0 561.26 541.94 0 441.26 243.74
45 6 0 573.74 556.27 0 558.73 350.38 0 92.51 593.77 0 246.35 592.53 0 438.72 241.28 0 559.28 541.24
46 6 0 558.74 348.75 0 558.72 538.78 0 244.98 592.49 0 573.54 553.80 0 436.23 241.28 0 93.75 591.25
47 6 0 556.24 346.26 0 242.50 592.49 0 557.99 538.64 0 96.25 591.25 0 434.99 241.28 0 573.76 552.75
48 7 0 241.23 592.49 0 573.75 551.24 0 556.29 536.27 0 98.75 588.74 0 433.75 238.73 0 556.20 346.26 0 555.02 345.03
49 6 0 98.76 588.76 0 555.01 533.78 0 238.76 592.50 0 573.76 548.71 0 553.74 343.74 0 431.24 238.74
50 6 0 236.25 592.49 0 429.98 236.96 0 553.74 532.51 0 573.76 546.20 0 101.24 587.53 0 551.24 342.50
