1 0
2 2 0 562.50 48.89 0 557.50 228.72
3 2 0 562.50 51.24 0 557.51 228.83
4 2 0 561.25 56.26 0 551.26 233.74
5 2 0 558.74 53.74 0 551.25 231.26
6 3 0 561.27 51.26 0 551.28 230.42 0 113.77 217.17
7 2 0 551.26 231.26 0 560.74 53.75
8 2 0 550.01 233.77 0 558.75 56.27
9 3 0 551.13 237.50 0 558.71 58.76 0 560.68 58.75
10 3 0 548.74 234.80 0 558.74 58.73 0 118.68 218.73
11 3 0 548.75 237.50 0 558.74 61.26 0 118.72 219.99
12 3 0 548.75 236.24 0 561.26 58.74 0 121.25 216.28
13 2 0 561.25 63.74 0 548.74 241.25
14 1 0 566.20 61.27
15 5 0 558.74 61.24 0 546.25 238.75 0 618.77 570.15 0 30.00 169.99 0 122.57 216.31
16 2 0 551.22 241.26 0 563.80 66.18
17 2 0 563.77 63.72 0 548.75 238.74
18 2 0 549.91 243.08 0 563.89 66.26
19 3 0 548.75 242.50 0 563.76 66.28 0 131.25 216.27
20 1 0 561.26 71.25
21 3 0 563.76 68.75 0 547.49 243.74 0 133.73 213.74
22 3 0 561.25 73.76 0 543.61 248.75 0 612.51 569.99
23 3 0 562.49 71.26 0 612.51 566.23 0 542.51 245.05
24 4 0 563.76 76.16 0 613.62 569.98 0 136.25 218.75 0 543.71 250.03
25 4 0 565.95 73.77 0 546.24 248.76 0 138.72 216.25 0 613.28 566.21
26 3 0 610.01 570.00 0 562.52 77.50 0 543.71 252.54
27 4 0 562.48 78.74 0 608.77 568.76 0 543.74 253.82 0 136.25 217.91
28 3 0 561.26 78.74 0 541.25 252.51 0 606.26 568.76
29 3 0 566.22 78.73 0 608.78 568.77 0 543.75 253.74
30 4 0 375.01 17.48 0 566.25 78.74 0 543.74 253.75 0 141.29 213.74
31 4 0 369.88 16.26 0 540.02 253.09 0 561.26 78.74 0 605.00 565.00
32 7 0 370.03 21.26 0 622.16 35.02 0 563.43 82.53 0 539.99 257.10 0 606.23 568.76 0 141.25 216.25 0 234.93 309.99
33 5 0 623.74 35.70 0 371.27 21.98 0 565.00 84.99 0 541.24 258.76 0 143.73 216.25
34 6 0 372.51 18.75 0 626.17 32.54 0 604.99 564.99 0 566.23 81.26 0 522.49 467.51 0 541.75 256.25
35 4 0 368.79 23.75 0 623.76 37.52 0 563.75 86.26 0 540.01 261.26
36 4 0 622.50 35.47 0 366.25 22.73 0 561.26 85.01 0 536.28 259.15
37 6 0 627.47 37.46 0 371.25 23.52 0 602.51 563.73 0 148.89 212.51 0 541.25 261.25 0 566.24 86.26
38 5 0 623.73 38.74 0 597.47 565.01 0 366.21 25.03 0 536.26 261.26 0 561.25 88.74
39 5 0 626.25 36.26 0 366.25 22.61 0 564.98 84.98 0 598.75 561.24 0 538.77 258.75
40 5 0 626.25 36.27 0 366.23 23.33 0 563.76 85.01 0 536.28 261.25 0 597.49 561.32
41 4 0 364.93 27.48 0 594.99 562.53 0 562.50 91.57 0 148.74 212.50
42 4 0 368.77 27.54 0 153.76 211.25 0 538.74 263.74 0 566.18 92.49
43 3 0 362.52 28.74 0 562.49 92.51 0 593.78 561.25
44 5 0 362.49 29.93 0 532.52 267.53 0 151.23 212.50 0 562.52 93.75 0 593.75 561.24
45 4 0 362.71 27.52 0 562.50 92.50 0 153.76 208.78 0 593.74 558.76
46 4 0 366.42 30.00 0 536.26 268.74 0 566.24 93.71 0 597.51 557.53
47 4 0 363.75 33.76 0 563.74 98.75 0 155.02 209.98 0 533.71 271.23
48 4 0 362.58 34.99 0 565.01 99.99 0 157.49 210.01 0 533.55 273.74
49 3 0 361.25 31.24 0 532.51 269.13 0 591.22 556.24
50 4 0 562.50 99.99 0 360.01 33.76 0 157.47 209.72 0 531.25 273.77
