1 0
2 3 0 601.29 598.75 0 47.29 550.10 0 602.45 599.95
3 3 0 66.28 546.25 0 608.71 590.14 0 48.78 543.65
4 5 0 606.24 578.76 0 76.25 541.26 0 566.25 522.52 0 50.00 197.50 0 51.23 543.44
5 2 0 597.48 573.73 0 77.44 540.58
6 2 0 599.99 557.48 0 91.21 527.19
7 2 0 593.74 546.27 0 96.57 522.47
8 2 0 595.00 537.67 0 48.74 538.76
9 2 0 587.56 528.73 0 112.95 512.66
10 1 0 583.67 518.78
11 2 0 590.16 511.08 0 92.13 533.81
12 2 0 587.46 500.00 0 143.68 496.97
13 2 0 583.00 498.76 0 150.00 498.19
14 2 0 582.51 481.25 0 158.30 484.87
15 2 0 578.76 478.71 0 166.27 486.24
16 2 0 569.37 467.38 0 166.21 477.50
17 2 0 183.72 468.74 0 577.48 454.89
18 2 0 565.16 443.71 0 183.18 461.25
19 2 0 570.02 433.77 0 197.48 452.50
20 3 0 197.51 453.72 0 561.70 431.24 0 562.43 432.47
21 2 0 203.75 446.26 0 558.74 421.47
22 3 0 220.00 437.49 0 565.60 409.74 0 565.35 408.11
23 2 0 556.12 393.90 0 220.00 423.88
24 2 0 556.28 385.06 0 228.77 416.26
25 3 0 548.73 381.28 0 230.26 416.19 0 231.15 414.52
26 0
27 2 0 243.73 401.24 0 554.23 411.32
28 2 0 258.74 391.23 0 557.51 405.18
29 2 0 258.75 386.63 0 621.26 286.23
30 3 0 186.24 186.00 0 613.76 283.77 0 541.25 328.74
31 4 0 183.73 198.75 0 536.25 321.25 0 267.53 366.20 0 602.48 293.74
32 1 0 186.86 212.50
33 2 0 191.24 223.73 0 282.50 355.86
34 1 0 198.67 226.10
35 1 0 196.23 243.79
36 1 0 202.28 249.68
37 3 0 308.73 313.77 0 203.74 253.75 0 202.93 255.42
38 2 0 195.07 266.38 0 303.66 307.36
39 2 0 196.23 276.28 0 308.74 299.01
40 2 0 206.26 290.98 0 322.53 293.73
41 2 0 198.74 301.26 0 317.50 286.24
42 2 0 198.74 310.01 0 321.35 276.10
43 3 0 201.43 312.79 0 328.74 261.26 0 327.36 260.53
44 2 0 515.01 196.26 0 207.47 323.74
45 2 0 202.49 332.49 0 506.46 185.61
46 2 0 206.24 351.26 0 507.60 183.76
47 2 0 206.24 360.40 0 506.42 173.92
48 2 0 208.74 366.50 0 506.53 163.43
49 2 0 496.20 147.57 0 198.97 372.23
50 2 0 492.47 140.03 0 196.25 383.74
