1 0
2 1 0 120.61 482.76
3 2 0 116.24 476.29 0 121.24 396.25
4 2 0 113.75 468.72 0 125.00 387.46
5 2 0 123.75 463.73 0 138.75 386.28
6 3 0 122.50 459.99 0 251.12 89.82 0 141.26 386.27
7 2 0 113.76 451.24 0 139.93 378.76
8 2 0 119.91 446.27 0 150.69 376.90
9 3 0 117.49 449.99 0 151.25 381.26 0 153.78 381.29
10 2 0 116.25 436.26 0 157.50 371.25
11 3 0 113.74 431.26 0 158.74 368.75 0 161.92 613.73
12 2 0 117.92 428.74 0 166.25 366.29
13 4 0 18.75 138.30 0 115.00 431.24 0 171.27 371.25 0 358.73 110.61
14 3 0 626.28 483.76 0 25.20 136.24 0 116.26 422.94
15 4 0 22.49 132.56 0 108.72 413.17 0 616.22 474.95 0 613.76 473.83
16 6 0 29.97 132.49 0 613.75 471.24 0 274.99 117.50 0 179.99 354.89 0 108.79 406.23 0 482.50 618.75
17 6 0 36.26 133.74 0 612.02 468.83 0 110.00 402.52 0 282.50 122.50 0 486.24 612.52 0 187.33 353.76
18 7 0 41.25 143.59 0 608.74 473.76 0 486.24 616.26 0 107.49 363.96 0 193.74 357.50 0 113.76 406.25 0 111.27 406.26
19 6 0 38.72 140.11 0 596.23 467.51 0 103.72 398.75 0 610.01 162.46 0 186.62 351.19 0 475.86 608.76
20 5 0 42.55 140.03 0 475.00 602.51 0 591.23 463.71 0 103.74 391.26 0 52.54 404.98
21 5 0 52.51 137.50 0 108.74 383.74 0 593.76 456.24 0 478.73 593.75 0 201.26 341.74
22 7 0 52.49 141.24 0 583.74 456.28 0 201.25 341.27 0 289.98 141.25 0 101.25 382.60 0 473.74 593.77 0 473.74 591.22
23 4 0 63.96 147.76 0 588.71 458.77 0 107.59 383.73 0 213.75 346.25
24 5 0 68.73 149.10 0 106.65 378.74 0 478.76 588.75 0 581.24 456.26 0 216.25 343.74
25 5 0 71.65 140.90 0 220.43 333.72 0 103.75 363.76 0 576.26 443.78 0 476.24 573.75
26 5 0 77.52 141.25 0 476.23 569.98 0 106.26 361.22 0 226.25 330.03 0 467.54 589.91
27 5 0 98.75 358.74 0 76.30 144.97 0 223.67 331.25 0 563.77 438.75 0 471.05 568.76
28 7 0 88.76 151.26 0 237.47 332.50 0 477.50 569.10 0 568.75 441.28 0 621.24 253.73 0 317.47 169.97 0 106.27 358.74
29 7 0 87.48 152.47 0 98.76 354.36 0 469.99 565.00 0 233.75 331.26 0 357.51 620.50 0 612.53 258.74 0 558.61 441.23
30 7 0 94.91 143.56 0 101.24 341.26 0 362.50 610.01 0 241.26 321.26 0 241.25 318.96 0 473.73 551.10 0 471.17 551.17
31 7 0 102.49 145.59 0 103.72 338.75 0 248.77 318.74 0 365.09 605.01 0 474.99 546.27 0 325.00 172.53 0 556.19 426.21
32 9 0 98.75 151.25 0 93.75 337.50 0 467.49 546.69 0 542.83 426.32 0 245.30 318.77 0 554.97 434.98 0 602.54 270.04 0 245.08 320.41 0 358.71 603.74
33 6 0 93.40 331.26 0 250.02 316.24 0 103.76 148.78 0 538.78 421.44 0 361.30 598.03 0 489.99 602.48
34 8 0 118.74 153.75 0 475.05 538.77 0 101.25 331.25 0 262.53 318.75 0 371.22 597.52 0 334.22 190.28 0 157.49 610.21 0 541.19 421.47
35 9 0 122.52 152.49 0 475.02 532.15 0 101.26 323.76 0 372.52 590.96 0 3.90 268.88 0 606.22 282.61 0 266.25 313.77 0 68.14 143.36 0 338.77 191.24
36 6 0 121.25 156.26 0 366.19 589.95 0 530.00 419.63 0 266.23 313.76 0 93.83 323.74 0 96.29 323.76
37 6 0 126.25 147.50 0 93.75 308.75 0 595.00 284.99 0 268.75 301.26 0 478.12 541.90 0 338.75 193.75
38 4 0 96.26 303.74 0 133.72 147.29 0 370.01 571.42 0 274.94 299.99
39 5 0 132.51 151.19 0 88.89 303.73 0 276.23 301.27 0 366.25 569.04 0 508.73 412.50
40 5 0 140.00 156.26 0 91.24 303.74 0 370.01 571.35 0 587.41 307.50 0 466.30 511.25
41 6 0 88.77 293.74 0 347.52 210.01 0 368.75 561.21 0 106.63 308.21 0 141.25 151.25 0 141.24 153.70
42 8 0 151.23 158.75 0 291.33 300.00 0 372.50 562.53 0 91.27 296.24 0 253.09 322.68 0 581.24 316.25 0 467.50 501.37 0 506.37 401.38
43 5 0 369.99 556.43 0 151.21 156.25 0 293.74 293.71 0 573.74 317.48 0 88.75 287.37
44 5 0 156.26 151.24 0 370.00 547.49 0 86.25 278.75 0 296.31 288.80 0 370.14 562.47
45 2 0 169.27 151.23 0 93.79 273.74
46 1 0 93.74 268.74
47 4 0 83.77 266.16 0 308.82 280.96 0 171.24 151.23 0 481.30 378.75
48 7 0 83.75 263.73 0 556.29 336.28 0 173.78 153.76 0 372.53 530.00 0 258.76 292.51 0 313.71 281.23 0 311.23 281.24
49 2 0 92.57 257.72 0 291.24 282.86
50 5 0 81.26 253.52 0 321.25 276.22 0 372.47 244.14 0 183.75 151.35 0 185.00 152.65
