1 0
2 0
3 0
4 0
5 1 0 156.24 180.71
6 1 0 161.25 183.74
7 2 0 157.50 181.24 0 433.76 593.92
8 2 0 431.24 593.75 0 156.31 183.72
9 1 0 158.71 188.55
10 2 0 158.74 188.74 0 431.25 596.26
11 2 0 431.26 591.25 0 158.71 186.27
12 2 0 430.01 595.01 0 157.55 191.25
13 2 0 156.27 191.24 0 426.28 591.24
14 2 0 161.26 191.18 0 431.23 591.23
15 1 0 427.50 588.72
16 2 0 428.75 591.26 0 161.25 193.75
17 1 0 426.27 588.73
18 2 0 157.49 196.25 0 421.26 591.23
19 2 0 161.27 195.01 0 426.24 586.38
20 2 0 158.75 193.77 0 423.75 586.26
21 2 0 423.74 588.76 0 161.23 201.26
22 2 0 158.72 201.24 0 420.01 588.80
23 2 0 420.30 583.74 0 158.75 198.37
24 2 0 418.75 586.28 0 158.59 205.02
25 2 0 163.75 201.26 0 421.25 583.74
26 2 0 158.73 206.26 0 418.74 583.77
27 2 0 163.73 203.77 0 419.98 581.24
28 2 0 158.73 206.24 0 416.26 583.74
29 1 0 158.73 204.75
30 2 0 161.26 206.25 0 416.26 578.75
31 2 0 161.28 211.26 0 416.26 581.24
32 2 0 412.48 578.76 0 158.73 208.76
33 2 0 163.76 213.74 0 413.75 581.28
34 2 0 161.24 211.25 0 410.00 578.73
35 4 0 164.99 212.49 0 390.10 623.74 0 413.74 576.26 0 580.00 430.00
36 2 0 412.50 580.00 0 163.75 218.75
37 4 0 388.75 620.75 0 166.20 213.77 0 411.25 576.26 0 411.24 574.39
38 2 0 163.76 218.78 0 410.57 578.73
39 3 0 163.71 219.99 0 408.74 578.76 0 383.75 622.94
40 3 0 405.01 572.49 0 161.97 216.27 0 381.98 618.74
41 3 0 386.26 618.76 0 408.76 573.75 0 166.20 218.77
42 3 0 403.73 571.25 0 381.25 616.28 0 163.64 218.77
43 4 0 168.76 221.28 0 406.24 571.28 0 408.77 571.27 0 383.74 616.25
44 2 0 406.24 573.74 0 383.73 616.26
45 3 0 402.49 571.30 0 163.74 223.73 0 378.75 613.75
46 3 0 381.24 611.23 0 403.78 568.76 0 165.12 221.19
47 3 0 163.73 223.73 0 378.74 611.28 0 401.26 568.75
48 3 0 402.50 571.27 0 166.24 228.74 0 380.96 613.77
49 3 0 380.85 610.00 0 402.50 568.77 0 168.75 228.70
50 3 0 398.74 566.23 0 165.01 227.48 0 376.25 606.27
