1 0
2 3 0 51.25 481.24 0 132.50 426.29 0 20.01 248.75
3 4 0 51.27 476.25 0 68.74 213.74 0 21.25 251.25 0 133.75 421.24
4 5 0 52.72 467.74 0 75.82 210.00 0 137.48 413.76 0 23.74 251.29 0 205.01 557.50
5 4 0 51.95 462.49 0 138.76 408.77 0 26.25 256.26 0 81.27 206.24
6 4 0 51.26 461.26 0 138.76 408.75 0 83.75 208.80 0 26.25 266.27
7 5 0 47.69 452.55 0 138.76 398.74 0 86.24 203.76 0 25.27 266.03 0 23.89 264.50
8 4 0 26.28 273.77 0 48.40 452.55 0 141.25 398.75 0 91.26 206.26
9 4 0 50.01 442.88 0 146.25 391.24 0 98.76 201.23 0 31.22 274.75
10 4 0 47.52 442.49 0 29.99 283.74 0 101.25 203.74 0 146.25 391.24
11 5 0 51.25 437.49 0 33.74 288.76 0 151.23 386.27 0 111.23 201.25 0 90.17 218.55
12 4 0 48.76 428.75 0 33.74 288.87 0 113.75 196.24 0 151.24 378.75
13 4 0 49.04 428.75 0 36.23 298.76 0 156.25 378.76 0 118.72 201.22
14 4 0 45.04 421.26 0 155.01 372.49 0 33.76 301.25 0 121.26 196.27
15 4 0 45.59 415.36 0 158.74 368.75 0 36.25 305.31 0 126.25 193.76
16 5 0 46.26 410.00 0 38.73 308.75 0 162.50 362.52 0 132.48 191.20 0 266.11 637.06
17 5 0 44.97 406.23 0 38.74 315.85 0 163.74 361.25 0 136.25 191.24 0 218.74 21.25
18 6 0 45.80 399.98 0 41.26 318.75 0 141.26 188.75 0 221.25 23.75 0 166.23 353.79 0 303.72 361.24
19 5 0 172.81 356.26 0 48.76 399.51 0 149.97 190.03 0 228.74 31.22 0 46.20 328.74
20 4 0 46.25 395.60 0 46.22 333.75 0 173.76 352.53 0 153.76 189.04
21 6 0 43.76 388.74 0 155.00 187.37 0 45.43 336.25 0 233.75 36.26 0 173.74 346.26 0 175.01 347.47
22 5 0 47.53 381.23 0 183.73 341.24 0 50.51 338.75 0 165.00 183.66 0 238.76 38.74
23 5 0 43.76 379.99 0 166.25 183.74 0 181.25 341.25 0 238.71 45.00 0 46.23 346.30
24 5 0 43.76 371.26 0 50.00 348.72 0 171.28 178.75 0 242.50 45.03 0 186.25 333.75
25 5 0 45.03 371.27 0 52.81 358.72 0 191.20 333.75 0 176.93 181.26 0 248.74 53.75
26 5 0 43.97 366.49 0 193.77 332.42 0 183.74 181.25 0 45.03 367.51 0 252.49 58.80
27 6 0 42.48 359.97 0 186.25 178.69 0 252.75 60.49 0 193.74 326.24 0 53.66 365.57 0 193.76 328.71
28 5 0 46.27 355.03 0 203.72 323.75 0 59.89 371.28 0 196.17 176.25 0 261.25 66.26
29 7 0 45.00 351.27 0 205.02 322.50 0 261.25 68.74 0 58.71 376.25 0 626.72 620.72 0 198.96 176.51 0 59.87 374.83
30 4 0 41.26 346.25 0 206.23 317.49 0 261.28 71.22 0 201.24 173.74
31 6 0 41.23 339.99 0 208.74 313.78 0 206.23 171.25 0 58.74 383.76 0 266.26 76.26 0 264.83 637.00
32 5 0 42.18 337.50 0 211.27 171.26 0 268.75 82.65 0 61.25 391.26 0 213.75 313.75
33 5 0 41.25 332.50 0 213.78 170.07 0 216.26 308.74 0 271.21 86.25 0 62.18 396.25
34 5 0 41.27 327.48 0 221.25 306.71 0 221.26 168.75 0 63.51 400.97 0 274.99 91.31
35 4 0 41.21 322.51 0 226.47 166.26 0 66.25 405.02 0 278.64 96.26
36 5 0 44.97 317.52 0 234.99 165.01 0 283.77 98.74 0 71.22 408.79 0 233.75 301.30
37 6 0 44.97 311.27 0 236.44 296.27 0 238.73 162.76 0 73.74 411.47 0 72.50 412.42 0 288.78 101.26
38 5 0 42.29 309.88 0 242.50 163.76 0 238.74 296.26 0 71.22 421.26 0 288.74 108.76
39 5 0 38.75 301.28 0 246.20 157.52 0 242.46 291.24 0 71.27 421.34 0 288.76 111.26
40 5 0 43.76 297.63 0 249.99 291.24 0 77.49 428.75 0 253.73 158.74 0 296.26 116.22
41 5 0 75.00 435.01 0 40.01 295.00 0 250.47 289.20 0 256.26 158.76 0 293.80 123.71
42 5 0 40.21 286.21 0 77.48 435.01 0 298.75 121.99 0 253.75 283.73 0 261.27 153.72
43 5 0 37.55 283.74 0 76.25 443.75 0 298.77 128.83 0 263.73 153.80 0 258.78 282.54
44 5 0 38.73 281.27 0 270.13 155.01 0 78.73 448.77 0 261.26 283.74 0 301.25 136.27
45 3 0 37.49 275.01 0 78.76 453.37 0 266.28 281.25
46 5 0 37.49 270.00 0 81.26 458.75 0 271.19 278.76 0 278.74 151.23 0 303.73 143.72
47 5 0 39.70 266.61 0 277.48 277.50 0 311.21 148.96 0 286.22 151.21 0 84.77 463.75
48 6 0 36.25 258.75 0 83.76 466.31 0 288.78 147.44 0 278.73 273.77 0 308.76 153.74 0 308.76 151.26
49 5 0 37.52 256.27 0 284.99 275.01 0 86.26 473.76 0 296.31 146.67 0 311.15 158.76
50 5 0 38.50 247.50 0 290.04 267.49 0 89.62 473.77 0 303.72 141.30 0 316.22 158.73
