1 0
2 3 0 48.74 226.24 0 48.76 224.26 0 557.50 507.51
3 0
4 0
5 0
6 0
7 1 0 63.75 220.66
8 1 0 61.24 226.26
9 2 0 56.54 223.75 0 332.52 74.95
10 1 0 68.73 221.27
11 1 0 69.91 221.28
12 1 0 60.36 218.79
13 2 0 73.77 221.27 0 71.26 221.26
14 1 0 63.75 226.23
15 2 0 63.75 218.76 0 66.06 218.76
16 2 0 332.66 73.38 0 66.25 221.26
17 2 0 76.30 217.68 0 517.49 357.51
18 1 0 68.71 221.14
19 2 0 76.24 226.28 0 338.75 76.27
20 1 0 78.74 223.74
21 1 0 73.76 223.75
22 1 0 76.21 216.26
23 1 0 83.73 223.73
24 1 0 86.17 221.25
25 1 0 78.75 223.66
26 1 0 88.78 223.73
27 2 0 81.24 218.75 0 315.00 90.03
28 3 0 338.76 76.30 0 88.76 223.81 0 88.75 226.19
29 4 0 83.74 221.27 0 620.01 258.75 0 608.72 601.26 0 606.23 601.27
30 2 0 618.74 260.01 0 333.75 76.26
31 2 0 93.75 223.74 0 623.74 258.77
32 3 0 93.76 213.75 0 621.26 249.98 0 23.73 216.27
33 4 0 88.75 218.80 0 613.76 253.73 0 16.67 221.26 0 275.00 549.95
34 3 0 89.48 218.76 0 611.81 253.75 0 18.77 219.54
35 4 0 93.74 223.75 0 21.24 223.75 0 613.45 256.26 0 48.76 21.23
36 3 0 96.28 213.75 0 613.75 248.74 0 335.55 67.40
37 3 0 610.01 250.00 0 94.35 216.28 0 387.57 435.02
38 2 0 612.52 246.23 0 99.25 213.74
39 5 0 97.53 216.28 0 285.00 549.99 0 52.51 18.76 0 606.23 248.75 0 26.24 216.27
40 3 0 53.75 26.24 0 98.76 223.67 0 29.67 221.30
41 5 0 612.51 251.26 0 108.55 218.78 0 37.47 218.74 0 63.66 23.12 0 343.76 71.23
42 5 0 610.02 252.50 0 108.75 223.74 0 37.47 220.82 0 61.26 28.73 0 618.76 603.76
43 4 0 605.00 245.01 0 60.01 19.99 0 106.26 213.74 0 36.26 212.50
44 5 0 103.72 221.24 0 56.25 28.77 0 601.27 251.25 0 333.75 76.22 0 34.95 220.00
45 4 0 597.53 246.23 0 103.75 216.30 0 33.74 213.77 0 57.51 23.77
46 4 0 603.16 252.50 0 113.74 223.74 0 42.51 220.00 0 66.26 33.77
47 4 0 597.50 243.99 0 612.53 593.83 0 111.03 213.75 0 61.25 26.25
48 5 0 107.51 220.31 0 37.50 218.72 0 593.75 248.75 0 58.75 31.27 0 332.44 73.75
49 4 0 118.74 218.76 0 602.49 246.28 0 342.51 72.65 0 69.94 31.28
50 5 0 67.49 28.77 0 597.50 242.51 0 117.65 213.74 0 339.53 67.49 0 618.75 338.75
