1 0
2 1 0 16.34 68.74
3 2 0 451.25 498.76 0 23.74 71.24
4 2 0 448.79 498.75 0 22.51 71.26
5 2 0 448.76 493.77 0 23.73 68.75
6 2 0 448.75 497.56 0 23.84 73.74
7 2 0 448.73 496.28 0 23.76 73.77
8 2 0 443.75 492.54 0 23.18 71.26
9 2 0 449.16 492.63 0 28.75 73.76
10 3 0 28.73 71.25 0 448.75 488.77 0 447.00 488.73
11 2 0 443.75 490.01 0 26.31 73.78
12 3 0 443.75 486.39 0 28.00 73.75 0 27.31 71.21
13 1 0 446.25 485.22
14 2 0 35.00 74.10 0 446.44 486.25
15 2 0 34.99 76.25 0 446.24 486.23
16 2 0 443.73 484.73 0 32.50 76.24
17 2 0 37.50 77.49 0 446.23 483.76
18 2 0 37.51 77.49 0 444.99 483.74
19 2 0 35.00 75.02 0 441.25 478.76
20 2 0 36.23 77.51 0 441.27 481.25
21 3 0 36.43 78.75 0 441.24 478.74 0 439.12 478.74
22 2 0 443.76 476.27 0 41.25 76.26
23 2 0 442.50 475.02 0 41.26 77.49
24 2 0 41.26 81.25 0 438.74 477.53
25 2 0 42.49 82.51 0 442.49 476.26
26 2 0 437.48 473.79 0 41.25 81.25
27 2 0 437.49 469.99 0 43.76 78.75
28 2 0 43.74 81.28 0 436.27 471.24
29 2 0 436.24 469.03 0 46.24 81.25
30 2 0 48.75 85.00 0 438.71 471.24
31 2 0 437.49 470.00 0 48.76 85.00
32 2 0 436.24 470.00 0 49.99 86.24
33 2 0 438.74 466.27 0 53.76 83.72
34 2 0 438.71 463.74 0 53.75 83.73
35 2 0 52.50 82.51 0 433.74 463.75
36 2 0 53.76 86.77 0 436.24 466.23
37 3 0 53.76 86.25 0 431.25 461.27 0 433.48 461.28
38 3 0 433.75 461.27 0 431.28 461.32 0 53.76 86.31
39 2 0 56.89 88.76 0 431.26 462.29
40 2 0 58.77 91.25 0 433.76 461.26
41 3 0 431.21 458.75 0 58.74 86.26 0 58.73 88.76
42 2 0 58.74 88.75 0 429.98 458.49
43 3 0 63.74 91.20 0 433.76 457.81 0 65.11 90.68
44 3 0 431.25 458.77 0 66.26 91.25 0 63.73 91.24
45 2 0 431.25 456.27 0 63.74 93.77
46 3 0 63.75 92.51 0 428.46 456.24 0 428.72 453.81
47 2 0 67.49 91.81 0 431.16 453.75
48 3 0 426.26 451.25 0 63.75 91.25 0 122.50 395.00
49 3 0 67.49 90.00 0 428.73 448.75 0 637.27 298.42
50 4 0 428.74 451.25 0 71.24 93.88 0 71.24 96.15 0 346.26 528.74
