1 0
2 1 0 27.48 256.06
3 3 0 29.97 257.51 0 562.49 43.84 0 456.25 522.51
4 3 0 32.49 257.57 0 456.26 518.73 0 561.26 45.84
5 3 0 35.03 258.92 0 456.26 516.26 0 556.23 46.23
6 4 0 38.75 260.02 0 458.73 513.77 0 553.75 48.73 0 553.75 46.34
7 3 0 42.50 261.25 0 458.75 509.87 0 551.22 48.75
8 3 0 45.02 262.51 0 458.75 506.26 0 547.50 51.25
9 3 0 48.78 263.37 0 458.74 503.73 0 543.74 53.06
10 3 0 51.24 265.03 0 459.19 501.22 0 541.26 53.73
11 3 0 54.71 264.94 0 461.25 496.33 0 538.76 53.75
12 3 0 57.51 266.38 0 461.24 493.74 0 536.26 56.92
13 3 0 60.00 267.50 0 532.54 58.76 0 461.25 491.25
14 3 0 63.73 268.69 0 528.77 61.23 0 462.52 488.00
15 3 0 67.04 269.98 0 463.73 483.77 0 526.27 61.24
16 3 0 69.98 270.01 0 463.74 481.24 0 523.77 63.74
17 4 0 72.50 272.50 0 463.73 478.75 0 518.75 66.26 0 518.73 63.95
18 5 0 75.44 272.50 0 621.25 118.75 0 517.36 66.27 0 466.25 473.79 0 464.94 474.97
19 4 0 78.76 273.77 0 618.75 121.24 0 466.26 471.24 0 515.00 68.11
20 4 0 82.50 275.01 0 466.25 468.74 0 509.98 68.73 0 616.26 123.74
21 4 0 85.00 276.23 0 506.24 70.00 0 613.63 125.00 0 466.26 466.26
22 4 0 88.00 277.50 0 610.43 126.24 0 468.70 461.27 0 503.75 71.23
23 5 0 91.31 277.52 0 468.73 458.76 0 501.23 71.25 0 501.23 73.76 0 608.75 126.24
24 3 0 94.75 279.96 0 605.00 130.00 0 468.75 456.26
25 4 0 97.51 280.89 0 469.98 452.51 0 602.50 131.24 0 493.75 75.01
26 4 0 100.55 281.24 0 490.23 75.86 0 470.00 449.99 0 598.90 131.30
27 4 0 103.84 282.53 0 471.23 446.26 0 597.48 133.74 0 488.74 78.74
28 4 0 107.45 283.75 0 471.23 443.75 0 485.91 78.74 0 593.76 136.26
29 4 0 109.98 284.97 0 591.25 137.50 0 471.23 439.04 0 481.24 81.24
30 5 0 113.53 286.25 0 588.79 139.12 0 478.72 81.25 0 112.46 285.38 0 473.75 436.24
31 4 0 475.00 82.51 0 116.25 287.03 0 473.75 433.75 0 586.26 141.26
32 4 0 119.96 287.51 0 473.76 431.26 0 583.74 143.63 0 471.26 83.75
33 5 0 122.51 289.60 0 473.77 426.27 0 468.74 84.85 0 581.25 146.24 0 581.24 143.79
34 4 0 125.02 290.02 0 476.23 423.75 0 578.74 146.26 0 466.25 86.25
35 4 0 128.74 291.27 0 476.25 421.24 0 461.24 86.25 0 576.26 147.81
36 4 0 132.39 292.51 0 572.51 148.78 0 476.24 418.74 0 458.76 88.75
37 4 0 135.01 293.59 0 568.77 151.25 0 477.51 413.76 0 456.26 88.75
38 4 0 137.48 294.98 0 477.49 411.25 0 452.53 90.00 0 566.87 152.50
39 4 0 141.26 296.17 0 563.75 153.80 0 478.74 408.75 0 450.01 91.41
40 4 0 143.73 296.29 0 561.25 156.26 0 478.73 405.01 0 446.23 92.51
41 4 0 147.49 297.49 0 557.90 157.50 0 442.50 93.25 0 478.83 401.25
42 5 0 149.96 298.75 0 556.23 158.76 0 481.26 398.74 0 438.74 93.75 0 554.97 159.99
43 4 0 152.79 300.02 0 552.49 161.25 0 481.27 395.02 0 436.24 93.76
44 4 0 156.26 301.25 0 549.99 162.51 0 431.24 96.26 0 481.25 391.27
45 4 0 160.00 302.44 0 547.50 163.75 0 481.26 388.75 0 428.75 96.26
46 4 0 162.48 302.49 0 544.95 165.02 0 426.29 98.76 0 482.91 386.26
47 4 0 165.17 303.76 0 542.49 167.51 0 483.74 383.72 0 421.56 98.76
48 4 0 483.75 378.75 0 540.01 168.74 0 168.73 305.04 0 418.75 99.80
49 4 0 537.53 170.01 0 172.41 306.26 0 416.26 101.25 0 485.64 376.25
50 4 0 533.76 172.50 0 175.03 307.57 0 486.20 373.74 0 412.53 101.25
