1 0
2 2 0 323.74 141.25 0 433.76 131.26
3 3 0 318.73 143.10 0 430.01 133.66 0 300.00 106.28
4 7 0 320.01 141.27 0 431.24 131.17 0 432.50 130.02 0 477.30 212.51 0 21.25 311.25 0 82.53 202.51 0 302.48 103.75
5 5 0 320.01 146.23 0 83.79 209.02 0 431.25 136.31 0 303.72 110.00 0 23.33 316.27
6 5 0 321.25 146.27 0 433.74 136.27 0 303.74 108.74 0 121.35 256.25 0 26.68 313.79
7 3 0 314.97 148.76 0 428.75 138.76 0 298.76 111.24
8 5 0 317.48 147.50 0 28.73 309.95 0 123.90 252.51 0 431.24 138.73 0 303.72 110.35
9 5 0 314.98 148.75 0 429.97 138.76 0 29.99 308.81 0 301.25 111.24 0 123.78 253.78
10 6 0 317.47 155.03 0 129.99 258.99 0 93.67 212.59 0 431.23 146.26 0 303.74 118.75 0 33.74 311.24
11 6 0 317.44 156.26 0 35.01 310.01 0 433.75 146.27 0 131.28 258.74 0 96.27 213.78 0 303.73 118.77
12 6 0 316.23 155.00 0 37.49 307.50 0 431.27 146.27 0 133.44 258.75 0 303.73 118.77 0 98.63 213.67
13 4 0 315.02 157.50 0 432.80 148.74 0 136.27 258.76 0 38.74 308.63
14 6 0 311.24 158.75 0 300.00 122.50 0 37.47 307.50 0 428.75 148.79 0 133.54 256.26 0 458.97 222.49
15 5 0 313.36 163.75 0 42.50 310.00 0 138.74 261.25 0 431.24 154.33 0 303.63 130.02
16 5 0 312.49 165.00 0 141.24 261.24 0 44.98 307.53 0 460.00 227.51 0 432.52 156.23
17 7 0 307.17 165.01 0 428.75 156.25 0 298.75 128.79 0 452.51 228.90 0 138.77 258.76 0 42.49 306.26 0 101.26 218.75
18 6 0 307.49 168.74 0 45.00 307.50 0 430.00 161.25 0 637.05 451.66 0 141.25 262.07 0 103.74 221.27
19 8 0 308.74 170.20 0 429.99 162.49 0 17.03 301.23 0 48.78 307.18 0 143.74 263.74 0 107.58 223.73 0 453.70 233.75 0 301.24 136.25
20 7 0 176.28 626.23 0 16.27 298.77 0 305.26 171.26 0 50.00 306.78 0 428.75 164.99 0 143.73 263.75 0 106.35 223.53
21 8 0 180.00 621.29 0 307.47 171.26 0 149.99 261.26 0 21.24 296.26 0 430.02 164.56 0 453.10 234.70 0 303.74 136.27 0 53.75 303.73
22 7 0 175.01 617.49 0 19.98 292.51 0 147.49 260.00 0 303.74 171.24 0 52.51 301.26 0 429.96 163.95 0 450.01 234.98
23 8 0 175.00 616.24 0 303.42 172.52 0 151.22 261.00 0 21.24 291.25 0 115.00 221.91 0 428.57 164.99 0 298.77 138.70 0 448.78 235.95
24 7 0 174.91 613.72 0 302.97 173.77 0 23.69 290.39 0 151.25 261.25 0 445.01 237.50 0 299.35 140.10 0 117.66 223.68
25 7 0 172.69 612.49 0 23.74 288.99 0 301.24 175.07 0 442.51 237.50 0 298.75 141.24 0 153.75 262.55 0 116.26 226.24
26 7 0 172.38 612.49 0 298.75 177.50 0 117.49 227.49 0 25.00 288.76 0 442.49 238.75 0 153.76 263.65 0 296.24 146.28
27 8 0 302.50 180.02 0 175.02 611.13 0 122.51 230.00 0 67.49 300.00 0 29.97 289.96 0 442.50 242.50 0 161.26 263.75 0 301.24 147.50
28 9 0 170.01 610.25 0 296.28 183.75 0 27.48 289.97 0 437.49 244.98 0 63.72 301.27 0 158.74 266.26 0 427.18 178.00 0 298.62 151.24 0 121.25 231.26
29 7 0 173.75 607.50 0 300.00 183.73 0 33.75 286.24 0 69.73 298.76 0 164.82 266.26 0 442.19 243.92 0 126.27 231.19
30 9 0 170.01 608.75 0 296.26 187.67 0 162.52 267.50 0 68.74 301.24 0 31.24 288.77 0 298.77 157.50 0 126.23 236.25 0 32.48 289.92 0 436.20 250.00
31 7 0 167.51 605.00 0 31.24 286.26 0 162.50 267.51 0 292.52 187.50 0 68.73 298.75 0 126.26 233.75 0 296.26 157.45
32 6 0 170.00 605.01 0 36.25 286.27 0 130.01 237.50 0 295.02 190.90 0 298.75 161.28 0 166.25 271.24
33 6 0 166.24 601.28 0 291.25 191.01 0 33.83 283.75 0 130.00 237.50 0 166.24 268.74 0 73.76 298.75
34 9 0 166.25 597.45 0 291.26 189.43 0 170.01 266.28 0 132.49 234.99 0 429.98 249.99 0 37.48 279.32 0 76.24 293.75 0 296.30 158.74 0 76.23 296.24
35 7 0 165.01 595.06 0 38.74 278.76 0 289.99 190.99 0 172.50 267.53 0 133.70 235.08 0 78.73 293.75 0 296.27 161.25
36 7 0 163.75 596.24 0 171.27 271.23 0 287.51 195.02 0 38.73 281.23 0 296.26 166.24 0 77.50 298.76 0 136.27 238.74
37 9 0 163.74 595.00 0 173.75 271.25 0 41.24 279.16 0 286.22 197.54 0 81.25 297.53 0 296.27 168.76 0 136.27 241.24 0 423.73 196.25 0 421.28 256.25
38 8 0 164.98 590.01 0 43.75 274.96 0 140.00 237.50 0 286.24 193.84 0 176.26 268.74 0 83.74 293.76 0 296.46 165.02 0 287.51 195.03
39 8 0 164.99 588.28 0 180.00 270.00 0 46.24 273.76 0 143.74 238.77 0 286.41 196.27 0 288.62 196.26 0 86.23 293.77 0 298.74 168.80
40 7 0 161.26 587.49 0 178.75 271.25 0 44.98 273.78 0 282.53 198.76 0 86.24 293.76 0 296.25 170.34 0 143.73 241.27
41 7 0 281.26 203.75 0 46.25 274.97 0 181.25 273.77 0 161.25 587.82 0 88.75 296.25 0 143.73 243.74 0 423.73 203.76
42 7 0 162.50 582.18 0 149.99 242.51 0 92.49 291.33 0 282.50 201.25 0 50.52 270.32 0 186.11 271.23 0 427.54 201.21
43 7 0 162.36 586.19 0 186.27 277.50 0 281.25 207.22 0 51.26 273.76 0 426.25 208.74 0 93.77 296.27 0 151.22 248.74
44 9 0 281.27 203.76 0 162.50 578.75 0 427.50 204.96 0 53.74 268.74 0 153.76 243.74 0 98.74 291.25 0 188.77 273.72 0 298.75 178.75 0 188.76 271.24
45 9 0 278.73 204.99 0 160.00 576.28 0 153.75 243.76 0 98.75 291.26 0 426.23 206.25 0 188.75 273.75 0 53.78 268.17 0 298.73 178.74 0 55.03 267.51
46 8 0 277.48 211.24 0 158.74 580.00 0 191.23 278.75 0 155.00 250.00 0 56.26 271.23 0 426.25 213.75 0 411.28 267.51 0 101.18 296.23
47 9 0 158.73 573.75 0 157.50 245.01 0 427.48 210.02 0 101.26 290.08 0 193.71 274.71 0 275.75 208.75 0 57.44 263.93 0 410.26 261.16 0 274.98 207.43
48 9 0 277.49 212.50 0 197.50 278.74 0 162.52 250.02 0 61.24 267.33 0 161.24 574.96 0 412.49 267.50 0 428.65 217.21 0 298.79 188.91 0 106.41 293.55
49 8 0 156.24 571.25 0 271.23 211.43 0 58.75 263.74 0 193.77 278.59 0 158.74 248.75 0 405.90 267.48 0 423.75 213.78 0 101.22 291.27
50 8 0 269.97 212.51 0 153.76 568.75 0 196.26 276.26 0 106.24 288.80 0 161.27 249.12 0 61.25 262.48 0 423.41 216.27 0 405.01 267.48
