1 0
2 3 0 43.75 612.51 0 29.10 350.02 0 161.26 141.26
3 4 0 37.50 340.00 0 166.26 137.49 0 51.24 600.05 0 301.29 161.25
4 5 0 49.89 595.03 0 300.00 163.71 0 162.50 141.25 0 35.23 336.23 0 35.38 334.49
5 3 0 163.76 156.23 0 52.45 601.22 0 41.27 341.26
6 4 0 159.32 155.84 0 38.66 332.49 0 301.25 176.25 0 51.34 592.49
7 2 0 162.73 156.26 0 56.62 582.47
8 4 0 52.52 330.00 0 63.74 588.74 0 166.30 171.23 0 311.24 191.25
9 5 0 171.24 173.75 0 317.49 195.01 0 68.75 583.65 0 57.64 326.29 0 58.82 601.33
10 4 0 66.27 578.73 0 166.24 178.77 0 38.76 336.23 0 56.25 324.96
11 4 0 71.24 576.25 0 316.29 205.02 0 61.25 321.52 0 168.77 186.02
12 5 0 75.00 562.50 0 171.26 178.74 0 67.48 307.51 0 321.23 198.93 0 321.26 201.15
13 4 0 173.75 193.76 0 79.99 567.85 0 323.70 212.50 0 71.25 314.27
14 4 0 67.50 307.95 0 75.05 560.01 0 317.51 213.73 0 166.81 195.05
15 3 0 86.26 551.21 0 328.75 213.76 0 176.25 196.22
16 3 0 91.25 552.49 0 178.75 206.25 0 333.74 223.73
17 4 0 87.49 542.54 0 172.51 204.99 0 81.26 293.70 0 328.74 221.24
18 3 0 178.75 211.26 0 96.26 540.02 0 90.50 290.02
19 5 0 176.25 223.76 0 95.04 544.93 0 307.50 210.02 0 333.75 241.27 0 91.14 296.24
20 5 0 101.24 540.02 0 339.98 243.73 0 178.77 227.52 0 108.98 555.03 0 98.77 292.50
21 4 0 246.24 628.73 0 98.74 534.98 0 176.26 233.70 0 337.47 248.74
22 5 0 253.75 621.25 0 109.98 528.76 0 183.74 234.98 0 106.25 282.54 0 346.26 250.00
23 8 0 243.76 618.75 0 103.73 526.32 0 176.26 241.28 0 82.51 526.10 0 101.24 281.23 0 104.95 527.54 0 338.79 256.28 0 385.10 3.94
24 5 0 111.24 523.73 0 181.26 248.77 0 248.73 615.52 0 109.29 278.87 0 346.25 263.73
25 7 0 112.43 519.99 0 179.98 252.99 0 110.00 274.99 0 245.01 610.03 0 346.42 267.48 0 340.00 237.50 0 558.64 611.26
26 5 0 115.00 516.26 0 246.24 606.23 0 181.26 257.49 0 349.99 270.30 0 113.74 271.25
27 4 0 251.24 592.65 0 123.76 504.90 0 187.65 256.25 0 626.23 13.66
28 3 0 243.73 587.51 0 181.24 258.75 0 119.96 499.98
29 7 0 241.26 588.74 0 181.25 269.99 0 120.74 500.25 0 608.93 26.23 0 121.28 260.00 0 543.73 593.75 0 45.02 290.00
30 6 0 251.23 580.02 0 132.50 492.50 0 191.23 271.24 0 133.70 252.49 0 616.25 26.27 0 550.02 586.18
31 7 0 246.25 581.25 0 131.26 496.25 0 186.26 283.64 0 606.21 36.00 0 539.97 589.71 0 353.89 291.26 0 289.98 260.00
32 5 0 245.00 576.28 0 133.92 492.51 0 186.26 287.07 0 136.26 252.48 0 538.75 586.28
33 6 0 243.76 571.26 0 136.25 488.24 0 186.27 292.55 0 138.75 250.62 0 601.23 42.56 0 533.79 581.20
34 6 0 193.75 288.75 0 248.74 559.85 0 143.76 476.26 0 603.01 38.75 0 536.29 568.95 0 146.53 236.28
35 7 0 148.75 475.03 0 248.75 557.60 0 196.24 296.25 0 588.86 35.02 0 601.29 45.04 0 153.74 238.75 0 151.20 238.75
36 7 0 142.50 468.76 0 588.75 45.04 0 186.26 298.76 0 241.24 550.00 0 522.49 562.52 0 147.99 233.71 0 578.77 31.14
37 8 0 238.75 551.17 0 187.60 308.75 0 145.00 469.98 0 518.73 563.76 0 151.18 233.84 0 368.86 317.50 0 570.16 37.50 0 586.26 56.24
38 6 0 243.75 538.76 0 151.25 457.96 0 586.24 51.25 0 193.76 306.30 0 158.74 221.48 0 191.42 306.31
39 5 0 152.48 454.98 0 241.24 533.74 0 191.24 313.76 0 563.73 33.84 0 579.98 56.25
40 7 0 238.74 532.49 0 153.68 453.75 0 507.48 547.51 0 191.19 318.76 0 376.26 326.29 0 161.26 220.95 0 573.75 61.24
41 8 0 244.99 525.02 0 164.98 447.51 0 198.71 321.87 0 578.77 63.75 0 561.25 34.76 0 172.51 213.70 0 385.78 329.32 0 634.01 310.37
42 7 0 166.26 451.84 0 243.76 528.76 0 198.73 336.26 0 556.24 46.23 0 509.19 547.50 0 576.25 76.24 0 390.11 5.18
43 7 0 162.48 441.25 0 238.55 517.87 0 381.40 338.75 0 546.15 41.34 0 566.26 73.74 0 191.24 333.73 0 193.12 333.73
44 7 0 203.71 338.75 0 572.50 77.49 0 174.91 437.49 0 246.22 513.74 0 550.02 41.24 0 393.75 343.69 0 183.72 206.28
45 5 0 246.24 506.28 0 177.49 432.50 0 187.49 202.53 0 203.75 343.73 0 568.76 78.74
46 7 0 238.75 501.26 0 173.75 426.25 0 492.50 522.52 0 196.48 346.29 0 391.25 351.24 0 558.74 81.26 0 175.01 427.44
47 7 0 177.49 432.50 0 556.49 93.76 0 238.72 506.27 0 198.73 360.94 0 528.75 51.62 0 488.76 528.77 0 393.73 363.76
48 7 0 177.76 420.00 0 549.98 90.76 0 198.41 358.74 0 236.26 493.75 0 484.88 517.49 0 522.50 44.99 0 393.72 361.29
49 8 0 181.06 421.23 0 547.50 99.99 0 236.22 493.75 0 394.98 371.23 0 194.99 195.00 0 197.86 368.74 0 518.57 51.25 0 481.24 518.76
50 8 0 190.26 410.08 0 206.21 365.36 0 483.75 509.32 0 243.65 481.27 0 203.73 186.26 0 403.78 368.80 0 521.22 46.24 0 549.99 97.61
