1 0
2 1 0 530.22 326.24
3 1 0 525.01 333.73
4 1 0 521.25 343.75
5 1 0 516.26 351.24
6 1 0 511.24 363.85
7 1 0 508.72 373.76
8 1 0 506.25 381.27
9 1 0 497.52 391.23
10 1 0 497.23 402.51
11 2 0 493.03 406.24 0 493.75 407.53
12 2 0 273.75 621.25 0 486.25 418.77
13 2 0 279.99 617.50 0 484.13 431.24
14 2 0 287.51 608.59 0 481.25 441.29
15 2 0 289.99 596.27 0 473.75 446.23
16 2 0 296.26 586.27 0 473.75 453.75
17 2 0 303.74 578.80 0 471.23 466.25
18 2 0 307.50 568.78 0 466.24 473.76
19 1 0 313.74 561.27
20 2 0 315.08 552.48 0 456.26 491.25
21 3 0 320.01 543.70 0 451.07 501.44 0 180.00 437.52
22 1 0 325.02 536.28
23 2 0 333.75 525.00 0 446.22 518.74
24 2 0 336.27 517.52 0 441.28 528.78
25 4 0 346.24 508.47 0 438.83 538.79 0 344.97 507.73 0 441.10 538.82
26 2 0 347.49 498.76 0 433.76 548.72
27 2 0 357.47 492.48 0 433.75 558.76
28 2 0 427.48 565.01 0 360.31 481.44
29 2 0 364.99 476.26 0 422.52 581.24
30 3 0 372.30 463.75 0 420.74 585.02 0 420.40 583.21
31 2 0 373.76 458.73 0 412.50 597.51
32 2 0 381.24 446.25 0 412.51 603.74
33 4 0 167.52 621.27 0 383.74 438.58 0 384.99 437.66 0 406.22 613.75
34 3 0 165.00 613.75 0 401.25 626.26 0 388.68 432.46
35 4 0 393.74 422.48 0 162.44 603.76 0 412.50 580.07 0 353.76 476.25
36 2 0 161.25 591.23 0 401.12 412.51
37 2 0 408.77 403.60 0 161.25 582.06
38 3 0 411.25 393.76 0 156.23 572.50 0 412.14 392.50
39 3 0 417.49 382.51 0 153.73 563.49 0 417.21 384.50
40 2 0 148.74 553.75 0 419.99 378.74
41 2 0 430.01 368.10 0 150.76 543.48
42 2 0 436.25 361.24 0 148.73 536.26
43 2 0 436.26 350.99 0 141.24 526.25
44 2 0 446.23 341.25 0 141.26 516.25
45 3 0 446.27 333.76 0 136.26 506.29 0 447.46 332.92
46 3 0 451.25 326.25 0 133.75 497.69 0 180.02 551.20
47 2 0 131.26 489.99 0 457.50 319.07
48 2 0 466.27 306.25 0 131.25 478.16
49 2 0 472.50 300.01 0 129.84 471.27
50 2 0 476.25 292.51 0 126.24 461.24
