1 0
2 0
3 1 0 581.26 161.24
4 1 0 580.01 160.97
5 1 0 578.74 158.76
6 1 0 577.15 158.75
7 1 0 573.76 158.73
8 1 0 573.48 156.26
9 1 0 568.81 157.51
10 1 0 568.76 156.24
11 1 0 566.26 156.25
12 2 0 562.51 155.01 0 338.74 16.31
13 1 0 338.75 18.75
14 2 0 338.73 20.05 0 557.51 153.72
15 2 0 556.26 153.77 0 338.73 23.73
16 2 0 553.75 153.76 0 338.76 26.26
17 2 0 338.76 28.00 0 551.27 151.25
18 2 0 338.73 31.26 0 548.76 151.24
19 2 0 546.25 151.24 0 336.44 33.76
20 2 0 337.54 33.80 0 543.74 151.25
21 2 0 541.24 150.26 0 336.29 38.75
22 2 0 538.73 151.27 0 336.27 41.28
23 2 0 336.26 43.74 0 536.95 151.02
24 2 0 336.27 43.76 0 533.75 148.95
25 2 0 531.89 149.38 0 336.26 46.23
26 2 0 336.25 49.26 0 530.00 148.88
27 2 0 333.74 51.26 0 336.20 51.25
28 2 0 525.02 149.66 0 336.23 53.80
29 2 0 522.97 148.62 0 333.72 56.26
30 2 0 333.75 58.73 0 521.23 148.74
31 2 0 333.74 61.24 0 518.73 146.64
32 2 0 515.61 147.49 0 333.73 63.73
33 2 0 333.57 66.29 0 513.75 147.51
34 3 0 325.96 16.30 0 511.22 148.27 0 333.75 69.99
35 3 0 323.77 18.75 0 508.74 147.52 0 333.75 71.25
36 3 0 323.75 21.25 0 506.26 146.27 0 333.74 73.76
37 3 0 332.52 77.50 0 321.26 23.61 0 503.71 146.28
38 3 0 501.25 146.26 0 332.83 78.75 0 321.26 25.57
39 3 0 498.75 146.21 0 332.50 82.50 0 321.16 27.49
40 3 0 332.51 83.75 0 496.63 146.36 0 318.71 29.81
41 3 0 318.74 31.23 0 332.50 86.24 0 493.82 146.28
42 3 0 318.72 34.55 0 492.52 147.23 0 331.26 88.76
43 3 0 317.35 37.47 0 331.26 91.27 0 491.23 146.26
44 3 0 316.24 38.78 0 332.51 92.50 0 488.76 146.25
45 4 0 314.99 41.47 0 484.98 146.41 0 324.96 84.97 0 331.26 96.72
46 3 0 313.76 43.77 0 331.27 98.77 0 482.50 147.22
47 2 0 313.76 46.26 0 331.27 101.25
48 3 0 312.49 48.74 0 477.51 146.24 0 328.76 103.75
49 4 0 312.48 50.96 0 329.89 106.30 0 42.50 211.31 0 475.97 147.49
50 3 0 311.24 52.52 0 330.00 107.93 0 475.00 147.54
