1 0
2 1 0 250.00 72.52
3 3 0 244.98 75.04 0 52.52 132.50 0 573.77 178.76
4 4 0 241.35 78.40 0 571.61 176.20 0 571.24 174.35 0 56.25 136.26
5 2 0 237.47 81.25 0 566.51 170.00
6 3 0 234.24 83.76 0 564.78 166.37 0 171.31 602.84
7 2 0 229.98 87.50 0 562.50 163.68
8 1 0 227.48 90.04
9 2 0 222.68 92.50 0 553.80 156.19
10 2 0 220.00 96.25 0 549.97 153.64
11 2 0 546.26 149.22 0 215.72 99.98
12 2 0 212.48 102.49 0 543.73 146.26
13 2 0 210.02 105.25 0 538.91 142.84
14 2 0 206.25 108.81 0 536.24 138.96
15 2 0 202.57 112.54 0 533.74 136.26
16 2 0 198.85 116.25 0 528.75 133.77
17 2 0 197.02 119.98 0 525.00 129.98
18 3 0 193.75 122.49 0 520.80 126.25 0 84.97 206.23
19 2 0 189.97 126.23 0 516.25 123.75
20 2 0 187.49 130.00 0 513.22 121.26
21 2 0 184.99 133.76 0 508.03 118.75
22 3 0 181.90 137.48 0 503.74 114.50 0 92.99 224.73
23 3 0 177.64 141.19 0 499.19 111.24 0 499.96 112.45
24 2 0 176.24 145.01 0 496.25 108.75
25 3 0 172.51 148.76 0 490.29 106.45 0 623.74 107.59
26 3 0 170.00 152.50 0 621.24 110.91 0 486.28 103.72
27 3 0 167.51 156.24 0 482.52 101.27 0 616.24 113.81
28 4 0 165.00 159.98 0 478.71 98.76 0 611.28 118.75 0 106.74 251.14
29 4 0 162.49 163.76 0 610.00 122.52 0 473.78 97.56 0 108.24 256.27
30 6 0 159.98 167.52 0 468.76 93.74 0 109.99 261.24 0 606.24 126.47 0 469.76 95.01 0 606.18 128.62
31 4 0 157.49 172.50 0 602.49 130.00 0 115.00 268.92 0 463.75 92.59
32 5 0 154.99 176.25 0 115.01 269.98 0 459.92 89.72 0 598.73 133.77 0 242.49 157.49
33 6 0 153.76 180.00 0 117.48 274.99 0 596.23 136.32 0 456.27 88.76 0 101.23 16.43 0 68.94 18.72
34 4 0 151.21 184.99 0 450.04 86.27 0 103.60 20.49 0 591.23 142.12
35 6 0 148.81 188.78 0 446.24 83.76 0 622.38 120.84 0 76.25 26.26 0 588.71 146.17 0 587.82 143.77
36 6 0 147.49 192.48 0 442.50 82.50 0 78.38 30.03 0 617.43 123.91 0 586.24 148.77 0 101.22 29.96
37 5 0 82.50 35.00 0 145.00 197.49 0 614.62 127.50 0 436.27 81.22 0 103.68 34.21
38 6 0 142.51 201.24 0 611.25 131.24 0 83.77 38.74 0 103.72 38.77 0 433.75 78.75 0 578.15 156.44
39 6 0 141.66 206.25 0 427.49 76.25 0 607.46 134.18 0 86.23 42.27 0 101.23 44.91 0 576.26 158.78
40 4 0 603.75 138.56 0 139.97 210.01 0 570.00 163.74 0 423.73 74.91
41 5 0 137.51 213.76 0 418.75 73.76 0 92.53 52.49 0 600.60 142.10 0 283.75 468.11
42 6 0 136.26 218.75 0 562.52 170.35 0 413.75 71.26 0 596.26 145.27 0 96.53 56.97 0 94.99 56.39
43 5 0 134.98 223.08 0 592.47 148.74 0 98.78 61.34 0 408.81 70.30 0 561.23 173.78
44 4 0 132.50 227.51 0 101.24 66.27 0 402.49 69.26 0 588.88 152.29
45 4 0 132.47 232.54 0 585.00 155.01 0 398.73 66.91 0 103.74 71.21
46 4 0 130.03 236.25 0 395.49 66.32 0 582.52 159.34 0 106.23 74.77
47 4 0 128.75 241.24 0 110.00 77.51 0 578.76 161.95 0 388.73 66.26
48 5 0 127.51 246.23 0 573.75 166.25 0 110.00 85.63 0 383.73 65.70 0 383.73 63.84
49 4 0 571.26 170.03 0 127.36 250.01 0 378.75 63.49 0 113.84 86.25
50 4 0 124.99 254.79 0 117.52 92.50 0 373.75 63.74 0 566.45 172.19
