1 0
2 0
3 0
4 1 0 36.27 461.52
5 0
6 0
7 0
8 0
9 0
10 1 0 618.75 121.25
11 1 0 547.49 621.22
12 2 0 548.75 623.73 0 620.01 122.48
13 2 0 317.49 522.52 0 546.24 618.89
14 2 0 620.00 122.50 0 548.74 620.00
15 1 0 618.75 121.28
16 2 0 613.76 123.75 0 541.41 616.28
17 2 0 546.23 618.77 0 322.49 521.50
18 1 0 546.26 616.26
19 2 0 325.00 517.51 0 616.25 126.24
20 2 0 540.00 613.81 0 611.27 126.25
21 1 0 611.24 130.00
22 3 0 19.15 352.40 0 326.22 517.47 0 543.75 613.75
23 2 0 15.02 350.43 0 538.76 611.24
24 3 0 21.25 351.26 0 612.51 130.01 0 541.25 611.26
25 3 0 21.25 348.74 0 540.13 608.75 0 610.04 129.99
26 2 0 538.75 605.09 0 21.26 346.26
27 3 0 21.25 347.51 0 603.63 130.00 0 536.27 606.25
28 3 0 23.78 350.67 0 538.68 611.25 0 331.13 514.96
29 3 0 21.40 347.43 0 601.50 132.50 0 536.27 606.28
30 4 0 26.25 350.01 0 330.00 508.85 0 536.25 609.25 0 588.75 621.63
31 2 0 26.27 349.89 0 533.76 608.73
32 3 0 603.76 132.50 0 27.50 346.26 0 533.75 603.72
33 4 0 530.01 602.52 0 26.82 346.28 0 27.37 344.96 0 388.73 16.27
34 4 0 530.02 603.75 0 27.49 346.27 0 388.71 20.00 0 598.73 136.25
35 4 0 533.76 603.73 0 32.99 345.06 0 332.51 501.23 0 393.77 18.74
36 2 0 29.98 346.93 0 528.76 602.61
37 4 0 33.76 343.74 0 533.20 598.74 0 601.27 136.26 0 332.52 500.02
38 3 0 36.23 345.04 0 601.25 138.76 0 533.50 601.24
39 5 0 594.39 141.23 0 31.25 345.80 0 330.01 500.01 0 32.48 344.95 0 526.24 598.75
40 4 0 594.00 140.00 0 32.48 344.39 0 526.25 597.51 0 386.24 26.26
41 3 0 36.23 346.26 0 387.51 28.25 0 331.32 498.74
42 3 0 38.74 345.80 0 387.49 29.54 0 593.77 143.75
43 3 0 36.24 341.27 0 522.51 595.01 0 591.24 143.74
44 3 0 39.98 339.95 0 593.74 141.25 0 523.79 591.24
45 3 0 38.74 339.99 0 522.51 593.77 0 590.28 143.49
46 5 0 42.51 343.73 0 522.50 595.00 0 591.25 146.54 0 336.28 493.74 0 386.28 34.02
47 3 0 45.02 341.25 0 524.99 595.00 0 593.77 146.30
48 4 0 46.25 342.30 0 591.24 148.75 0 523.76 593.79 0 386.25 33.77
49 3 0 523.75 588.83 0 48.74 339.87 0 591.23 147.54
50 2 0 46.27 337.49 0 588.75 143.74
