1 0
2 0
3 0
4 1 0 73.76 376.27
5 1 0 76.24 376.26
6 1 0 76.25 376.26
7 1 0 78.73 376.26
8 1 0 79.37 376.22
9 1 0 81.25 376.26
10 1 0 81.25 373.76
11 1 0 83.74 373.78
12 2 0 621.25 546.27 0 84.99 373.76
13 2 0 86.23 373.75 0 621.25 543.75
14 2 0 621.24 543.75 0 88.78 373.73
15 2 0 88.75 373.79 0 621.23 543.52
16 2 0 91.25 371.27 0 618.76 541.26
17 2 0 618.74 541.27 0 91.27 371.25
18 2 0 92.50 372.50 0 617.51 539.98
19 2 0 616.25 538.76 0 93.75 372.52
20 2 0 96.26 371.25 0 616.26 536.30
21 2 0 616.25 536.26 0 96.50 371.25
22 2 0 98.76 371.26 0 614.79 534.86
23 2 0 101.25 371.25 0 614.19 533.76
24 2 0 613.77 532.49 0 101.25 369.99
25 2 0 612.49 531.71 0 102.41 371.01
26 2 0 612.49 531.24 0 103.74 370.00
27 2 0 611.26 528.75 0 106.24 368.76
28 2 0 106.26 368.77 0 611.23 528.76
29 2 0 108.73 368.77 0 609.21 527.43
30 2 0 608.75 526.27 0 108.74 368.76
31 3 0 608.79 524.21 0 111.23 368.76 0 300.02 18.75
32 4 0 607.54 523.76 0 113.76 366.78 0 301.24 18.77 0 112.45 367.53
33 3 0 113.75 366.25 0 606.23 522.41 0 301.09 20.01
34 4 0 606.21 521.23 0 114.23 366.25 0 115.00 367.48 0 301.25 20.23
35 3 0 116.24 366.24 0 604.99 520.99 0 303.74 21.28
36 3 0 117.79 366.26 0 604.97 518.76 0 306.25 21.26
37 2 0 603.76 517.70 0 118.74 366.25
38 3 0 603.89 516.27 0 121.26 366.23 0 306.27 23.73
39 2 0 603.74 516.26 0 122.51 365.01
40 3 0 123.76 363.77 0 603.57 514.07 0 307.49 26.31
41 3 0 601.26 513.76 0 124.99 363.76 0 310.02 27.47
42 3 0 126.25 363.76 0 310.00 27.52 0 601.26 513.77
43 3 0 127.50 363.74 0 600.55 511.25 0 311.22 28.77
44 3 0 128.76 363.57 0 598.73 509.81 0 313.77 29.43
45 2 0 130.01 362.50 0 598.74 508.74
46 2 0 597.48 508.33 0 131.26 361.26
47 2 0 597.62 506.29 0 132.60 361.28
48 2 0 596.25 506.26 0 133.75 361.25
49 2 0 596.24 503.75 0 136.14 361.25
50 3 0 593.75 503.72 0 317.52 35.09 0 136.27 360.77
