1 0
2 0
3 1 0 361.25 163.74
4 0
5 0
6 1 0 606.25 343.75
7 0
8 0
9 0
10 1 0 602.51 338.76
11 2 0 356.19 161.21 0 602.55 338.75
12 1 0 353.75 166.10
13 2 0 356.27 165.01 0 601.25 343.36
14 2 0 594.46 343.74 0 349.97 165.00
15 4 0 596.26 338.76 0 212.49 524.99 0 17.67 328.74 0 351.24 161.24
16 3 0 348.77 164.98 0 16.26 333.74 0 593.76 343.76
17 3 0 347.49 162.49 0 593.74 338.75 0 16.27 328.73
18 2 0 20.00 332.51 0 348.07 166.14
19 3 0 593.75 338.75 0 21.24 326.27 0 348.75 161.27
20 2 0 22.50 329.77 0 91.25 275.06
21 3 0 588.75 339.99 0 18.75 326.24 0 343.74 163.75
22 2 0 21.78 328.74 0 579.98 99.98
23 2 0 568.76 623.73 0 23.74 326.24
24 5 0 16.25 531.25 0 563.75 621.26 0 21.24 323.74 0 338.76 163.50 0 586.25 338.76
25 5 0 21.25 533.76 0 26.25 325.04 0 566.25 623.72 0 588.76 343.75 0 626.16 571.26
26 7 0 18.75 531.26 0 619.99 568.99 0 336.27 163.75 0 22.85 323.67 0 561.46 618.87 0 581.74 341.23 0 361.33 623.74
27 6 0 23.73 531.22 0 340.00 162.54 0 26.25 318.75 0 622.51 567.34 0 563.80 618.75 0 586.25 340.01
28 8 0 563.75 620.02 0 621.26 571.25 0 23.74 533.73 0 27.31 323.73 0 338.75 166.27 0 366.25 621.22 0 24.98 535.05 0 110.00 122.51
29 7 0 26.26 317.52 0 618.75 566.28 0 23.73 531.25 0 580.88 338.76 0 363.78 616.29 0 561.25 616.27 0 333.74 161.28
30 6 0 26.26 533.77 0 563.72 618.73 0 31.24 321.25 0 621.06 568.76 0 368.78 618.76 0 338.75 166.23
31 5 0 618.74 564.99 0 561.26 613.75 0 26.41 531.24 0 29.99 317.49 0 581.23 338.75
32 5 0 616.24 568.76 0 558.73 616.63 0 365.01 618.73 0 26.25 534.24 0 578.76 343.75
33 7 0 28.74 531.26 0 616.31 563.75 0 30.01 315.01 0 332.49 162.49 0 558.72 612.64 0 577.01 338.76 0 366.25 613.75
34 4 0 28.73 536.28 0 29.98 318.74 0 556.26 616.25 0 613.74 566.23
35 6 0 611.27 563.75 0 27.95 533.74 0 556.26 612.50 0 28.73 315.01 0 365.00 613.29 0 572.51 341.25
36 6 0 31.23 536.27 0 558.73 613.74 0 613.75 566.24 0 33.57 316.26 0 31.54 316.25 0 573.77 346.28
37 6 0 35.02 533.74 0 35.00 315.01 0 368.84 611.26 0 558.73 611.24 0 613.78 563.83 0 329.85 166.23
38 7 0 31.23 533.74 0 365.01 610.00 0 323.77 165.00 0 608.74 561.26 0 553.78 608.78 0 569.96 341.23 0 31.22 311.24
39 6 0 322.51 164.97 0 608.76 561.26 0 33.70 533.74 0 568.76 341.23 0 366.25 608.76 0 606.39 561.27
40 7 0 35.01 315.02 0 35.01 536.25 0 608.76 563.76 0 368.75 608.77 0 568.74 346.27 0 323.98 169.70 0 553.76 609.10
41 7 0 39.91 533.75 0 371.26 606.24 0 38.71 310.00 0 554.97 606.16 0 324.99 164.99 0 611.28 561.18 0 570.03 341.22
42 5 0 38.73 536.25 0 608.75 561.87 0 553.77 608.76 0 37.46 311.22 0 568.75 343.76
43 5 0 39.97 536.27 0 370.37 606.28 0 38.01 311.27 0 566.23 343.76 0 608.75 561.29
44 7 0 37.54 533.75 0 548.74 603.76 0 36.23 308.74 0 603.76 558.75 0 316.23 165.00 0 365.79 602.52 0 562.54 341.21
45 7 0 43.75 536.25 0 41.25 308.76 0 608.76 558.75 0 553.74 603.78 0 566.18 343.74 0 321.24 166.25 0 552.48 604.99
46 6 0 43.74 537.40 0 550.01 605.02 0 605.02 560.01 0 370.02 603.04 0 562.47 343.74 0 41.26 309.43
47 7 0 601.26 556.27 0 546.25 601.25 0 41.25 533.73 0 368.77 598.74 0 36.25 303.74 0 315.00 165.00 0 558.76 341.28
48 6 0 557.49 340.82 0 546.04 601.27 0 598.72 556.25 0 38.73 306.28 0 41.46 534.44 0 368.74 598.75
49 6 0 47.51 533.74 0 371.35 596.25 0 603.77 553.76 0 548.77 598.74 0 43.75 303.74 0 562.48 340.01
50 7 0 46.26 537.49 0 41.26 306.28 0 546.25 601.25 0 598.73 557.36 0 368.87 598.77 0 313.75 168.76 0 556.24 343.75
