1 0
2 3 0 108.75 386.26 0 567.39 76.25 0 109.89 384.96
3 2 0 558.74 78.77 0 102.49 387.55
4 2 0 568.77 83.75 0 113.75 391.24
5 2 0 562.49 88.75 0 393.75 161.26
6 4 0 623.68 143.45 0 562.50 79.98 0 110.04 383.93 0 529.99 507.46
7 3 0 558.74 88.76 0 618.74 151.23 0 107.50 392.73
8 3 0 562.16 92.51 0 111.24 393.76 0 619.91 153.79
9 4 0 616.26 151.24 0 558.75 92.52 0 111.22 393.76 0 111.24 391.81
10 3 0 613.74 148.73 0 557.46 90.02 0 111.24 388.75
11 4 0 557.47 91.26 0 612.50 148.75 0 111.24 388.73 0 9.94 303.76
12 4 0 566.25 88.75 0 618.75 143.74 0 20.35 300.00 0 121.24 383.87
13 5 0 564.99 97.50 0 21.24 306.27 0 618.75 151.25 0 123.71 391.26 0 45.02 85.01
14 7 0 563.79 90.09 0 616.27 142.49 0 123.75 383.74 0 43.74 78.75 0 21.24 298.75 0 532.54 507.52 0 68.53 29.31
15 5 0 617.52 146.26 0 566.23 96.26 0 126.22 388.50 0 26.26 301.26 0 565.62 95.01
16 5 0 557.48 100.87 0 606.29 148.75 0 118.73 391.24 0 37.50 88.82 0 16.76 303.76
17 4 0 560.00 93.85 0 608.79 141.25 0 123.75 381.26 0 23.30 296.26
18 4 0 563.78 96.26 0 128.74 383.74 0 612.48 142.48 0 27.49 298.75
19 4 0 565.01 98.76 0 611.25 143.74 0 131.24 383.74 0 29.99 299.61
20 5 0 609.74 141.78 0 563.76 98.76 0 43.76 85.00 0 131.25 381.22 0 28.75 296.25
21 5 0 603.74 141.26 0 558.73 98.75 0 26.23 296.27 0 126.24 381.24 0 128.67 381.25
22 5 0 608.76 145.88 0 33.76 300.00 0 274.99 162.50 0 564.97 104.84 0 134.68 386.28
23 4 0 554.48 106.27 0 597.47 145.70 0 126.24 386.25 0 26.26 298.73
24 4 0 563.74 107.45 0 606.24 146.27 0 36.68 299.84 0 138.72 386.25
25 4 0 553.77 108.62 0 594.98 144.99 0 26.25 298.74 0 128.75 383.76
26 6 0 601.25 149.98 0 559.99 114.95 0 67.84 38.73 0 136.31 388.76 0 33.79 303.74 0 349.98 590.00
27 6 0 598.72 148.76 0 561.23 115.01 0 138.75 388.76 0 397.48 162.52 0 36.26 303.51 0 69.94 38.75
28 4 0 596.24 150.00 0 557.49 117.50 0 137.64 388.75 0 36.24 303.75
29 5 0 598.73 141.26 0 561.27 111.20 0 141.25 378.76 0 41.26 293.77 0 273.81 158.03
30 5 0 562.47 116.24 0 598.75 146.27 0 143.75 383.75 0 43.76 298.73 0 46.21 106.13
31 5 0 68.73 18.74 0 587.49 143.76 0 552.50 116.26 0 33.76 296.27 0 136.28 382.44
32 5 0 78.72 21.25 0 146.24 383.75 0 562.43 119.67 0 596.25 146.26 0 45.01 298.73
33 4 0 561.23 120.18 0 78.75 21.69 0 595.01 145.48 0 148.61 383.74
34 7 0 591.23 138.77 0 45.01 291.25 0 77.55 17.49 0 558.75 115.00 0 146.25 376.26 0 636.85 209.95 0 66.25 28.74
35 6 0 553.73 116.26 0 143.73 376.25 0 586.25 138.74 0 42.51 291.17 0 72.60 18.75 0 389.95 611.26
36 6 0 591.24 141.27 0 151.24 378.76 0 50.01 292.53 0 81.26 22.48 0 397.50 612.52 0 560.56 119.95
37 6 0 551.24 122.48 0 581.24 141.25 0 143.28 378.75 0 41.27 293.74 0 71.23 23.89 0 387.50 612.51
38 6 0 551.16 123.75 0 578.76 141.42 0 42.49 292.50 0 145.25 378.76 0 386.69 612.63 0 72.67 26.02
39 5 0 557.50 121.25 0 80.01 23.76 0 51.27 288.75 0 586.21 138.75 0 153.76 373.72
40 7 0 557.64 130.43 0 81.27 32.45 0 585.64 146.28 0 154.11 382.94 0 52.51 296.27 0 69.78 38.53 0 398.75 158.75
41 8 0 549.97 128.74 0 576.30 143.70 0 146.64 378.76 0 46.24 292.53 0 73.75 31.23 0 61.09 33.85 0 387.51 609.99 0 157.50 597.48
42 7 0 557.49 133.77 0 81.35 35.90 0 582.48 146.28 0 157.48 381.26 0 45.00 122.51 0 69.09 37.60 0 56.24 296.26
43 7 0 81.27 36.24 0 580.12 146.27 0 556.66 135.01 0 158.73 381.27 0 56.25 296.26 0 69.08 37.76 0 581.04 144.99
44 8 0 557.50 128.76 0 581.26 138.74 0 83.71 31.24 0 58.75 288.77 0 159.41 373.77 0 397.52 602.51 0 44.99 116.29 0 170.50 499.12
45 7 0 554.99 137.52 0 577.49 146.26 0 81.33 40.01 0 68.28 38.73 0 158.74 381.26 0 58.75 296.26 0 42.53 125.00
46 5 0 571.26 138.76 0 548.75 131.25 0 154.29 371.26 0 389.68 597.53 0 76.33 32.97
47 7 0 548.76 137.52 0 568.80 143.76 0 53.75 292.50 0 387.50 602.52 0 37.48 125.02 0 75.07 40.04 0 155.00 377.99
48 5 0 161.25 371.26 0 60.00 285.02 0 572.28 136.26 0 553.47 131.29 0 395.01 595.04
49 8 0 86.25 38.76 0 575.13 140.01 0 556.42 137.56 0 66.25 289.54 0 397.51 597.51 0 166.23 371.68 0 49.62 124.97 0 379.99 117.50
50 7 0 546.25 138.74 0 563.75 141.28 0 157.55 373.74 0 387.50 597.51 0 76.29 41.30 0 56.26 289.75 0 37.87 126.24
