1 0
2 3 0 51.26 113.84 0 61.26 197.59 0 129.61 303.73
3 5 0 51.27 121.26 0 141.24 293.75 0 73.76 195.01 0 398.72 141.28 0 195.00 611.26
4 3 0 46.23 133.75 0 141.25 293.82 0 383.75 141.27
5 5 0 51.26 140.68 0 156.24 283.82 0 93.75 196.24 0 380.02 138.77 0 194.92 611.28
6 2 0 41.26 148.76 0 156.27 281.23
7 4 0 350.00 132.49 0 41.23 156.27 0 163.78 273.74 0 85.04 595.02
8 5 0 41.23 163.83 0 186.24 606.26 0 40.01 164.78 0 588.78 226.25 0 341.25 128.70
9 3 0 48.75 173.76 0 340.76 126.24 0 136.65 195.69
10 3 0 46.25 188.74 0 198.73 263.75 0 328.74 131.27
11 3 0 46.20 198.74 0 317.51 130.01 0 208.74 258.73
12 4 0 38.69 206.25 0 157.50 204.98 0 301.26 125.04 0 209.23 251.25
13 4 0 190.00 605.00 0 42.53 208.75 0 223.74 238.73 0 296.25 116.26
14 5 0 41.24 216.26 0 231.26 233.75 0 286.31 116.26 0 178.82 324.99 0 288.34 116.23
15 1 0 38.75 236.21
16 6 0 37.49 236.25 0 187.50 605.01 0 266.26 111.25 0 625.15 565.66 0 116.25 248.75 0 591.24 223.78
17 3 0 34.92 248.75 0 253.27 114.00 0 553.77 158.77
18 2 0 38.72 266.23 0 38.74 264.34
19 5 0 36.24 273.76 0 35.16 272.48 0 186.27 613.84 0 21.16 228.65 0 591.21 233.79
20 4 0 41.25 277.50 0 189.99 491.22 0 277.48 140.01 0 29.99 522.53
21 5 0 41.25 288.77 0 296.25 206.25 0 195.02 610.02 0 252.35 243.74 0 41.27 241.27
22 5 0 37.58 292.51 0 301.25 195.06 0 269.99 122.23 0 242.75 221.23 0 256.28 243.97
23 4 0 258.74 253.77 0 31.23 303.83 0 193.75 101.25 0 303.73 193.78
24 3 0 40.06 316.37 0 322.50 190.00 0 45.01 251.27
25 5 0 38.73 326.24 0 330.01 187.61 0 282.89 270.87 0 194.98 611.23 0 26.31 226.27
26 5 0 36.23 338.75 0 336.26 186.25 0 336.26 184.36 0 288.78 281.29 0 25.13 228.75
27 3 0 36.24 340.02 0 346.25 171.26 0 298.38 281.25
28 5 0 30.80 356.25 0 348.73 173.81 0 591.23 233.68 0 332.51 197.50 0 186.30 613.74
29 2 0 31.23 357.82 0 359.69 161.21
30 3 0 372.49 157.47 0 35.00 368.76 0 133.81 90.82
31 4 0 378.75 161.26 0 31.23 386.28 0 322.51 321.27 0 122.51 93.76
32 3 0 33.81 387.13 0 113.74 83.84 0 329.99 321.40
33 3 0 31.24 403.76 0 629.12 574.95 0 333.76 338.75
34 2 0 28.73 403.76 0 91.24 78.73
35 4 0 31.23 413.76 0 83.74 77.53 0 413.74 131.27 0 343.71 346.14
36 3 0 28.72 423.48 0 421.25 126.26 0 72.90 76.29
37 3 0 32.53 438.76 0 433.87 128.69 0 66.31 81.23
38 5 0 442.64 123.17 0 31.39 448.73 0 53.87 78.75 0 56.26 78.76 0 32.47 447.57
39 4 0 23.75 451.25 0 446.23 111.24 0 187.49 605.00 0 591.25 223.73
40 5 0 20.19 465.18 0 27.51 73.77 0 61.24 413.74 0 357.49 397.49 0 588.75 231.08
41 4 0 29.87 475.03 0 470.00 107.52 0 26.26 71.26 0 26.25 73.77
42 2 0 25.83 488.79 0 13.75 73.79
43 3 0 23.74 497.48 0 481.24 101.24 0 370.00 433.76
44 3 0 22.49 506.27 0 370.01 443.86 0 488.76 98.75
45 4 0 18.74 513.82 0 368.76 452.29 0 493.74 89.74 0 452.47 129.36
46 4 0 23.75 526.26 0 508.75 86.24 0 23.78 228.08 0 35.02 78.73
47 1 0 16.40 528.75
48 3 0 524.99 77.51 0 21.24 544.57 0 376.27 483.77
49 4 0 23.69 545.63 0 378.75 486.24 0 193.75 606.23 0 26.20 218.75
50 2 0 371.23 503.73 0 13.76 558.78
