1 0
2 0
3 0
4 0
5 0
6 1 0 220.01 157.50
7 0
8 0
9 0
10 0
11 1 0 286.24 17.12
12 0
13 1 0 286.25 18.74
14 1 0 293.75 23.74
15 1 0 291.26 21.22
16 1 0 290.05 27.48
17 1 0 293.75 23.74
18 1 0 292.49 29.98
19 1 0 292.93 31.25
20 1 0 293.75 31.29
21 0
22 1 0 296.25 36.21
23 1 0 296.26 33.78
24 1 0 299.97 35.00
25 2 0 296.25 38.75 0 357.50 482.50
26 1 0 298.74 42.53
27 1 0 299.62 41.24
28 1 0 300.12 45.00
29 2 0 326.22 538.77 0 306.23 43.37
30 1 0 306.25 48.76
31 0
32 1 0 303.73 49.91
33 1 0 307.49 51.28
34 1 0 303.74 53.75
35 1 0 308.73 52.51
36 1 0 310.91 56.28
37 1 0 308.91 58.74
38 2 0 310.44 59.30 0 621.25 35.15
39 1 0 313.76 58.77
40 3 0 316.19 61.27 0 620.01 35.03 0 130.34 448.94
41 1 0 311.27 63.75
42 1 0 311.21 61.26
43 2 0 309.98 67.51 0 612.54 42.48
44 2 0 610.78 37.50 0 313.73 63.72
45 2 0 612.50 43.74 0 317.49 68.74
46 2 0 610.44 46.25 0 317.55 71.23
47 1 0 611.28 43.90
48 1 0 606.24 49.48
49 1 0 606.24 49.88
50 2 0 322.49 77.50 0 603.74 49.95
