1 0
2 0
3 1 0 308.75 149.25
4 1 0 308.73 146.26
5 1 0 308.72 151.25
6 2 0 306.24 146.30 0 16.26 178.76
7 2 0 307.10 147.68 0 16.26 178.76
8 2 0 307.50 148.98 0 18.75 178.75
9 1 0 21.26 181.25
10 2 0 310.55 155.02 0 21.26 181.25
11 2 0 310.01 155.02 0 21.93 181.25
12 2 0 26.26 176.24 0 313.79 153.77
13 2 0 313.74 157.50 0 26.25 180.90
14 3 0 310.00 157.43 0 23.74 176.26 0 292.50 26.41
15 1 0 26.24 173.74
16 4 0 28.55 179.99 0 313.70 161.26 0 410.01 610.00 0 296.32 28.52
17 2 0 31.23 178.54 0 296.31 30.01
18 3 0 163.74 21.23 0 315.01 162.52 0 28.76 178.74
19 4 0 163.74 21.27 0 316.25 162.53 0 28.76 178.75 0 293.76 33.71
20 4 0 163.74 19.94 0 315.01 161.29 0 30.09 176.23 0 31.07 174.82
21 3 0 163.75 21.22 0 31.23 173.74 0 315.02 162.45
22 4 0 315.00 163.75 0 292.51 34.99 0 165.00 21.25 0 31.23 176.25
23 4 0 317.48 165.01 0 166.22 23.75 0 33.75 176.26 0 292.51 35.01
24 4 0 171.15 24.61 0 37.36 176.25 0 321.24 166.26 0 296.28 36.41
25 4 0 318.32 166.26 0 36.22 173.76 0 292.53 37.50 0 168.75 26.23
26 4 0 35.01 172.09 0 318.74 165.01 0 168.74 23.73 0 167.50 24.99
27 4 0 170.02 27.50 0 321.25 168.75 0 38.73 173.76 0 293.65 41.24
28 4 0 42.50 170.01 0 173.75 23.76 0 322.52 165.00 0 296.26 38.60
29 4 0 172.49 28.80 0 41.25 173.75 0 322.52 170.00 0 296.27 43.75
30 3 0 170.20 27.30 0 38.72 171.24 0 321.26 168.77
31 4 0 171.26 28.75 0 41.25 171.25 0 322.51 169.99 0 292.47 44.94
32 4 0 171.28 28.74 0 292.51 44.99 0 41.26 170.07 0 322.50 170.01
33 3 0 324.98 173.77 0 43.74 173.76 0 173.75 31.26
34 6 0 176.25 28.74 0 326.24 168.75 0 46.43 168.75 0 47.41 167.50 0 622.01 160.06 0 623.74 111.24
35 7 0 325.01 170.00 0 176.24 28.75 0 621.25 111.25 0 619.99 161.27 0 46.25 166.63 0 293.40 45.00 0 46.23 168.77
36 5 0 178.76 33.81 0 48.75 172.51 0 620.00 115.01 0 621.25 166.24 0 328.74 176.25
37 6 0 618.74 166.26 0 176.26 33.83 0 618.74 114.08 0 48.73 171.25 0 293.30 51.25 0 326.25 176.25
38 5 0 181.24 36.23 0 52.49 171.25 0 621.25 166.24 0 620.02 115.01 0 330.09 176.26
39 4 0 181.26 33.77 0 620.34 165.01 0 53.75 168.74 0 331.23 176.25
40 6 0 618.77 166.25 0 618.77 110.01 0 181.67 34.21 0 331.26 176.24 0 53.74 166.26 0 298.69 51.24
41 6 0 180.01 34.79 0 52.50 165.44 0 616.27 163.78 0 292.49 52.51 0 328.85 176.26 0 616.24 108.74
42 5 0 53.75 170.00 0 330.00 181.26 0 181.24 38.76 0 613.75 113.76 0 613.73 168.76
43 6 0 613.76 169.04 0 181.24 38.76 0 330.00 181.25 0 53.75 168.76 0 292.94 58.75 0 612.47 111.25
44 6 0 186.26 38.74 0 616.26 168.74 0 333.00 180.01 0 58.76 168.78 0 58.76 166.37 0 613.75 111.19
45 5 0 331.24 180.00 0 611.25 169.19 0 610.02 110.00 0 181.25 38.77 0 292.49 60.01
46 6 0 183.74 41.27 0 611.03 171.51 0 333.01 183.74 0 608.75 111.24 0 293.76 61.72 0 58.72 168.73
47 4 0 186.26 38.75 0 611.06 106.27 0 61.26 164.49 0 611.26 168.76
48 4 0 183.73 43.74 0 58.75 166.26 0 607.40 172.61 0 606.24 109.97
49 5 0 186.24 43.75 0 333.75 187.34 0 609.68 173.74 0 61.26 168.75 0 606.25 111.21
50 6 0 610.00 170.00 0 188.73 41.26 0 63.75 163.74 0 296.26 61.28 0 336.25 182.57 0 606.25 106.26
