1 0
2 1 0 558.75 89.97
3 2 0 557.47 92.50 0 508.73 372.67
4 3 0 556.24 263.75 0 347.01 86.30 0 346.85 87.68
5 3 0 548.98 98.62 0 341.51 83.84 0 551.24 263.75
6 3 0 341.28 78.88 0 548.76 261.34 0 546.24 93.76
7 4 0 543.74 101.25 0 546.24 267.53 0 336.25 83.77 0 268.76 514.45
8 3 0 543.72 98.75 0 336.26 81.27 0 546.25 268.73
9 3 0 332.51 82.51 0 541.25 101.95 0 541.38 269.99
10 3 0 330.03 77.51 0 536.34 268.78 0 533.74 101.27
11 2 0 326.24 81.26 0 533.72 103.75
12 4 0 531.24 107.51 0 323.75 82.48 0 533.43 274.99 0 277.48 499.97
13 3 0 526.22 108.76 0 317.51 82.52 0 528.77 278.73
14 3 0 316.46 82.52 0 526.26 108.75 0 528.77 277.49
15 3 0 518.70 109.96 0 308.74 81.25 0 521.30 277.49
16 3 0 517.47 107.49 0 308.73 78.74 0 521.23 278.72
17 3 0 307.49 82.51 0 518.69 283.76 0 516.27 113.74
18 3 0 301.25 77.41 0 513.77 282.51 0 23.74 491.18
19 5 0 221.24 513.85 0 510.00 282.51 0 509.56 113.73 0 298.77 77.49 0 509.96 111.67
20 4 0 507.49 286.28 0 293.76 76.66 0 506.22 113.94 0 504.11 115.05
21 4 0 507.49 117.50 0 509.45 290.02 0 296.61 78.92 0 223.69 511.24
22 3 0 290.01 81.20 0 503.74 293.74 0 503.72 121.31
23 4 0 286.25 81.26 0 496.29 123.75 0 498.76 296.27 0 221.25 506.21
24 3 0 286.22 77.50 0 498.75 122.50 0 498.77 291.24
25 3 0 277.49 77.49 0 490.04 123.74 0 493.71 296.26
26 3 0 491.26 122.50 0 276.25 76.31 0 221.24 493.73
27 4 0 488.76 123.75 0 490.02 298.71 0 221.26 490.16 0 391.24 618.75
28 5 0 486.25 303.69 0 391.25 619.14 0 223.71 491.21 0 486.25 128.83 0 273.82 77.80
29 5 0 482.51 132.50 0 266.11 79.14 0 219.05 486.24 0 482.40 303.68 0 266.05 80.96
30 4 0 482.51 132.50 0 267.49 77.50 0 223.75 485.84 0 148.47 405.00
31 5 0 220.06 477.50 0 474.99 130.33 0 260.47 77.00 0 149.16 405.00 0 473.80 303.74
32 3 0 473.78 130.01 0 621.26 202.08 0 256.26 73.77
33 5 0 388.75 602.50 0 621.24 206.26 0 258.76 77.49 0 473.75 133.84 0 475.00 309.98
34 4 0 252.50 77.50 0 468.77 138.76 0 616.40 211.28 0 467.51 315.01
35 5 0 611.25 208.98 0 221.25 467.50 0 246.27 76.27 0 463.71 136.26 0 461.27 311.25
36 5 0 612.51 209.98 0 463.74 137.29 0 223.73 461.46 0 248.76 73.76 0 246.36 73.73
37 5 0 608.76 211.26 0 243.75 73.70 0 461.25 138.09 0 227.49 460.01 0 169.92 408.79
38 4 0 237.50 76.23 0 453.75 143.25 0 603.75 216.25 0 221.25 458.78
39 4 0 452.51 317.42 0 237.40 73.75 0 603.75 213.74 0 456.27 141.28
40 6 0 598.74 218.62 0 448.75 143.57 0 223.74 452.49 0 233.76 73.77 0 448.75 318.75 0 231.24 73.78
41 6 0 450.01 147.49 0 598.73 222.36 0 450.00 322.51 0 233.76 76.25 0 322.50 412.51 0 211.39 475.24
42 6 0 227.49 444.97 0 597.49 221.27 0 229.17 74.95 0 448.78 146.22 0 446.22 323.75 0 323.77 408.73
43 4 0 591.23 226.24 0 221.27 76.27 0 223.75 445.89 0 443.76 151.25
44 5 0 437.49 149.99 0 434.99 325.02 0 218.77 76.25 0 587.50 226.26 0 223.73 438.75
45 3 0 583.74 226.29 0 433.75 150.02 0 216.82 74.19
46 5 0 435.00 155.02 0 226.24 434.39 0 583.74 231.23 0 431.24 331.61 0 433.72 331.84
47 5 0 212.50 77.46 0 332.51 396.25 0 430.01 333.62 0 583.11 233.75 0 433.76 156.24
48 4 0 578.78 229.46 0 206.81 70.18 0 431.21 153.76 0 208.77 70.21
49 4 0 333.69 390.07 0 428.75 158.76 0 576.89 237.51 0 210.00 77.41
50 2 0 576.24 234.87 0 426.26 157.49
