1 0
2 2 0 78.73 493.74 0 542.49 334.15
3 2 0 75.01 491.25 0 538.75 331.26
4 2 0 538.75 333.76 0 75.98 493.76
5 2 0 541.25 331.26 0 81.25 492.51
6 2 0 538.75 331.35 0 77.16 493.74
7 3 0 81.24 488.76 0 503.74 236.21 0 541.24 326.70
8 3 0 82.49 491.25 0 503.75 238.77 0 541.25 328.76
9 3 0 541.24 326.24 0 501.25 236.25 0 81.72 486.26
10 4 0 498.75 237.48 0 81.25 486.24 0 537.54 323.76 0 79.98 487.51
11 3 0 83.75 486.25 0 540.01 323.01 0 500.00 237.51
12 3 0 541.09 322.52 0 85.70 486.24 0 498.74 238.75
13 3 0 83.75 485.02 0 496.26 238.75 0 537.53 321.23
14 2 0 84.98 488.75 0 537.54 325.01
15 3 0 538.75 323.76 0 86.25 488.75 0 493.74 243.70
16 3 0 538.75 318.73 0 86.25 481.60 0 493.76 237.53
17 3 0 85.00 485.01 0 491.24 241.27 0 536.26 318.78
18 5 0 349.98 611.53 0 537.33 316.24 0 88.59 481.26 0 86.37 481.25 0 491.25 238.76
19 4 0 88.75 485.05 0 491.26 243.76 0 538.74 318.75 0 629.91 525.00
20 4 0 90.14 483.75 0 538.75 318.58 0 491.20 245.02 0 350.00 613.34
21 5 0 535.00 313.77 0 86.39 481.25 0 488.75 241.26 0 87.38 480.00 0 486.24 241.26
22 3 0 92.44 478.75 0 538.74 311.21 0 490.16 241.28
23 3 0 490.02 242.53 0 538.75 311.26 0 93.76 478.74
24 5 0 538.76 313.75 0 488.75 246.25 0 348.68 609.54 0 96.26 481.26 0 94.52 481.25
25 3 0 483.06 243.75 0 533.75 311.26 0 91.19 478.75
26 4 0 482.51 244.99 0 534.11 311.27 0 93.71 481.24 0 291.27 27.51
27 3 0 536.27 306.25 0 483.77 241.86 0 96.25 475.61
28 3 0 533.75 306.25 0 93.76 476.26 0 481.25 243.76
29 4 0 93.75 473.81 0 481.27 242.75 0 533.75 303.82 0 534.98 305.00
30 4 0 536.25 307.20 0 482.57 248.73 0 98.76 476.29 0 620.01 37.49
31 4 0 533.74 306.14 0 96.25 476.24 0 340.00 604.99 0 478.71 246.24
32 4 0 478.74 248.77 0 534.03 306.27 0 341.24 605.01 0 98.79 476.28
33 3 0 101.15 471.24 0 537.47 301.26 0 481.26 245.01
34 3 0 101.25 473.77 0 537.57 302.47 0 478.72 246.22
35 4 0 98.78 468.76 0 476.23 245.02 0 533.95 298.77 0 536.19 298.76
36 4 0 475.00 250.01 0 100.00 473.77 0 534.00 301.63 0 338.36 600.86
37 2 0 103.74 470.25 0 536.37 298.01
38 4 0 534.65 300.00 0 473.77 251.25 0 339.99 602.52 0 102.55 471.23
39 3 0 103.72 471.26 0 471.23 251.27 0 533.76 298.75
40 2 0 534.94 293.31 0 106.25 466.26
41 4 0 531.27 293.76 0 467.50 248.74 0 101.25 467.71 0 333.77 596.26
42 5 0 106.26 468.56 0 536.23 294.06 0 471.26 251.27 0 337.53 596.25 0 534.99 294.99
43 5 0 467.50 251.62 0 532.12 296.10 0 531.27 294.71 0 103.77 468.75 0 106.21 468.75
44 4 0 108.68 463.75 0 535.04 289.26 0 469.99 248.82 0 336.27 591.25
45 4 0 467.50 252.49 0 110.01 467.50 0 534.73 292.60 0 336.27 596.26
46 3 0 468.74 250.13 0 536.25 289.65 0 111.22 463.75
47 4 0 533.75 291.26 0 467.50 252.50 0 332.49 595.02 0 109.96 466.26
48 3 0 466.27 251.24 0 535.00 287.04 0 113.75 463.72
49 3 0 531.26 288.76 0 463.74 253.75 0 108.74 466.25
50 3 0 113.76 462.85 0 536.01 286.26 0 463.74 252.91
