1 0
2 1 0 41.26 294.89
3 4 0 42.56 295.88 0 291.51 138.76 0 483.76 45.11 0 102.02 153.85
4 5 0 292.27 138.75 0 43.76 295.00 0 483.76 45.05 0 102.50 156.08 0 70.00 612.51
5 6 0 292.49 138.76 0 44.95 295.00 0 103.66 156.25 0 69.98 612.51 0 482.48 46.25 0 514.98 562.50
6 6 0 103.74 156.27 0 292.48 141.25 0 45.01 294.99 0 69.99 611.28 0 482.61 46.49 0 482.99 48.75
7 5 0 103.75 158.34 0 292.49 141.26 0 46.21 295.05 0 69.99 610.02 0 481.24 48.75
8 5 0 481.27 48.77 0 292.48 142.49 0 47.53 295.00 0 103.74 158.76 0 69.99 610.00
9 4 0 292.51 143.74 0 48.82 294.99 0 104.97 160.02 0 481.25 49.98
10 5 0 50.02 295.01 0 292.47 145.00 0 105.38 161.25 0 70.36 606.28 0 478.75 51.26
11 5 0 292.48 146.27 0 51.25 295.02 0 478.75 51.27 0 106.24 161.27 0 71.25 606.29
12 5 0 106.25 163.75 0 292.41 147.49 0 52.52 294.98 0 478.73 52.49 0 71.10 605.02
13 5 0 106.25 163.75 0 292.46 147.92 0 53.79 295.04 0 477.49 52.48 0 71.27 603.87
14 6 0 291.27 148.75 0 106.25 165.01 0 55.01 295.37 0 476.25 53.74 0 467.55 372.51 0 71.26 602.50
15 5 0 107.48 166.26 0 292.43 149.98 0 55.80 295.33 0 476.24 54.02 0 467.50 372.52
16 5 0 56.56 295.08 0 292.52 151.26 0 107.50 166.64 0 476.24 55.75 0 71.25 601.30
17 4 0 57.54 295.42 0 107.49 168.75 0 292.49 152.48 0 474.98 56.26
18 4 0 292.50 153.75 0 108.74 168.75 0 58.75 296.24 0 473.77 56.28
19 5 0 292.51 154.99 0 108.75 171.25 0 60.00 296.14 0 475.01 58.76 0 73.76 597.50
20 6 0 108.74 171.25 0 292.50 156.20 0 61.27 296.28 0 473.75 58.76 0 73.77 596.25 0 461.25 368.80
21 7 0 108.95 172.52 0 292.50 157.48 0 62.50 296.13 0 73.76 595.02 0 473.77 58.76 0 461.25 368.77 0 472.03 59.10
22 6 0 63.74 296.26 0 292.50 157.51 0 109.97 173.75 0 471.22 58.80 0 73.74 593.76 0 461.25 366.26
23 6 0 65.01 296.18 0 292.51 158.75 0 109.97 173.86 0 471.25 61.26 0 73.73 593.77 0 459.99 366.27
24 6 0 292.50 160.32 0 66.24 296.20 0 110.45 176.18 0 471.23 61.23 0 73.75 591.25 0 459.99 366.23
25 8 0 292.50 161.24 0 111.24 176.25 0 66.24 296.27 0 75.00 589.97 0 458.75 366.25 0 469.98 62.48 0 66.97 295.00 0 356.25 623.75
26 7 0 292.50 162.49 0 111.24 177.50 0 67.85 296.16 0 75.01 590.00 0 468.73 63.74 0 355.03 623.73 0 458.77 365.00
27 6 0 292.49 163.76 0 111.25 178.76 0 69.94 296.28 0 468.76 63.74 0 75.02 587.81 0 355.89 621.23
28 7 0 292.50 164.99 0 69.97 296.27 0 111.25 178.80 0 76.25 587.50 0 355.71 620.01 0 468.76 65.32 0 456.26 363.76
29 6 0 292.49 166.27 0 71.25 296.27 0 467.50 66.27 0 76.25 586.21 0 113.76 181.27 0 356.26 619.84
30 6 0 72.50 296.09 0 292.51 166.63 0 113.74 181.25 0 466.27 66.26 0 356.24 618.74 0 76.25 586.24
31 7 0 292.51 168.74 0 73.75 296.27 0 113.76 182.48 0 466.25 67.51 0 452.50 362.50 0 76.26 583.74 0 356.25 616.28
32 8 0 292.51 168.91 0 113.75 183.74 0 75.00 296.25 0 466.26 68.73 0 452.49 362.50 0 76.26 583.75 0 356.25 616.26 0 464.96 68.12
33 7 0 292.51 170.00 0 76.26 296.25 0 113.75 184.08 0 465.03 68.75 0 357.47 613.77 0 451.27 361.31 0 76.24 581.24
34 8 0 292.51 171.25 0 77.46 296.27 0 114.15 186.26 0 77.50 580.02 0 465.00 69.99 0 357.47 612.71 0 115.01 184.97 0 450.03 361.25
35 7 0 292.49 172.49 0 77.53 296.27 0 115.02 186.29 0 463.74 71.25 0 77.52 580.00 0 357.48 612.49 0 450.97 358.75
36 7 0 292.50 173.75 0 357.51 612.38 0 78.73 296.26 0 115.02 188.68 0 463.74 71.24 0 77.50 580.00 0 448.76 358.76
37 6 0 116.23 188.75 0 292.52 174.99 0 80.00 296.22 0 357.50 610.02 0 462.51 71.59 0 77.49 578.74
38 7 0 116.25 189.99 0 81.25 296.26 0 292.52 176.27 0 357.49 610.00 0 462.53 73.76 0 446.17 357.53 0 78.73 576.26
39 6 0 116.26 191.24 0 292.51 176.41 0 82.52 296.26 0 461.26 73.75 0 445.00 357.50 0 357.48 610.01
40 6 0 292.51 177.86 0 116.23 191.24 0 83.77 296.27 0 461.24 75.32 0 444.99 355.15 0 78.73 573.76
41 8 0 292.51 178.74 0 85.00 295.94 0 460.01 76.24 0 116.77 192.68 0 445.00 354.99 0 358.74 606.27 0 78.73 573.76 0 620.03 565.35
42 8 0 292.50 180.00 0 86.24 296.24 0 116.23 193.76 0 459.66 77.48 0 358.75 605.83 0 444.99 355.00 0 78.73 572.49 0 620.26 565.06
43 6 0 292.50 181.26 0 87.44 296.29 0 118.73 193.82 0 357.52 604.64 0 458.75 77.50 0 78.73 571.39
44 5 0 292.49 182.49 0 118.73 196.24 0 88.74 296.03 0 457.71 78.74 0 358.72 602.53
45 7 0 292.51 183.74 0 88.78 296.26 0 118.74 196.25 0 620.00 562.50 0 358.74 601.27 0 81.24 568.78 0 457.69 78.72
46 5 0 118.74 198.76 0 90.03 296.16 0 292.50 185.00 0 456.78 81.11 0 81.25 568.76
47 6 0 292.48 186.27 0 91.25 296.27 0 456.36 81.25 0 118.76 198.77 0 81.26 566.26 0 358.76 598.74
48 7 0 292.51 186.98 0 92.52 296.27 0 81.24 566.26 0 120.00 201.26 0 357.50 597.51 0 456.26 81.26 0 618.79 557.49
49 6 0 292.50 187.85 0 93.75 296.29 0 82.51 565.00 0 121.26 201.25 0 357.52 597.49 0 453.74 82.64
50 6 0 292.49 188.73 0 94.99 296.10 0 121.25 202.50 0 81.28 563.70 0 453.75 83.75 0 358.75 597.16
