1 0
2 3 0 293.74 470.81 0 513.77 616.26 0 223.73 98.76
3 2 0 508.74 618.76 0 286.25 473.76
4 3 0 292.51 477.48 0 514.86 622.70 0 223.75 111.26
5 3 0 511.23 621.27 0 287.82 476.24 0 223.74 113.80
6 3 0 516.24 621.24 0 291.41 475.01 0 227.50 115.00
7 3 0 286.23 471.24 0 508.73 616.26 0 219.69 111.25
8 7 0 508.80 611.25 0 283.81 466.29 0 501.26 108.67 0 221.25 109.96 0 488.77 82.96 0 562.48 589.99 0 285.00 465.04
9 4 0 36.23 427.01 0 286.26 462.81 0 288.74 462.90 0 223.73 107.37
10 3 0 286.26 461.25 0 111.26 273.83 0 513.76 606.26
11 5 0 492.50 92.51 0 506.22 118.73 0 286.29 470.04 0 513.74 616.25 0 226.26 118.79
12 5 0 290.02 468.68 0 506.24 118.74 0 516.23 613.77 0 231.09 121.24 0 493.65 93.31
13 4 0 289.99 458.75 0 506.27 113.76 0 517.48 602.51 0 231.25 115.03
14 2 0 231.24 122.52 0 288.74 466.25
15 1 0 229.99 124.99
16 3 0 281.27 461.77 0 496.28 121.31 0 238.68 500.01
17 5 0 490.03 100.00 0 501.26 123.76 0 283.75 463.67 0 513.74 606.25 0 229.09 126.27
18 6 0 285.02 461.26 0 490.00 100.01 0 514.98 605.03 0 502.47 123.77 0 231.27 128.73 0 233.29 128.73
19 5 0 286.23 452.50 0 503.71 116.27 0 517.50 597.51 0 233.76 121.26 0 492.22 93.75
20 4 0 286.18 451.28 0 626.26 306.21 0 501.25 118.73 0 518.74 596.27
21 6 0 517.46 604.03 0 501.23 126.24 0 623.74 313.76 0 282.51 458.76 0 488.76 103.74 0 233.75 130.00
22 6 0 618.77 313.76 0 496.44 128.76 0 513.76 602.50 0 486.19 106.24 0 278.75 457.51 0 231.26 133.75
23 3 0 284.98 450.01 0 517.46 595.00 0 623.75 306.26
24 5 0 274.99 445.00 0 616.26 303.74 0 482.62 98.75 0 564.98 589.14 0 572.52 580.14
25 6 0 621.25 303.74 0 282.51 444.99 0 498.76 123.74 0 518.70 590.01 0 237.48 126.23 0 488.75 98.74
26 4 0 611.25 308.74 0 273.76 448.78 0 229.99 132.52 0 551.25 467.30
27 6 0 616.26 311.25 0 516.24 596.26 0 278.73 452.48 0 485.15 110.02 0 496.28 133.71 0 236.25 136.29
28 3 0 273.74 441.25 0 611.26 302.53 0 233.77 130.93
29 5 0 238.71 138.76 0 278.74 448.74 0 496.26 136.25 0 616.23 311.11 0 486.24 111.26
30 6 0 273.76 438.75 0 611.27 301.25 0 235.01 132.49 0 481.25 103.75 0 513.76 583.38 0 492.39 128.77
31 6 0 611.26 301.27 0 277.49 437.49 0 237.50 132.49 0 514.99 581.30 0 493.76 128.74 0 58.76 36.26
32 6 0 276.23 444.99 0 608.77 311.26 0 517.46 589.51 0 482.22 115.02 0 238.73 143.74 0 492.52 138.75
33 6 0 273.89 445.01 0 488.78 141.13 0 515.03 590.01 0 608.75 310.18 0 238.73 143.74 0 478.70 116.25
34 6 0 276.24 433.74 0 608.76 301.24 0 492.50 132.51 0 481.26 108.56 0 517.56 578.74 0 242.50 136.36
35 6 0 276.25 441.25 0 492.50 141.23 0 608.86 308.72 0 482.52 117.50 0 517.50 587.38 0 243.18 146.25
36 8 0 601.26 301.25 0 475.52 111.24 0 237.48 138.75 0 486.20 133.74 0 511.24 576.26 0 485.50 135.01 0 271.23 433.57 0 271.22 431.24
37 4 0 275.81 438.75 0 242.51 147.51 0 606.55 307.50 0 491.27 143.72
38 6 0 276.23 436.25 0 244.99 147.50 0 606.25 306.29 0 482.50 118.74 0 493.73 141.24 0 518.74 578.73
39 5 0 274.99 430.00 0 606.23 301.24 0 246.24 143.75 0 492.49 138.74 0 58.77 578.75
40 5 0 596.23 301.21 0 267.48 428.76 0 482.65 138.76 0 509.98 573.68 0 238.69 143.74
41 3 0 271.22 426.28 0 598.74 298.75 0 243.79 143.77
42 5 0 237.49 149.41 0 481.25 143.75 0 263.72 429.14 0 591.24 301.35 0 469.99 121.21
43 4 0 591.22 301.25 0 263.74 426.24 0 509.98 572.84 0 481.22 143.69
44 4 0 266.25 431.24 0 242.50 154.99 0 591.23 306.27 0 481.26 148.87
45 6 0 588.75 303.74 0 478.72 149.85 0 241.28 153.78 0 261.47 428.22 0 551.25 468.88 0 587.63 130.01
46 4 0 589.96 306.28 0 243.74 157.50 0 263.74 428.75 0 481.26 153.76
47 4 0 591.21 306.29 0 266.26 428.73 0 246.23 158.72 0 482.51 155.01
48 6 0 511.21 563.75 0 476.28 148.73 0 467.49 125.01 0 261.25 420.00 0 586.25 298.76 0 241.33 153.75
49 6 0 583.65 299.99 0 509.99 563.77 0 475.81 149.98 0 242.49 155.04 0 259.99 421.26 0 466.24 126.24
50 3 0 593.57 301.16 0 269.09 421.25 0 252.54 158.74
