1 0
2 0
3 0
4 1 0 431.24 18.73
5 1 0 431.23 18.76
6 1 0 433.91 21.58
7 1 0 433.75 23.72
8 0
9 1 0 433.75 21.23
10 2 0 433.73 26.28 0 68.56 29.99
11 1 0 433.75 23.74
12 1 0 435.01 29.89
13 1 0 437.49 27.51
14 1 0 438.64 28.75
15 2 0 433.80 31.25 0 463.69 18.75
16 2 0 438.69 29.98 0 466.87 18.77
17 2 0 435.39 29.99 0 463.74 16.27
18 2 0 437.49 30.00 0 464.90 18.38
19 2 0 462.45 21.26 0 436.25 33.74
20 3 0 436.66 37.49 0 463.74 23.73 0 16.27 446.25
21 3 0 466.25 22.51 0 21.25 442.49 0 438.74 33.77
22 3 0 463.74 26.44 0 438.71 38.74 0 21.20 446.22
23 3 0 466.26 26.25 0 441.30 37.48 0 23.74 443.76
24 2 0 466.26 26.47 0 441.29 38.75
25 3 0 461.24 28.73 0 437.49 41.58 0 21.24 446.20
26 4 0 463.73 31.27 0 16.25 46.25 0 438.72 43.76 0 23.74 448.79
27 4 0 19.98 43.76 0 466.25 31.15 0 441.25 42.61 0 27.51 445.02
28 5 0 463.73 33.79 0 438.73 46.25 0 18.43 45.02 0 622.50 533.75 0 23.73 451.27
29 5 0 21.25 43.87 0 441.28 46.26 0 466.25 33.75 0 623.73 533.73 0 28.75 449.99
30 5 0 461.26 33.78 0 618.75 531.24 0 437.48 45.01 0 18.74 42.51 0 26.46 450.02
31 5 0 442.51 45.46 0 466.26 34.98 0 622.52 530.02 0 23.75 41.37 0 25.00 42.09
32 5 0 461.25 37.51 0 21.25 42.51 0 438.75 48.76 0 27.51 450.05 0 617.43 531.26
33 5 0 616.26 528.88 0 461.25 37.48 0 21.26 41.26 0 438.73 48.78 0 29.99 450.01
34 4 0 461.23 38.76 0 22.49 41.24 0 438.73 51.19 0 613.88 528.74
35 7 0 461.26 41.31 0 25.00 42.51 0 438.74 51.34 0 616.27 529.27 0 31.21 453.76 0 440.06 52.62 0 33.56 453.51
36 5 0 442.49 51.26 0 29.99 40.00 0 37.49 450.00 0 617.54 526.24 0 465.04 39.99
37 5 0 463.75 43.73 0 29.96 41.25 0 616.26 528.74 0 37.50 453.28 0 443.74 53.76
38 5 0 31.23 41.26 0 463.74 43.71 0 443.76 56.27 0 37.49 452.52 0 613.73 526.25
39 5 0 33.71 38.75 0 464.93 43.74 0 32.49 38.12 0 614.98 524.99 0 446.15 53.79
40 5 0 611.32 522.59 0 462.46 41.24 0 32.63 36.25 0 441.27 53.80 0 37.50 451.86
41 4 0 611.25 526.27 0 441.30 58.77 0 461.21 48.80 0 32.48 41.12
42 5 0 33.78 35.85 0 461.24 44.60 0 41.62 451.24 0 609.98 519.67 0 443.79 56.26
43 5 0 609.99 523.80 0 462.47 50.01 0 36.26 38.87 0 443.84 61.31 0 42.51 456.27
44 4 0 33.76 38.75 0 458.76 49.92 0 441.28 61.21 0 606.25 521.27
45 4 0 463.76 51.23 0 38.74 37.90 0 610.11 522.51 0 446.19 61.83
46 4 0 37.46 38.75 0 460.01 53.74 0 606.25 521.26 0 443.79 63.74
47 5 0 37.52 38.33 0 604.98 522.50 0 458.78 53.76 0 443.50 66.24 0 43.77 458.76
48 4 0 461.16 56.29 0 443.80 66.23 0 604.98 521.28 0 40.02 37.49
49 5 0 38.75 35.02 0 602.48 518.74 0 442.47 66.24 0 458.77 53.74 0 457.80 54.98
50 4 0 43.81 36.26 0 603.75 518.76 0 461.57 58.72 0 446.23 68.74
