1 0
2 1 0 124.99 132.50
3 2 0 126.25 141.26 0 546.26 456.25
4 2 0 133.76 133.74 0 548.75 441.29
5 1 0 131.28 136.25
6 1 0 143.73 141.25
7 1 0 147.73 136.27
8 1 0 152.80 138.76
9 1 0 149.96 145.83
10 2 0 162.52 141.25 0 546.36 413.74
11 1 0 166.23 148.74
12 1 0 163.75 148.74
13 2 0 174.10 143.70 0 539.91 398.26
14 1 0 173.71 150.06
15 2 0 178.76 153.75 0 531.21 397.50
16 1 0 185.55 156.26
17 3 0 192.88 156.26 0 18.78 21.42 0 251.27 23.55
18 3 0 18.75 18.76 0 191.21 148.77 0 248.76 18.76
19 3 0 194.96 156.23 0 20.87 26.33 0 250.01 26.28
20 3 0 23.74 26.29 0 199.95 153.74 0 521.25 368.76
21 3 0 205.03 156.78 0 27.01 31.22 0 518.27 366.26
22 3 0 208.76 158.75 0 279.92 624.99 0 11.99 340.89
23 6 0 286.26 615.00 0 221.24 153.75 0 23.72 333.74 0 269.38 34.73 0 41.50 33.76 0 42.23 32.25
24 5 0 277.92 611.25 0 218.75 156.25 0 20.64 331.27 0 268.76 41.29 0 38.72 36.32
25 7 0 277.49 606.25 0 223.73 158.75 0 269.97 44.16 0 43.77 41.25 0 618.76 358.73 0 26.24 328.77 0 23.78 328.76
26 6 0 277.46 609.99 0 228.74 166.26 0 48.77 51.26 0 29.99 333.74 0 616.26 364.77 0 273.76 53.74
27 5 0 281.25 596.27 0 238.74 158.74 0 38.74 323.76 0 58.73 46.25 0 616.24 353.78
28 7 0 275.00 601.00 0 238.75 168.76 0 608.76 361.25 0 57.45 57.52 0 282.47 61.23 0 41.15 331.25 0 38.77 331.25
29 4 0 273.74 596.13 0 243.74 170.55 0 603.74 358.75 0 283.75 66.23
30 6 0 246.24 163.76 0 272.51 584.70 0 46.24 318.75 0 597.61 349.70 0 63.72 56.25 0 286.21 61.24
31 4 0 279.98 581.22 0 258.75 166.26 0 602.50 349.99 0 58.75 317.50
32 6 0 277.52 582.15 0 61.24 321.57 0 77.47 68.97 0 300.00 77.50 0 596.25 353.75 0 262.47 173.84
33 7 0 271.23 577.49 0 61.25 321.27 0 78.73 71.25 0 262.47 173.75 0 298.66 81.24 0 588.50 351.24 0 587.76 353.76
34 6 0 268.75 176.25 0 271.25 573.72 0 82.50 74.99 0 66.25 318.74 0 583.75 350.61 0 303.73 83.75
35 7 0 269.97 558.82 0 69.98 307.52 0 86.26 67.28 0 306.26 77.52 0 271.23 167.36 0 578.77 338.72 0 588.77 298.80
36 6 0 269.95 564.97 0 75.01 315.03 0 277.46 178.75 0 310.00 91.23 0 91.31 81.24 0 573.74 346.28
37 7 0 286.24 171.26 0 272.49 552.51 0 100.00 74.25 0 576.25 336.26 0 83.74 305.37 0 483.73 297.32 0 318.74 86.25
38 3 0 262.50 549.99 0 78.73 306.27 0 282.52 176.24
39 5 0 261.10 545.03 0 98.75 81.25 0 83.75 303.74 0 286.24 176.24 0 313.78 98.74
40 5 0 259.99 542.50 0 291.26 178.82 0 103.74 86.26 0 318.74 101.26 0 86.27 303.72
41 6 0 301.25 183.74 0 264.88 541.29 0 113.76 91.26 0 326.22 109.25 0 96.39 303.76 0 96.29 305.49
42 5 0 268.73 531.55 0 122.50 90.00 0 309.98 179.91 0 336.26 107.45 0 106.25 297.13
43 6 0 265.46 531.27 0 108.04 298.76 0 313.73 186.25 0 126.23 96.26 0 338.75 113.75 0 461.24 281.25
44 7 0 257.51 519.98 0 122.50 91.26 0 311.23 178.76 0 536.26 326.27 0 105.66 291.25 0 332.22 113.76 0 331.85 111.27
45 7 0 263.38 513.82 0 322.49 178.74 0 131.27 92.49 0 343.04 113.80 0 538.73 323.74 0 116.25 288.73 0 116.24 286.79
46 6 0 258.77 508.76 0 323.74 178.76 0 117.50 284.99 0 530.02 321.39 0 133.76 93.75 0 341.26 117.48
47 6 0 259.99 505.00 0 125.02 283.74 0 331.25 181.25 0 141.25 96.26 0 528.74 322.01 0 349.99 122.51
48 7 0 262.49 504.97 0 131.54 286.26 0 525.00 325.01 0 356.24 130.03 0 337.52 186.81 0 148.74 102.26 0 442.87 263.76
49 6 0 251.27 498.76 0 332.51 186.28 0 348.74 132.50 0 126.23 282.53 0 143.72 103.71 0 511.26 321.30
50 6 0 255.04 500.00 0 153.75 111.26 0 358.72 141.25 0 343.74 193.75 0 137.47 286.25 0 513.76 326.25
