1 0
2 2 0 98.75 71.24 0 513.74 19.51
3 3 0 96.25 73.77 0 511.13 22.62 0 172.52 608.90
4 3 0 172.52 608.84 0 97.50 76.25 0 511.24 25.31
5 3 0 98.75 76.23 0 172.50 606.26 0 511.21 26.27
6 3 0 101.25 73.78 0 173.76 602.48 0 515.01 23.73
7 3 0 106.27 77.50 0 519.26 28.18 0 178.77 602.50
8 3 0 103.75 76.33 0 515.05 29.83 0 172.50 602.51
9 3 0 108.73 75.01 0 521.77 28.24 0 178.77 597.47
10 3 0 108.74 75.06 0 521.39 28.97 0 176.27 594.95
11 3 0 111.24 76.24 0 523.73 31.21 0 178.76 593.75
12 3 0 524.97 36.24 0 180.00 595.76 0 113.74 81.26
13 3 0 115.00 77.49 0 526.55 33.51 0 181.25 591.27
14 2 0 523.71 36.89 0 113.74 81.26
15 3 0 117.49 82.52 0 527.34 40.27 0 180.00 591.23
16 3 0 529.00 38.75 0 121.26 81.26 0 181.20 587.49
17 3 0 528.75 37.50 0 118.73 78.75 0 180.63 583.74
18 4 0 118.73 81.25 0 528.75 40.98 0 527.48 40.16 0 178.75 583.76
19 4 0 529.91 41.08 0 179.99 581.24 0 121.23 81.26 0 161.27 623.76
20 2 0 126.25 83.75 0 536.25 43.79
21 3 0 126.22 81.23 0 535.03 42.50 0 183.74 576.26
22 4 0 128.75 86.24 0 164.03 621.08 0 537.53 47.90 0 186.34 580.00
23 2 0 536.27 50.02 0 18.77 471.25
24 3 0 534.65 47.27 0 16.26 466.29 0 96.28 621.27
25 4 0 128.75 85.01 0 536.80 49.31 0 16.25 465.74 0 183.73 572.47
26 4 0 542.39 52.53 0 21.25 466.28 0 162.76 612.51 0 187.49 572.51
27 3 0 538.76 51.27 0 133.76 86.26 0 18.73 461.27
28 4 0 133.76 88.76 0 540.00 53.73 0 18.73 461.26 0 183.74 568.75
29 6 0 540.93 53.75 0 365.03 550.01 0 100.00 613.59 0 540.05 54.94 0 18.76 458.76 0 157.48 610.00
30 8 0 542.45 54.77 0 18.73 456.26 0 101.04 612.51 0 365.01 547.52 0 186.23 563.76 0 136.27 86.81 0 136.25 88.69 0 158.72 606.24
31 6 0 19.99 453.75 0 187.50 562.51 0 543.75 54.83 0 139.55 86.24 0 366.24 546.25 0 103.76 608.80
32 5 0 546.26 61.27 0 21.25 456.25 0 141.25 92.49 0 366.27 548.73 0 190.10 564.97
33 6 0 18.85 452.50 0 141.25 89.14 0 546.23 58.75 0 363.77 543.74 0 157.50 602.51 0 188.73 558.75
34 4 0 147.49 92.44 0 551.24 61.41 0 23.74 451.25 0 191.24 558.75
35 6 0 548.72 63.74 0 20.97 451.25 0 157.50 602.52 0 363.74 543.75 0 189.99 557.51 0 143.75 93.76
36 8 0 109.97 605.01 0 195.01 557.49 0 553.74 65.75 0 150.00 93.74 0 162.50 597.86 0 26.21 448.78 0 366.21 541.24 0 23.77 448.77
37 8 0 553.76 63.73 0 151.23 91.27 0 366.22 536.32 0 111.10 602.48 0 162.50 594.98 0 193.73 551.23 0 26.01 443.80 0 23.94 443.73
38 7 0 21.24 443.76 0 147.50 92.49 0 550.01 65.07 0 361.24 536.26 0 157.51 595.00 0 107.53 598.74 0 191.18 550.84
39 6 0 21.24 443.74 0 551.24 68.37 0 157.49 594.99 0 108.77 602.51 0 361.24 536.30 0 191.25 551.22
40 5 0 553.74 69.98 0 108.75 597.52 0 21.26 442.60 0 189.97 549.98 0 151.24 96.24
41 7 0 362.50 530.00 0 156.25 92.51 0 557.37 68.38 0 26.27 438.75 0 113.77 595.00 0 162.52 587.47 0 196.23 546.27
42 6 0 110.00 597.46 0 153.77 96.26 0 553.76 71.23 0 358.73 531.25 0 193.73 546.32 0 23.34 438.75
43 7 0 556.25 73.82 0 23.75 438.74 0 157.48 589.83 0 156.26 98.75 0 358.76 530.12 0 111.24 596.24 0 193.72 546.28
44 6 0 115.00 595.02 0 558.73 77.51 0 197.47 547.49 0 26.26 438.73 0 161.08 98.75 0 361.23 530.10
45 6 0 361.27 523.73 0 561.44 73.19 0 197.49 540.02 0 116.21 589.22 0 162.76 96.24 0 28.74 431.24
46 7 0 562.51 75.00 0 117.51 587.50 0 27.50 431.22 0 163.75 96.26 0 361.25 521.27 0 612.51 149.98 0 201.25 538.75
47 6 0 561.26 76.18 0 26.25 428.74 0 117.48 587.50 0 163.75 96.26 0 358.71 521.29 0 198.73 536.29
48 5 0 27.50 426.76 0 563.76 78.71 0 166.25 96.24 0 358.75 521.24 0 117.46 583.72
49 7 0 564.16 83.74 0 117.50 587.50 0 28.65 430.00 0 356.25 522.51 0 166.26 101.25 0 201.25 536.27 0 157.70 581.22
50 5 0 169.99 98.76 0 202.51 532.51 0 358.32 517.52 0 567.34 81.28 0 30.53 423.74
