1 0
2 1 0 130.04 106.28
3 2 0 134.83 113.75 0 66.26 231.24
4 5 0 138.75 111.26 0 41.25 113.78 0 566.23 526.24 0 66.24 231.25 0 242.51 449.99
5 3 0 136.27 117.51 0 558.74 528.76 0 61.25 241.26
6 3 0 139.98 108.54 0 556.22 517.49 0 61.23 234.50
7 3 0 142.47 118.75 0 553.75 526.26 0 36.24 118.72
8 3 0 151.24 113.76 0 557.54 517.51 0 67.51 245.06
9 4 0 153.74 116.26 0 555.85 518.74 0 152.49 117.06 0 67.52 250.02
10 3 0 153.75 111.24 0 550.29 508.13 0 37.50 109.92
11 2 0 158.73 118.75 0 551.24 513.75
12 4 0 162.50 116.11 0 3.88 236.62 0 549.99 506.25 0 282.50 226.37
13 2 0 156.25 117.46 0 538.74 503.74
14 2 0 168.74 120.01 0 546.26 503.75
15 4 0 162.38 117.43 0 533.74 498.75 0 30.82 113.43 0 61.25 266.24
16 2 0 541.25 498.76 0 174.60 121.27
17 2 0 170.03 124.98 0 531.25 498.76
18 2 0 178.76 118.74 0 536.26 488.77
19 3 0 183.71 125.02 0 201.26 623.75 0 533.74 491.24
20 3 0 176.25 123.76 0 191.18 618.75 0 523.77 486.27
21 4 0 196.24 612.51 0 188.31 121.26 0 529.99 482.50 0 38.72 111.26
22 5 0 183.74 122.45 0 188.73 611.22 0 66.27 285.13 0 522.50 478.73 0 33.55 111.18
23 5 0 20.96 201.27 0 195.12 126.26 0 193.76 609.68 0 526.21 477.52 0 150.01 35.00
24 4 0 197.51 126.25 0 524.98 476.25 0 192.50 606.25 0 22.59 198.74
25 5 0 618.76 106.01 0 193.74 133.74 0 183.72 608.76 0 516.25 478.76 0 18.74 202.03
26 7 0 188.76 601.26 0 203.74 130.02 0 622.52 100.02 0 27.51 194.39 0 41.26 113.75 0 521.23 473.73 0 521.25 471.24
27 6 0 611.25 96.25 0 179.99 594.98 0 198.75 128.75 0 21.26 188.76 0 511.23 466.27 0 69.99 301.21
28 6 0 614.99 103.76 0 207.50 137.49 0 28.77 193.74 0 516.22 471.26 0 184.68 599.99 0 38.74 118.74
29 6 0 202.50 136.25 0 603.72 100.01 0 173.75 594.64 0 506.23 466.31 0 24.69 189.73 0 31.27 114.10
30 6 0 181.58 593.78 0 213.75 140.63 0 608.76 102.49 0 34.99 190.00 0 513.74 466.26 0 511.26 466.26
31 8 0 603.74 93.76 0 216.23 133.76 0 180.01 582.46 0 36.28 178.74 0 508.76 456.26 0 37.50 111.20 0 69.99 29.56 0 36.76 444.98
32 5 0 598.74 103.65 0 36.24 186.29 0 215.00 143.75 0 176.25 589.91 0 36.23 118.78
33 8 0 598.74 93.75 0 221.25 136.25 0 177.01 576.32 0 77.14 320.90 0 37.48 109.98 0 2.60 233.86 0 41.23 173.76 0 506.27 451.14
34 4 0 596.25 100.01 0 46.18 178.74 0 177.27 581.23 0 224.99 145.00
35 6 0 589.98 101.21 0 173.73 578.75 0 223.99 148.75 0 44.97 178.73 0 238.74 21.90 0 498.92 456.27
36 6 0 229.97 148.73 0 589.50 100.00 0 500.16 451.26 0 173.74 576.24 0 241.29 23.75 0 49.67 174.42
37 5 0 578.76 92.70 0 163.75 565.03 0 491.24 442.50 0 226.26 143.72 0 43.75 166.32
38 8 0 228.73 143.74 0 165.00 561.22 0 577.21 91.25 0 490.87 437.50 0 236.26 21.29 0 33.61 110.49 0 46.58 163.58 0 42.51 450.00
39 7 0 578.76 98.75 0 168.75 566.26 0 238.62 153.75 0 243.76 31.26 0 57.76 168.74 0 237.52 152.49 0 493.76 443.75
40 6 0 483.76 436.26 0 568.75 93.73 0 158.76 558.66 0 231.25 151.24 0 51.23 162.51 0 31.23 113.83
41 6 0 573.76 93.75 0 168.76 555.11 0 491.24 435.01 0 243.75 151.23 0 246.21 34.78 0 41.23 113.79
42 5 0 246.23 158.76 0 166.21 556.25 0 571.25 96.26 0 488.76 436.25 0 246.25 41.28
43 7 0 558.72 96.24 0 240.06 158.76 0 156.46 552.50 0 31.26 116.45 0 58.75 158.76 0 238.75 43.75 0 478.74 433.77
44 8 0 562.51 97.50 0 161.62 551.23 0 251.24 162.51 0 69.98 158.75 0 483.77 431.24 0 38.73 118.74 0 248.81 51.22 0 247.38 50.26
45 7 0 555.00 88.76 0 156.26 538.76 0 477.50 420.00 0 243.46 43.77 0 67.49 148.76 0 248.74 156.26 0 33.87 110.44
46 6 0 558.73 93.75 0 75.01 155.00 0 161.25 543.46 0 256.36 163.75 0 249.18 53.67 0 481.27 423.74
47 5 0 546.26 88.76 0 70.02 146.38 0 251.25 161.24 0 153.74 533.75 0 471.22 417.39
48 6 0 253.76 169.98 0 543.72 96.23 0 151.25 538.76 0 243.74 61.31 0 470.00 421.27 0 73.92 151.15
49 5 0 260.00 162.59 0 153.76 526.26 0 544.97 85.10 0 36.24 109.99 0 249.98 56.23
50 6 0 257.56 166.25 0 149.15 523.76 0 536.90 87.50 0 77.49 140.01 0 246.22 59.96 0 43.86 230.35
