1 0
2 1 0 466.26 41.22
3 4 0 463.74 44.89 0 398.73 498.77 0 493.75 323.36 0 626.23 74.73
4 4 0 78.66 493.71 0 626.22 73.75 0 399.28 493.75 0 463.74 41.26
5 4 0 483.77 317.51 0 616.26 76.25 0 389.99 493.73 0 71.24 496.26
6 6 0 388.73 493.75 0 483.75 318.74 0 452.51 43.77 0 616.25 78.77 0 73.84 491.54 0 71.43 491.33
7 5 0 618.75 81.25 0 483.77 318.74 0 76.27 493.61 0 453.76 46.22 0 456.28 46.20
8 6 0 483.31 318.74 0 387.51 492.50 0 89.46 626.27 0 452.38 46.23 0 76.27 493.75 0 616.24 81.41
9 5 0 620.00 77.50 0 456.26 41.28 0 96.26 618.74 0 84.96 488.90 0 393.74 486.23
10 6 0 388.73 490.93 0 482.50 317.49 0 450.05 44.99 0 613.68 83.74 0 81.27 491.25 0 90.81 623.72
11 3 0 93.74 612.49 0 389.96 481.41 0 46.19 393.81
12 4 0 475.01 307.52 0 380.01 482.51 0 441.29 38.77 0 606.25 78.75
13 5 0 477.49 313.76 0 88.76 618.76 0 442.49 46.24 0 82.48 488.75 0 608.74 86.24
14 5 0 381.25 486.26 0 475.00 314.86 0 442.51 44.98 0 88.78 616.27 0 83.62 486.25
15 5 0 90.67 605.03 0 606.22 78.73 0 441.28 36.30 0 381.25 473.74 0 475.01 302.83
16 5 0 92.52 604.79 0 442.51 37.52 0 381.43 473.75 0 474.99 301.86 0 468.68 317.81
17 5 0 91.26 611.24 0 603.76 88.74 0 471.24 311.26 0 378.35 481.27 0 436.49 48.76
18 6 0 469.99 300.01 0 436.25 37.50 0 602.49 81.72 0 378.71 471.23 0 91.29 601.27 0 377.62 472.51
19 3 0 381.26 473.76 0 97.33 601.23 0 473.76 301.25
20 6 0 596.26 88.75 0 428.74 42.51 0 371.22 473.76 0 86.22 601.25 0 88.74 473.80 0 463.72 301.36
21 6 0 93.74 468.78 0 435.00 37.50 0 601.27 83.77 0 93.75 594.95 0 376.27 468.70 0 468.76 296.59
22 5 0 372.49 467.51 0 91.18 469.99 0 427.49 38.75 0 596.23 86.25 0 89.99 593.79
23 5 0 428.77 37.60 0 373.37 464.87 0 92.70 593.76 0 597.49 86.24 0 466.26 296.27
24 5 0 91.21 591.24 0 461.24 296.23 0 370.84 463.75 0 426.25 38.73 0 94.60 466.28
25 4 0 421.24 46.27 0 366.14 471.24 0 90.01 595.02 0 591.19 96.30
26 4 0 428.74 42.51 0 598.75 93.29 0 373.75 463.74 0 98.64 589.91
27 6 0 427.52 41.71 0 597.24 93.74 0 96.27 587.54 0 103.74 463.74 0 371.26 462.51 0 44.98 397.49
28 6 0 363.31 461.23 0 416.26 41.27 0 88.76 586.28 0 453.74 293.75 0 97.29 463.75 0 586.24 96.24
29 6 0 421.25 48.76 0 101.24 468.74 0 93.75 591.24 0 591.25 103.73 0 366.24 468.79 0 43.73 403.81
30 5 0 593.75 98.74 0 423.73 43.75 0 371.06 461.29 0 108.75 463.75 0 98.75 583.76
31 8 0 93.53 589.93 0 588.74 103.76 0 16.27 123.76 0 452.63 299.99 0 103.71 466.40 0 416.26 48.76 0 364.32 463.76 0 618.82 157.49
32 6 0 93.75 576.25 0 413.76 38.75 0 106.24 456.27 0 586.25 93.75 0 363.74 453.75 0 451.26 288.77
33 6 0 418.78 45.00 0 590.02 99.99 0 98.75 579.74 0 111.24 458.75 0 18.75 621.72 0 23.74 121.23
34 8 0 10.04 618.75 0 580.50 98.78 0 443.81 289.07 0 103.74 456.27 0 406.24 42.53 0 88.75 576.27 0 356.24 453.75 0 16.96 122.29
35 6 0 587.50 99.99 0 363.75 452.50 0 113.74 453.74 0 18.78 616.27 0 413.74 42.38 0 98.75 572.54
36 6 0 109.99 450.01 0 581.26 99.99 0 92.51 570.01 0 13.76 611.28 0 21.25 121.23 0 446.26 286.14
37 7 0 115.00 451.25 0 27.49 122.52 0 586.20 101.24 0 395.00 61.25 0 98.78 568.74 0 584.41 101.21 0 20.31 611.26
38 6 0 12.52 611.26 0 108.68 450.01 0 20.02 123.74 0 576.26 103.74 0 401.27 42.56 0 88.77 569.94
39 8 0 442.48 282.49 0 355.01 445.02 0 93.74 564.06 0 402.50 41.95 0 26.24 121.25 0 578.71 101.22 0 18.69 608.74 0 113.75 448.73
40 10 0 90.89 565.00 0 397.50 43.74 0 437.49 284.99 0 111.23 448.77 0 13.28 608.82 0 589.99 140.03 0 23.74 123.82 0 168.76 23.74 0 573.73 106.25 0 573.30 104.00
41 7 0 90.00 562.51 0 396.25 43.75 0 26.26 126.26 0 572.50 106.25 0 13.75 606.26 0 111.24 446.25 0 113.07 446.25
42 5 0 20.00 611.98 0 442.49 289.56 0 121.27 451.50 0 31.25 133.74 0 98.76 568.74
43 7 0 36.26 130.03 0 100.00 562.50 0 123.24 446.21 0 402.50 44.99 0 23.74 603.87 0 578.75 109.60 0 173.66 28.23
44 7 0 122.51 450.01 0 397.52 52.49 0 98.75 566.25 0 35.03 136.27 0 23.74 608.74 0 90.45 557.45 0 573.76 116.28
45 8 0 20.00 597.50 0 572.45 109.97 0 393.74 43.74 0 348.77 435.03 0 33.77 128.77 0 121.25 439.79 0 166.23 28.74 0 437.47 275.02
46 6 0 18.75 606.25 0 93.75 563.73 0 121.25 448.75 0 391.23 53.76 0 33.77 138.83 0 568.73 118.71
47 8 0 92.47 554.05 0 118.74 441.26 0 31.24 133.75 0 387.51 46.23 0 16.26 596.25 0 427.51 277.50 0 565.10 113.73 0 566.12 111.21
48 9 0 21.25 603.75 0 124.98 446.24 0 162.21 40.77 0 388.81 54.42 0 37.53 141.19 0 389.89 55.33 0 597.49 235.01 0 346.37 442.49 0 568.73 121.30
49 6 0 121.25 441.26 0 91.24 554.47 0 561.27 118.76 0 381.96 51.25 0 18.77 597.51 0 33.73 138.76
50 7 0 98.75 546.26 0 388.72 46.25 0 23.74 591.25 0 41.62 133.75 0 126.24 433.80 0 566.23 113.80 0 128.71 433.80
