0 0
1 0
2 0
3 0
4 0
5 0
6 0
7 0
8 0
9 0
10 0
11 0
12 0
13 0
14 0
15 0
16 0
17 1 0 91.00 340.86
18 1 0 91.86 340.57
19 1 0 92.83 340.18
20 0
21 0
22 0
23 0
24 0
25 1 0 98.52 339.24
26 1 0 99.22 339.18
27 1 0 100.35 339.00
28 1 0 101.29 339.34
29 0
30 0
31 0
32 0
33 0
34 0
35 0
36 0
37 0
38 0
39 0
40 0
41 0
42 0
43 0
44 0
45 0
46 0
47 0
48 0
49 0
50 0
51 0
52 1 0 123.88 333.42
53 1 0 124.80 333.26
54 0
55 0
56 0
57 0
58 0
59 1 0 130.63 332.61
60 1 0 131.10 332.23
61 1 0 132.34 332.07
62 1 0 133.22 331.85
63 1 0 133.45 331.83
64 0
65 0
66 0
67 0
68 2 0 307.24 380.15 0 139.07 330.83
69 1 0 139.56 330.44
70 1 0 307.69 379.59
71 0
72 1 0 307.86 379.27
73 0
74 0
75 0
76 0
77 0
78 0
79 0
80 0
81 0
82 0
83 0
84 0
85 0
86 0
87 0
88 0
89 0
90 0
91 0
92 0
93 0
94 1 0 163.42 325.38
95 1 0 164.26 325.05
96 1 0 165.16 324.65
97 0
98 0
99 0
100 0
101 1 0 170.58 324.13
102 1 0 171.04 323.92
103 1 0 171.94 323.58
104 1 0 172.90 323.65
105 1 0 173.34 323.43
106 0
107 0
108 0
109 0
110 1 0 178.64 322.72
111 1 0 179.26 322.50
112 0
113 0
114 0
115 0
116 0
117 0
118 0
119 0
120 0
121 0
122 0
123 0
124 0
125 0
126 0
127 0
128 0
129 0
130 0
131 0
132 0
133 0
134 0
135 0
136 1 0 203.11 317.14
137 1 0 203.64 317.18
138 1 0 204.80 316.86
139 0
140 0
141 0
142 0
143 0
144 1 0 210.73 315.78
145 1 0 211.41 315.45
146 1 0 212.56 315.43
147 1 0 213.28 315.37
148 0
149 0
150 0
151 0
152 0
153 0
154 0
155 0
156 0
157 0
158 0
159 0
160 0
161 0
162 0
163 0
164 0
165 0
166 0
167 0
168 0
169 0
170 0
171 0
172 0
173 0
174 0
175 0
176 0
177 0
178 1 0 242.88 309.14
179 1 0 243.45 308.94
180 1 0 244.27 308.83
181 1 0 245.29 308.64
182 0
183 0
184 0
185 0
186 0
187 1 0 251.14 307.32
188 1 0 252.12 307.21
189 1 0 253.07 307.34
190 1 0 253.33 307.38
191 0
192 0
193 0
194 0
195 0
196 0
197 0
198 0
199 0
200 0
201 0
202 0
203 0
204 0
205 0
206 0
207 0
208 0
209 0
210 0
211 0
212 0
213 0
214 0
215 0
216 0
217 0
218 0
219 0
220 1 0 282.80 301.01
221 1 0 283.17 300.99
222 1 0 284.11 300.81
223 1 0 284.91 300.55
224 0
225 0
226 0
227 0
228 0
229 1 0 290.76 299.41
230 1 0 291.62 299.13
231 1 0 292.88 299.20
232 1 0 293.36 299.22
233 0
234 0
235 0
236 0
237 0
238 0
239 0
240 0
241 0
242 0
243 0
244 0
245 0
246 0
247 0
248 0
249 0
250 0
251 0
252 0
253 0
254 0
255 0
256 0
257 0
258 0
259 0
260 0
261 0
262 0
263 1 0 322.93 293.09
264 1 0 323.57 292.97
265 1 0 324.61 292.84
266 0
267 0
268 0
269 0
270 0
271 1 0 330.61 291.61
272 1 0 331.36 291.38
273 1 0 332.37 291.27
274 1 0 333.25 291.29
275 0
276 0
277 0
278 0
279 0
280 1 0 338.80 290.50
281 0
282 0
283 0
284 0
285 0
286 0
287 0
288 0
289 0
290 0
291 0
292 0
293 0
294 0
295 0
296 0
297 0
298 0
299 0
300 0
301 0
302 0
303 0
304 0
305 1 0 362.84 285.00
306 1 0 363.46 284.95
307 1 0 364.24 284.95
308 1 0 365.14 284.68
309 0
310 0
311 0
312 0
313 0
314 1 0 371.35 283.46
315 1 0 372.03 283.24
316 1 0 373.17 283.40
317 1 0 373.43 283.08
318 0
319 0
320 0
321 0
322 0
323 1 0 379.48 282.45
324 0
325 0
326 0
327 0
328 0
329 0
330 0
331 0
332 0
333 0
334 0
335 0
336 0
337 0
338 0
339 0
340 0
341 0
342 0
343 0
344 0
345 0
346 0
347 0
348 1 0 403.31 277.08
349 1 0 404.05 276.99
350 1 0 405.11 276.57
351 0
352 0
353 0
354 0
355 0
356 1 0 410.81 275.74
357 1 0 411.91 275.67
358 1 0 412.91 275.36
359 1 0 413.34 275.30
360 0
361 0
362 0
363 0
364 1 0 418.72 274.76
365 1 0 419.37 274.44
366 0
367 0
368 0
369 0
370 0
371 0
372 0
373 0
374 0
375 0
376 0
377 0
378 0
379 0
380 0
381 0
382 0
