1 0
2 0
3 1 0 96.28 93.71
4 1 0 103.73 93.73
5 2 0 100.01 98.71 0 42.44 461.25
6 1 0 98.74 101.21
7 1 0 486.22 388.92
8 2 0 41.26 456.25 0 96.26 101.31
9 2 0 46.19 461.24 0 48.77 459.72
10 3 0 540.02 212.73 0 56.24 453.70 0 53.81 453.60
11 1 0 56.24 456.25
12 0
13 0
14 2 0 482.50 380.02 0 51.12 458.78
15 1 0 486.23 372.51
16 0
17 2 0 66.70 451.25 0 483.34 368.74
18 0
19 2 0 478.19 370.15 0 68.74 456.24
20 1 0 469.98 368.75
21 0
22 2 0 100.01 122.47 0 470.00 357.50
23 2 0 477.50 357.51 0 521.25 231.25
24 1 0 463.71 356.26
25 0
26 0
27 1 0 517.51 242.51
28 1 0 507.49 236.61
29 0
30 2 0 98.77 146.27 0 458.70 349.94
31 0
32 3 0 509.98 250.00 0 463.75 348.76 0 466.21 348.80
33 3 0 107.49 148.72 0 508.74 250.68 0 466.87 346.85
34 1 0 451.38 342.61
35 1 0 73.74 422.41
36 0
37 0
38 0
39 2 0 496.32 261.22 0 103.76 161.29
40 2 0 101.17 162.49 0 450.00 338.15
41 0
42 1 0 443.77 326.27
43 0
44 2 0 451.25 328.78 0 451.21 326.35
45 0
46 1 0 442.46 317.50
47 2 0 442.51 317.50 0 84.98 115.03
48 2 0 110.01 172.50 0 446.25 317.52
49 2 0 437.49 317.50 0 212.81 507.72
50 0
