1 0
2 1 0 513.73 485.02
3 1 0 508.82 486.25
4 1 0 506.25 481.23
5 1 0 508.49 473.78
6 1 0 506.23 473.76
7 2 0 506.26 473.44 0 506.26 471.28
8 2 0 503.74 463.75 0 504.99 464.99
9 2 0 506.25 466.26 0 481.29 511.25
10 1 0 501.25 461.23
11 2 0 498.81 458.76 0 118.42 186.32
12 1 0 503.73 453.75
13 1 0 498.74 451.26
14 1 0 496.25 450.21
15 1 0 497.57 448.75
16 1 0 496.26 441.25
17 2 0 492.51 441.27 0 539.38 284.75
18 2 0 492.57 435.40 0 29.98 602.52
19 2 0 489.98 435.38 0 20.02 277.52
20 1 0 488.75 431.25
21 1 0 491.24 426.28
22 1 0 487.06 427.46
23 1 0 488.75 420.00
24 1 0 483.76 421.25
25 1 0 486.27 418.76
26 1 0 481.26 412.50
27 1 0 481.27 413.75
28 1 0 482.49 407.50
29 1 0 479.89 403.17
30 1 0 473.73 401.27
31 2 0 156.52 626.86 0 476.23 401.29
32 2 0 473.77 398.75 0 158.26 623.75
33 2 0 161.27 617.73 0 474.48 393.58
34 2 0 468.74 388.74 0 157.43 613.93
35 2 0 467.50 386.26 0 158.75 610.02
36 2 0 163.76 607.50 0 468.74 383.74
37 2 0 161.26 603.76 0 463.75 381.23
38 2 0 161.33 602.14 0 462.47 378.50
39 2 0 166.24 597.53 0 463.75 374.27
40 2 0 162.68 597.50 0 458.75 373.74
41 2 0 461.25 373.75 0 168.75 594.99
42 2 0 169.98 591.26 0 459.99 368.75
43 2 0 166.24 586.24 0 453.73 366.23
44 2 0 170.01 586.46 0 453.75 366.25
45 2 0 167.55 580.02 0 449.99 358.89
46 2 0 173.74 576.26 0 452.52 356.35
47 3 0 171.24 573.74 0 446.25 353.75 0 501.25 463.72
48 2 0 448.77 353.74 0 174.99 573.75
49 3 0 446.20 348.73 0 174.99 566.24 0 34.75 602.53
50 2 0 173.46 563.76 0 441.26 346.25
