1 0
2 0
3 0
4 0
5 0
6 0
7 0
8 0
9 0
10 0
11 0
12 0
13 0
14 0
15 0
16 0
17 0
18 0
19 0
20 0
21 0
22 0
23 0
24 0
25 0
26 0
27 0
28 0
29 0
30 0
31 0
32 0
33 0
34 0
35 0
36 0
37 0
38 0
39 0
40 0
41 0
42 0
43 0
44 0
45 0
46 0
47 0
48 0
49 0
50 0
51 0
52 0
53 0
54 0
55 0
56 0
57 0
58 0
59 0
60 0
61 0
62 0
63 0
64 0
65 0
66 0
67 0
68 0
69 0
70 0
71 1 0 444.77 27.03
72 1 0 443.90 27.63
73 0
74 0
75 0
76 0
77 0
78 0
79 0
80 0
81 0
82 0
83 1 0 436.65 44.12
84 1 0 435.82 44.73
85 0
86 0
87 0
88 0
89 0
90 0
91 0
92 0
93 0
94 0
95 0
96 1 0 428.77 60.63
97 0
98 0
99 0
100 0
101 0
102 0
103 0
104 0
105 0
106 0
107 1 0 421.47 76.52
108 1 0 421.13 77.06
109 0
110 0
111 0
112 1 0 418.57 83.24
113 1 0 418.71 84.16
114 0
115 0
116 0
117 1 0 307.95 301.09
118 1 0 307.61 301.23
119 0
120 1 0 308.55 300.51
121 0
122 0
123 0
124 1 0 411.40 98.62
125 1 0 410.62 99.19
126 0
127 0
128 0
129 0
130 0
131 0
132 1 0 405.33 108.68
133 1 0 404.96 109.26
134 0
135 0
136 0
137 1 0 403.35 114.80
138 1 0 402.73 115.49
139 0
140 0
141 0
142 1 0 316.69 293.17
143 1 0 316.44 292.56
144 0
145 1 0 317.00 292.19
146 1 0 316.88 291.33
147 0
148 0
149 0
150 0
151 1 0 394.49 131.78
152 0
153 0
154 0
155 0
156 0
157 1 0 389.18 138.99
158 1 0 389.36 140.20
159 1 0 388.67 140.88
160 0
161 0
162 0
163 0
164 0
165 0
166 0
167 0
168 0
169 0
170 1 0 381.16 154.95
171 1 0 380.84 155.79
172 1 0 380.81 156.94
173 0
174 0
175 0
176 1 0 378.58 162.70
177 0
178 0
179 0
180 0
181 0
182 0
183 1 0 373.21 170.97
184 2 0 372.86 171.84 0 333.08 268.32
185 2 0 332.84 267.74 0 371.34 172.95
186 1 0 333.39 267.22
187 1 0 333.18 266.90
188 0
189 1 0 370.72 178.82
190 0
191 0
192 0
193 1 0 204.17 476.51
194 0
195 0
196 1 0 365.27 186.53
197 1 0 364.90 186.88
198 2 0 363.69 188.17 0 338.82 258.81
199 1 0 338.91 258.60
200 0
201 0
202 0
203 0
204 0
205 1 0 340.20 253.47
206 1 0 341.31 252.95
207 1 0 341.28 252.83
208 0
209 0
210 1 0 356.87 202.70
211 1 0 355.10 203.24
212 1 0 354.69 204.50
213 0
214 0
215 0
216 0
217 0
218 0
219 1 0 349.49 212.27
220 2 0 346.88 243.67 0 349.02 213.14
221 0
222 0
223 0
224 0
225 1 0 346.88 218.79
226 0
227 0
228 0
229 0
230 0
231 0
232 1 0 341.53 226.90
233 1 0 341.15 227.40
234 1 0 341.20 228.88
235 0
236 0
237 0
238 0
239 0
240 1 0 355.00 229.24
241 1 0 356.19 228.98
242 1 0 356.95 226.94
243 1 0 356.87 226.77
244 1 0 357.03 226.64
245 0
246 1 0 332.99 242.61
247 1 0 332.69 244.58
248 1 0 332.63 245.70
249 0
250 0
251 0
252 2 0 362.80 220.87 0 330.66 250.53
253 1 0 363.50 220.21
254 1 0 363.98 219.75
255 1 0 364.79 219.21
256 1 0 365.08 218.80
257 1 0 365.71 218.58
258 0
259 0
260 1 0 324.84 258.64
261 1 0 323.64 260.48
262 0
263 0
264 0
265 0
266 1 0 372.83 213.56
267 0
268 0
269 0
270 0
271 1 0 378.52 212.02
272 1 0 378.81 211.01
273 1 0 379.13 211.55
274 2 0 379.50 210.81 0 316.58 274.69
275 2 0 315.46 275.30 0 380.67 210.58
276 2 0 315.37 276.69 0 381.10 210.42
277 0
278 0
279 0
280 0
281 0
282 0
283 0
284 0
285 0
286 0
287 0
288 1 0 308.93 290.88
289 2 0 307.64 293.25 0 394.63 204.99
290 1 0 394.61 204.55
291 1 0 396.20 205.02
292 1 0 396.75 204.10
293 0
294 0
295 0
296 0
297 0
298 0
299 1 0 403.30 202.28
300 0
301 1 0 300.87 306.69
302 1 0 300.50 307.15
303 1 0 299.17 308.42
304 1 0 299.30 309.55
305 0
306 0
307 0
308 0
309 1 0 412.57 197.63
310 0
311 0
312 0
313 0
314 1 0 418.71 196.94
315 1 0 418.84 196.19
316 1 0 419.39 195.02
317 2 0 420.81 194.80 0 290.97 322.94
318 2 0 291.11 323.77 0 420.85 195.00
319 1 0 290.73 325.09
320 0
321 0
322 0
323 0
324 0
325 0
326 0
327 1 0 284.87 333.38
328 0
329 0
330 0
331 1 0 282.80 338.76
332 1 0 282.87 339.63
333 0
334 0
335 0
336 0
337 0
338 0
339 0
340 1 0 277.49 347.12
341 1 0 276.93 348.30
342 1 0 276.76 349.51
343 1 0 443.45 188.94
344 1 0 444.21 188.04
345 1 0 444.80 188.27
346 2 0 274.73 354.84 0 444.95 188.43
347 0
348 0
349 0
350 0
351 1 0 450.55 187.16
352 1 0 450.81 186.62
353 1 0 452.20 186.80
354 2 0 452.36 186.57 0 268.89 362.50
355 2 0 268.71 363.00 0 452.85 186.68
356 1 0 268.64 364.45
357 1 0 267.26 365.52
358 0
359 0
360 0
361 0
362 0
363 0
364 0
365 0
366 0
367 0
368 0
369 1 0 260.00 378.55
370 1 0 260.22 379.14
371 1 0 259.11 380.38
372 1 0 258.76 381.41
373 0
374 1 0 468.77 181.45
375 0
376 0
377 0
378 0
379 1 0 253.45 387.75
380 2 0 474.77 180.57 0 253.55 389.00
381 1 0 474.99 180.76
382 1 0 476.78 180.02
383 1 0 477.21 180.43
384 2 0 477.41 179.58 0 251.49 394.34
385 2 0 250.71 395.18 0 477.48 180.47
386 0
387 0
388 0
389 0
390 1 0 482.99 178.53
391 1 0 483.39 178.51
392 0
393 2 0 245.13 402.85 0 485.14 178.51
394 1 0 245.40 404.34
395 1 0 244.81 404.24
396 1 0 243.40 405.53
397 0
398 0
399 0
400 0
401 0
402 0
403 0
404 0
405 1 0 188.01 595.05
406 0
407 0
408 1 0 237.00 418.70
409 1 0 236.26 419.59
410 1 0 235.36 419.42
411 1 0 234.78 420.73
412 0
413 0
414 0
415 0
416 0
417 0
418 1 0 507.03 173.18
419 1 0 507.76 172.11
420 1 0 508.10 172.51
421 1 0 508.66 171.73
422 1 0 509.56 172.75
423 1 0 227.81 434.55
424 0
425 1 0 226.65 435.31
426 1 0 226.74 436.62
427 1 0 514.49 171.51
428 1 0 514.72 170.78
429 1 0 516.20 171.04
430 1 0 516.55 170.70
431 1 0 516.82 170.80
432 1 0 221.58 442.71
433 0
434 1 0 221.25 444.69
435 0
436 0
437 0
438 0
439 1 0 218.80 450.65
440 1 0 218.79 451.49
441 0
442 0
443 0
444 0
445 0
446 0
447 0
448 1 0 213.33 458.82
449 1 0 212.89 459.78
450 1 0 212.93 461.16
451 0
452 0
453 0
454 0
455 0
456 1 0 538.70 165.02
457 1 0 538.93 165.43
458 0
459 1 0 541.12 165.15
460 1 0 541.08 165.34
461 0
462 0
463 1 0 204.68 474.71
464 1 0 204.82 475.90
465 2 0 203.80 475.88 0 546.69 165.04
466 2 0 546.82 164.34 0 202.97 477.09
467 1 0 547.48 164.31
468 1 0 547.83 163.46
469 1 0 549.16 164.26
470 1 0 549.57 163.19
471 0
472 0
473 0
474 0
475 0
476 1 0 555.38 162.84
477 0
478 0
479 1 0 195.35 490.74
480 1 0 194.88 490.97
481 1 0 194.85 492.17
482 0
483 0
484 0
485 0
486 0
487 0
488 0
489 0
490 1 0 189.21 500.83
491 0
492 0
493 0
494 0
495 0
496 0
497 0
498 0
499 0
500 0
501 0
502 0
503 0
504 1 0 180.98 514.82
505 2 0 579.61 156.86 0 179.82 515.79
506 2 0 579.64 157.16 0 180.19 517.15
507 2 0 580.45 156.36 0 179.39 517.14
508 1 0 580.69 156.69
509 0
510 0
511 0
512 0
513 0
514 1 0 586.59 156.64
515 1 0 586.82 155.30
516 1 0 588.00 155.96
517 1 0 588.55 154.97
518 1 0 589.15 155.21
519 0
