1 0
2 3 0 252.51 529.99 0 151.24 212.65 0 29.95 26.23
3 1 0 146.25 213.74
4 3 0 156.25 219.59 0 34.99 34.99 0 256.25 530.55
5 2 0 156.24 223.72 0 256.24 528.74
6 4 0 158.75 223.74 0 21.26 36.23 0 256.24 523.77 0 37.54 37.49
7 3 0 13.74 33.74 0 151.23 221.23 0 248.76 518.70
8 2 0 248.75 521.27 0 151.25 226.29
9 4 0 164.97 227.52 0 26.26 43.78 0 244.99 211.24 0 257.15 518.74
10 1 0 18.74 41.29
11 3 0 18.74 46.24 0 253.75 513.77 0 161.24 231.22
12 4 0 25.15 41.27 0 43.76 41.29 0 166.23 223.75 0 253.75 503.75
13 5 0 22.50 48.82 0 251.26 506.28 0 41.30 48.75 0 163.77 231.25 0 172.78 291.25
14 4 0 23.73 51.26 0 164.13 233.47 0 41.43 51.24 0 251.25 503.74
15 4 0 35.02 52.52 0 521.26 16.26 0 261.24 501.23 0 53.57 52.54
16 3 0 33.76 58.77 0 514.98 22.40 0 258.74 503.74
17 2 0 517.65 21.28 0 38.75 57.49
18 4 0 516.22 19.94 0 40.00 55.21 0 261.95 491.24 0 58.74 56.21
19 3 0 514.66 20.06 0 41.25 56.25 0 458.73 611.27
20 4 0 33.80 58.77 0 503.74 23.71 0 256.26 486.23 0 52.09 56.30
21 4 0 41.25 68.66 0 508.75 33.75 0 261.25 488.75 0 18.74 221.24
22 2 0 38.75 61.27 0 502.74 26.26
23 7 0 508.72 35.00 0 191.24 245.02 0 450.02 611.55 0 48.56 71.21 0 46.29 71.23 0 266.23 483.76 0 26.24 221.24
24 4 0 498.75 31.26 0 41.23 66.19 0 61.21 63.72 0 257.79 476.25
25 6 0 51.25 66.36 0 194.99 242.49 0 266.26 473.77 0 505.62 32.49 0 448.76 601.66 0 71.22 63.74
26 4 0 44.98 68.74 0 496.38 34.42 0 189.99 243.17 0 258.75 471.19
27 4 0 503.74 41.25 0 34.98 220.10 0 54.93 76.24 0 268.77 473.80
28 4 0 51.26 81.27 0 497.56 46.23 0 34.96 226.32 0 198.78 253.74
29 4 0 497.53 40.15 0 55.31 73.76 0 266.23 461.25 0 172.51 605.02
30 5 0 267.44 468.75 0 496.26 50.64 0 56.52 86.16 0 203.75 258.75 0 76.22 81.31
31 6 0 51.24 83.75 0 486.25 48.76 0 198.74 253.75 0 261.24 461.88 0 616.33 291.21 0 427.51 594.97
32 8 0 587.45 13.75 0 428.77 587.51 0 205.02 250.02 0 616.25 283.78 0 488.18 46.25 0 76.19 77.26 0 53.75 81.25 0 263.75 456.77
33 4 0 57.23 81.28 0 587.40 13.77 0 488.73 46.92 0 267.49 452.51
34 6 0 618.75 291.17 0 491.26 58.77 0 588.76 26.27 0 62.50 93.76 0 269.99 458.78 0 210.03 261.15
35 7 0 488.76 61.25 0 586.26 26.80 0 85.00 88.80 0 271.23 456.26 0 63.74 95.02 0 212.98 266.30 0 617.40 286.25
36 6 0 268.76 445.00 0 483.76 53.77 0 582.41 18.77 0 612.50 276.24 0 61.76 88.76 0 211.76 256.27
37 4 0 586.26 26.30 0 488.74 61.28 0 69.96 93.75 0 220.02 261.86
38 9 0 51.25 230.00 0 606.23 276.28 0 573.84 27.47 0 84.98 90.02 0 212.50 261.27 0 62.51 96.27 0 476.23 61.68 0 263.74 445.00 0 416.29 580.00
39 6 0 573.75 26.31 0 603.76 273.76 0 63.74 96.25 0 476.35 62.08 0 267.49 438.73 0 52.49 230.01
40 6 0 573.74 36.24 0 476.24 71.24 0 269.83 442.49 0 603.78 278.72 0 68.71 103.75 0 218.78 269.96
41 7 0 273.76 431.24 0 606.27 268.76 0 72.73 98.55 0 576.23 28.75 0 478.73 63.73 0 96.27 88.79 0 574.13 28.75
42 6 0 477.48 76.25 0 73.74 109.11 0 605.01 276.25 0 273.69 438.73 0 573.61 41.23 0 96.31 101.23
43 9 0 78.77 103.74 0 229.99 267.49 0 276.26 431.24 0 608.75 268.76 0 573.76 36.25 0 478.72 71.25 0 416.27 570.12 0 73.77 233.75 0 103.24 96.27
44 7 0 475.00 70.00 0 570.02 34.52 0 76.59 103.66 0 273.73 426.15 0 231.22 266.27 0 602.48 262.74 0 71.24 233.75
45 6 0 595.02 266.91 0 561.25 42.98 0 467.50 78.74 0 269.87 428.72 0 73.73 111.24 0 226.80 273.77
46 7 0 475.00 77.49 0 83.74 111.20 0 603.74 261.28 0 570.07 41.22 0 237.50 271.21 0 278.73 423.74 0 107.51 101.71
47 5 0 563.76 48.75 0 83.74 118.73 0 276.34 427.51 0 236.28 277.51 0 471.26 86.26
48 8 0 557.45 50.60 0 593.74 263.75 0 77.48 244.99 0 78.72 118.76 0 463.74 86.25 0 271.23 423.75 0 397.51 565.06 0 103.75 110.72
49 8 0 558.72 43.77 0 466.25 80.62 0 273.75 413.75 0 81.26 113.76 0 593.76 253.75 0 236.27 273.75 0 108.63 103.74 0 81.25 238.75
50 7 0 553.75 46.27 0 82.49 116.25 0 588.74 252.51 0 237.49 275.02 0 461.25 84.48 0 106.31 106.17 0 82.49 241.27
