1 0
2 2 0 481.26 21.27 0 513.74 91.24
3 3 0 481.25 23.96 0 511.20 92.52 0 490.03 558.76
4 4 0 482.06 26.22 0 509.97 93.76 0 488.76 556.24 0 261.21 117.50
5 3 0 481.29 28.75 0 488.79 553.94 0 506.27 94.15
6 4 0 481.28 30.00 0 488.76 551.23 0 505.24 96.23 0 261.24 122.51
7 4 0 481.40 32.49 0 502.49 97.49 0 486.24 548.75 0 261.29 124.79
8 3 0 482.49 35.63 0 501.25 98.76 0 263.74 126.26
9 4 0 482.51 37.50 0 498.75 99.74 0 486.25 543.75 0 263.74 128.78
10 4 0 482.51 39.97 0 496.26 101.23 0 621.23 133.75 0 486.23 541.25
11 5 0 482.50 42.52 0 485.01 539.99 0 621.20 133.78 0 266.23 133.73 0 493.74 103.66
12 5 0 482.49 45.03 0 493.74 103.75 0 483.77 536.41 0 618.74 136.25 0 266.25 136.27
13 5 0 482.51 47.51 0 616.25 136.27 0 491.22 105.02 0 483.75 533.75 0 267.48 136.25
14 5 0 482.50 49.98 0 488.76 107.40 0 267.50 140.01 0 483.76 532.51 0 613.77 138.76
15 5 0 482.51 52.56 0 482.50 530.01 0 612.50 140.01 0 486.20 108.74 0 268.75 141.63
16 4 0 482.50 53.73 0 485.02 109.78 0 611.19 141.26 0 269.50 143.73
17 5 0 482.52 56.26 0 482.51 524.99 0 270.00 147.50 0 481.28 111.17 0 607.52 142.71
18 5 0 482.50 58.74 0 481.26 523.76 0 481.25 112.93 0 270.15 148.86 0 606.04 143.75
19 5 0 482.51 61.25 0 478.76 113.75 0 481.25 521.25 0 603.75 146.26 0 270.53 151.22
20 5 0 17.52 442.53 0 482.48 63.78 0 601.25 146.46 0 477.50 115.01 0 481.24 518.75
21 6 0 19.83 442.54 0 482.30 66.25 0 475.00 116.50 0 599.96 148.75 0 478.73 516.24 0 275.00 155.01
22 6 0 482.48 68.74 0 21.26 441.28 0 598.73 150.49 0 473.76 118.76 0 478.74 513.75 0 274.99 157.50
23 5 0 481.96 71.12 0 23.75 441.26 0 471.23 118.76 0 596.24 152.63 0 477.50 509.99
24 6 0 481.24 73.72 0 26.26 440.16 0 477.49 509.98 0 274.99 162.51 0 594.24 153.76 0 468.76 121.26
25 6 0 481.24 75.18 0 28.75 439.98 0 275.01 165.00 0 468.74 122.50 0 476.24 506.27 0 591.23 156.15
26 6 0 466.25 123.75 0 481.24 77.53 0 31.23 440.00 0 591.22 156.24 0 476.24 503.75 0 276.24 166.28
27 6 0 481.23 79.99 0 32.52 438.75 0 588.74 157.49 0 463.74 125.55 0 475.00 501.17 0 276.62 168.77
28 6 0 35.36 438.76 0 481.16 82.52 0 475.01 500.01 0 277.47 170.20 0 586.25 158.75 0 462.50 126.39
29 6 0 37.51 437.52 0 479.99 84.98 0 461.22 128.75 0 583.74 161.26 0 277.50 173.75 0 475.01 498.72
30 5 0 480.02 87.37 0 40.54 437.53 0 458.74 131.26 0 581.25 161.63 0 278.73 176.27
31 6 0 42.51 437.46 0 479.97 90.02 0 579.93 163.76 0 473.75 492.50 0 456.35 131.25 0 278.74 178.76
32 5 0 44.99 436.24 0 478.73 92.51 0 578.75 164.98 0 454.38 133.73 0 473.75 488.76
33 3 0 47.50 435.11 0 478.75 93.99 0 453.75 133.72
34 7 0 49.98 435.01 0 478.72 96.26 0 451.24 136.26 0 471.24 486.22 0 573.74 168.75 0 283.65 37.52 0 281.22 183.74
35 6 0 477.48 98.75 0 52.50 434.44 0 571.26 170.00 0 471.24 482.51 0 450.99 138.75 0 282.45 186.43
36 8 0 477.50 100.33 0 55.01 433.77 0 570.01 171.25 0 282.50 189.05 0 448.77 138.76 0 63.73 18.81 0 446.41 138.78 0 471.22 481.25
37 6 0 477.49 102.67 0 57.43 432.76 0 446.25 141.26 0 469.99 477.51 0 282.49 189.99 0 566.25 173.74
38 8 0 476.25 106.25 0 58.75 432.49 0 565.03 173.75 0 468.83 476.24 0 476.86 105.00 0 284.92 195.01 0 443.76 142.82 0 67.48 21.68
39 7 0 476.25 108.16 0 61.26 432.41 0 468.74 473.75 0 68.75 23.74 0 442.79 143.73 0 284.97 195.01 0 563.73 173.73
40 7 0 63.73 431.21 0 475.03 110.28 0 284.99 197.50 0 441.26 146.24 0 468.53 471.25 0 561.25 176.30 0 71.22 26.26
41 7 0 66.25 430.00 0 475.01 112.51 0 467.58 469.45 0 558.74 178.75 0 438.73 146.96 0 73.75 27.19 0 286.24 198.77
42 7 0 68.73 430.00 0 475.00 115.02 0 438.28 148.74 0 557.49 180.00 0 75.00 28.69 0 467.49 466.93 0 286.24 202.52
43 7 0 474.95 117.48 0 71.21 428.79 0 285.00 205.01 0 77.49 29.99 0 436.24 151.24 0 554.98 181.25 0 466.24 463.75
44 6 0 73.73 427.61 0 473.76 120.02 0 435.00 153.77 0 553.74 182.23 0 78.73 31.24 0 466.24 461.25
45 9 0 472.51 122.11 0 75.76 427.52 0 78.74 33.74 0 463.74 458.75 0 551.23 183.78 0 289.13 209.41 0 551.21 186.25 0 431.24 153.83 0 433.75 153.81
46 7 0 77.51 427.49 0 472.50 123.75 0 431.23 156.25 0 290.01 210.01 0 550.00 186.27 0 81.26 36.23 0 463.73 456.27
47 7 0 472.44 126.27 0 79.95 426.23 0 428.73 158.76 0 82.48 36.73 0 546.25 187.51 0 463.72 453.74 0 288.75 213.78
48 7 0 471.24 128.75 0 82.50 426.13 0 85.00 37.50 0 426.24 158.77 0 289.83 216.27 0 461.25 451.40 0 543.75 188.74
49 7 0 469.97 130.36 0 84.96 424.98 0 426.24 161.26 0 290.00 219.18 0 85.04 37.51 0 543.70 191.22 0 463.74 448.78
50 6 0 469.97 133.75 0 87.53 423.72 0 425.00 162.51 0 541.25 191.25 0 290.88 220.02 0 462.27 448.76
