1 0
2 2 0 285.00 609.99 0 153.77 256.27
3 3 0 275.00 610.00 0 566.24 101.23 0 146.24 257.01
4 2 0 282.48 603.64 0 153.75 251.27
5 2 0 153.75 251.25 0 281.26 601.30
6 4 0 158.73 260.02 0 572.49 106.46 0 283.96 608.74 0 285.06 607.19
7 3 0 153.74 252.53 0 563.75 98.75 0 278.73 601.24
8 3 0 278.71 598.75 0 153.78 256.27 0 561.26 101.34
9 2 0 161.26 261.25 0 284.98 605.00
10 2 0 155.02 256.26 0 278.73 598.74
11 3 0 163.74 252.82 0 563.04 99.98 0 283.77 593.76
12 2 0 161.25 252.54 0 281.26 591.24
13 2 0 168.73 260.02 0 288.75 596.58
14 2 0 161.25 253.73 0 281.26 591.25
15 2 0 168.78 253.74 0 286.19 586.56
16 2 0 163.74 254.56 0 282.50 587.50
17 2 0 171.27 253.77 0 288.77 583.75
18 2 0 174.99 261.26 0 291.25 591.11
19 2 0 171.27 253.75 0 286.24 581.73
20 4 0 173.76 253.74 0 288.76 581.26 0 548.74 106.27 0 50.00 21.02
21 2 0 177.56 261.26 0 291.26 587.50
22 2 0 171.24 256.26 0 283.76 580.00
23 2 0 181.24 261.87 0 547.51 115.01
24 3 0 176.26 263.73 0 540.03 117.50 0 288.76 583.75
25 3 0 181.24 253.75 0 291.26 573.73 0 543.76 108.46
26 3 0 182.49 263.74 0 541.25 118.74 0 293.04 582.15
27 2 0 187.49 258.02 0 296.27 576.25
28 3 0 188.72 258.16 0 541.26 113.78 0 297.48 573.75
29 3 0 371.18 626.26 0 183.74 263.73 0 291.27 578.76
30 3 0 183.74 263.75 0 368.75 626.24 0 290.75 577.39
31 2 0 193.75 260.00 0 298.75 571.28
32 4 0 189.99 254.79 0 533.31 110.20 0 300.80 580.66 0 293.77 563.79
33 2 0 291.75 565.03 0 187.29 257.49
34 4 0 194.98 256.26 0 298.74 563.75 0 606.26 18.75 0 368.76 613.74
35 4 0 366.23 621.22 0 193.75 263.74 0 530.01 122.49 0 296.73 571.24
36 3 0 198.74 261.25 0 301.23 566.23 0 366.27 618.74
37 4 0 200.85 258.74 0 367.48 612.56 0 301.27 561.28 0 606.24 26.25
38 5 0 358.54 611.24 0 193.57 258.76 0 609.97 92.50 0 597.55 26.25 0 292.53 558.76
39 4 0 203.75 258.74 0 364.99 611.25 0 606.27 26.25 0 301.25 557.50
40 4 0 196.25 256.26 0 356.29 606.24 0 597.59 26.24 0 296.26 553.81
41 4 0 602.50 35.01 0 202.49 265.40 0 298.75 561.23 0 360.05 615.05
42 5 0 604.07 31.28 0 206.49 258.76 0 362.49 607.26 0 303.73 553.76 0 522.52 122.49
43 5 0 208.73 260.00 0 522.51 122.52 0 361.25 606.39 0 603.85 33.73 0 301.99 553.70
44 6 0 201.99 263.73 0 595.01 37.51 0 351.24 611.22 0 296.24 556.17 0 603.76 103.75 0 294.09 556.04
45 4 0 202.48 258.75 0 349.94 603.74 0 296.27 547.47 0 593.73 31.25
46 4 0 211.50 263.76 0 358.75 608.76 0 303.75 553.75 0 603.32 41.31
47 4 0 206.25 256.25 0 351.23 598.77 0 298.74 543.75 0 597.48 34.55
48 4 0 356.25 598.75 0 213.75 257.61 0 602.52 37.51 0 514.62 122.51
49 3 0 353.75 606.26 0 214.71 265.47 0 302.74 549.09
50 3 0 218.76 261.26 0 354.74 601.27 0 306.27 543.75
