1 1 0 212.46 339.28
2 1 0 212.36 339.49
3 1 0 212.33 339.68
4 1 0 212.42 340.01
5 1 0 212.54 340.38
6 2 0 212.53 340.59 0 283.51 371.46
7 2 0 283.59 371.66 0 212.50 340.70
8 2 0 283.56 371.97 0 500.53 172.85
9 1 0 283.56 372.27
10 0
11 0
12 0
13 1 0 491.25 188.21
14 0
15 1 0 251.12 452.52
16 1 0 252.47 452.40
17 0
18 0
19 0
20 0
21 1 0 476.74 212.40
22 1 0 266.89 444.62
23 1 0 268.41 443.48
24 0
25 0
26 1 0 467.40 227.69
27 0
28 0
29 1 0 282.96 435.28
30 0
31 0
32 0
33 1 0 291.52 428.76
34 2 0 452.98 251.12 0 210.99 347.85
35 1 0 210.86 347.94
36 0
37 0
38 0
39 1 0 443.24 266.77
40 0
41 0
42 0
43 0
44 0
45 0
46 0
47 0
48 1 0 427.63 292.07
49 0
50 0
51 0
52 0
53 1 0 419.25 308.31
54 0
55 1 0 339.68 396.36
56 1 0 412.96 315.59
57 1 0 348.63 371.56
58 0
59 0
60 0
61 0
62 0
63 1 0 340.27 364.52
64 1 0 338.87 363.32
65 1 0 363.18 380.30
66 0
67 0
68 0
69 0
70 0
71 0
72 0
73 0
74 0
75 1 0 379.68 372.13
76 0
77 0
78 1 0 373.00 380.28
79 0
80 0
81 0
82 0
83 0
84 0
85 1 0 179.65 307.33
86 1 0 179.65 307.43
87 0
88 1 0 179.51 308.06
89 1 0 179.52 308.29
90 0
91 0
92 1 0 348.00 420.79
93 0
94 1 0 428.42 332.31
95 0
96 0
97 1 0 339.70 435.86
98 0
99 0
100 1 0 251.80 378.76
101 2 0 507.54 403.57 0 251.81 378.76
102 1 0 507.45 403.79
103 1 0 507.51 403.82
104 1 0 276.51 396.59
105 2 0 276.37 396.64 0 325.05 459.99
106 0
107 1 0 276.75 308.23
108 0
109 0
110 0
111 1 0 484.55 371.51
112 0
113 1 0 267.40 299.49
114 1 0 309.03 485.01
115 0
116 0
117 0
118 1 0 260.68 291.67
119 1 0 299.70 500.00
120 0
121 1 0 404.21 388.28
122 1 0 404.27 388.47
123 0
124 0
125 0
126 0
127 0
128 1 0 203.70 371.30
129 1 0 203.72 371.66
130 1 0 203.77 372.25
131 1 0 203.70 372.43
132 1 0 203.57 372.64
133 2 0 203.49 372.86 0 274.72 540.35
134 1 0 203.43 373.20
135 1 0 203.27 373.30
136 0
137 0
138 0
139 0
140 0
141 1 0 259.80 564.58
142 0
143 0
144 1 0 540.32 236.66
145 0
