1 0
2 1 0 228.80 36.29
3 2 0 76.32 63.75 0 233.76 38.74
4 3 0 506.28 435.02 0 231.27 38.75 0 73.85 66.19
5 3 0 231.24 38.74 0 73.83 63.71 0 503.75 433.74
6 4 0 75.00 61.25 0 506.26 428.30 0 231.27 36.26 0 233.79 36.25
7 3 0 235.01 42.52 0 507.50 431.24 0 77.98 68.73
8 3 0 234.88 43.77 0 503.74 431.27 0 77.49 70.00
9 2 0 502.46 426.28 0 233.73 41.27
10 4 0 238.71 43.75 0 506.26 428.69 0 78.74 71.24 0 504.39 428.65
11 3 0 236.26 41.55 0 77.51 67.51 0 501.24 423.74
12 3 0 498.75 426.27 0 233.75 46.25 0 76.24 71.24
13 4 0 619.98 625.00 0 238.75 48.75 0 501.96 426.28 0 81.25 74.75
14 4 0 236.27 46.27 0 615.69 621.26 0 75.03 75.01 0 497.32 421.26
15 5 0 614.99 623.76 0 236.24 50.95 0 77.50 75.02 0 496.31 423.74 0 474.99 616.25
16 5 0 615.01 622.52 0 237.51 52.51 0 221.25 626.27 0 496.26 423.73 0 77.51 78.75
17 7 0 618.75 618.79 0 241.27 51.25 0 498.75 419.98 0 226.24 623.72 0 21.25 338.75 0 82.50 77.57 0 477.48 612.51
18 6 0 617.51 618.75 0 498.75 418.76 0 241.27 52.50 0 226.25 622.10 0 82.49 77.54 0 477.49 612.51
19 7 0 615.01 614.94 0 241.25 51.26 0 21.24 333.74 0 78.73 78.74 0 223.76 618.75 0 225.77 618.76 0 494.83 416.25
20 6 0 241.25 51.27 0 616.25 613.75 0 21.25 333.74 0 226.25 618.75 0 496.24 416.16 0 473.74 608.77
21 5 0 617.51 614.97 0 243.77 55.00 0 227.48 618.73 0 82.51 83.75 0 496.44 416.29
22 6 0 613.77 616.28 0 241.26 58.75 0 492.51 418.75 0 471.23 612.50 0 21.24 336.24 0 225.33 620.02
23 6 0 612.51 611.25 0 492.48 411.27 0 21.27 331.25 0 241.25 55.95 0 82.50 82.53 0 226.23 613.74
24 6 0 243.75 61.25 0 615.01 613.67 0 493.75 413.76 0 228.74 616.76 0 25.06 333.75 0 83.36 88.73
25 6 0 613.33 612.50 0 243.76 61.34 0 491.26 413.75 0 469.96 610.01 0 26.24 333.76 0 227.57 617.27
26 8 0 611.20 611.24 0 241.35 62.27 0 23.74 331.26 0 226.25 615.62 0 81.23 89.33 0 488.75 413.75 0 486.26 413.75 0 78.78 90.19
27 7 0 246.26 63.17 0 613.73 610.02 0 491.25 411.24 0 229.98 614.49 0 27.92 331.25 0 82.50 92.50 0 469.11 604.99
28 8 0 613.74 606.24 0 491.26 408.75 0 247.07 62.13 0 231.28 611.25 0 233.18 611.25 0 28.73 328.73 0 29.39 326.82 0 468.89 602.54
29 7 0 611.25 603.38 0 245.01 61.28 0 82.52 90.01 0 229.95 608.75 0 28.69 324.66 0 486.25 406.24 0 466.26 601.27
30 6 0 610.01 602.50 0 486.23 405.01 0 28.74 323.77 0 231.12 608.75 0 246.17 62.36 0 229.98 607.47
31 6 0 609.85 602.49 0 484.75 405.00 0 28.74 323.76 0 243.74 63.74 0 230.00 606.81 0 82.50 93.75
32 5 0 612.50 600.46 0 248.74 66.25 0 31.24 322.02 0 233.73 606.12 0 486.24 403.76
33 8 0 612.49 599.96 0 248.76 66.24 0 233.74 603.77 0 486.25 402.62 0 33.76 321.24 0 85.03 96.29 0 463.74 596.33 0 31.58 321.27
34 5 0 609.70 602.54 0 482.50 405.00 0 246.46 71.26 0 231.24 608.78 0 460.00 602.32
35 7 0 607.47 601.16 0 231.23 606.25 0 481.27 402.80 0 31.25 323.74 0 458.73 598.75 0 246.32 71.26 0 82.47 101.24
36 8 0 608.76 595.09 0 248.75 68.75 0 481.27 398.76 0 18.74 61.26 0 33.77 318.75 0 460.00 594.99 0 83.32 98.77 0 233.77 601.25
37 7 0 611.25 597.49 0 236.28 602.52 0 483.75 401.26 0 461.24 596.12 0 253.69 72.66 0 36.28 321.25 0 86.23 103.14
38 6 0 606.27 597.47 0 248.78 76.24 0 233.75 603.75 0 34.17 321.27 0 478.75 401.24 0 458.76 597.40
39 6 0 235.01 597.60 0 478.75 396.24 0 606.23 592.50 0 35.00 315.04 0 21.25 63.74 0 251.23 71.25
40 7 0 604.96 593.76 0 233.77 598.75 0 476.24 396.26 0 248.77 76.24 0 35.03 317.49 0 21.24 66.26 0 453.75 593.77
41 7 0 608.79 591.24 0 238.63 597.50 0 253.75 76.25 0 26.26 66.25 0 481.27 393.75 0 85.90 107.51 0 41.25 313.83
42 8 0 607.52 588.80 0 252.30 76.25 0 237.40 594.65 0 85.00 106.25 0 26.25 66.28 0 452.51 589.99 0 478.71 393.76 0 38.77 313.73
43 6 0 42.49 315.01 0 27.51 71.24 0 607.73 592.36 0 478.72 394.95 0 253.73 80.02 0 238.74 597.26
44 7 0 602.54 588.76 0 251.24 78.76 0 236.25 593.77 0 450.97 590.00 0 37.51 313.77 0 23.74 68.75 0 83.69 111.22
45 8 0 602.51 587.52 0 236.26 593.77 0 450.01 587.51 0 251.24 81.26 0 38.72 311.25 0 25.92 68.95 0 473.77 391.25 0 25.01 69.95
46 8 0 602.50 586.24 0 26.25 69.87 0 251.87 81.25 0 38.74 311.24 0 236.25 591.24 0 449.98 587.48 0 471.33 389.64 0 473.28 388.86
47 8 0 602.50 587.50 0 253.76 83.74 0 238.72 593.76 0 448.77 588.72 0 27.87 73.75 0 27.59 71.36 0 41.25 313.74 0 41.26 311.24
48 7 0 602.51 582.49 0 29.99 70.00 0 42.65 308.30 0 238.73 588.74 0 255.37 81.36 0 471.23 386.30 0 473.61 386.30
49 5 0 469.99 390.02 0 602.49 585.23 0 43.75 311.24 0 29.78 76.24 0 253.75 86.24
50 7 0 601.23 582.49 0 468.39 387.51 0 238.75 588.74 0 43.61 308.58 0 29.99 73.77 0 253.76 86.26 0 82.52 117.47
