1 0
2 1 0 56.67 331.26
3 2 0 58.75 331.87 0 61.25 448.76
4 2 0 62.56 328.72 0 71.22 261.08
5 3 0 61.26 330.01 0 68.72 266.28 0 66.25 448.75
6 3 0 65.00 326.26 0 71.24 263.74 0 67.50 445.01
7 3 0 69.99 448.94 0 65.07 328.66 0 71.24 266.24
8 3 0 71.24 266.26 0 66.25 326.26 0 71.23 446.25
9 4 0 66.46 326.26 0 71.24 268.50 0 73.75 446.26 0 98.82 246.25
10 3 0 71.25 271.27 0 66.25 326.25 0 73.73 448.76
11 3 0 67.77 321.59 0 71.24 268.75 0 75.01 443.89
12 3 0 66.25 268.79 0 63.73 321.25 0 71.25 443.76
13 5 0 68.82 275.00 0 66.25 323.76 0 98.75 253.77 0 75.00 446.24 0 618.76 123.78
14 5 0 78.74 443.76 0 71.24 273.75 0 71.24 321.26 0 70.43 319.98 0 619.25 121.20
15 3 0 68.77 277.51 0 70.00 322.48 0 77.48 446.25
16 4 0 71.23 321.28 0 69.94 278.76 0 78.74 446.25 0 616.28 123.76
17 4 0 71.25 278.76 0 73.76 319.97 0 81.26 445.02 0 616.91 121.26
18 4 0 77.49 444.95 0 67.45 279.95 0 71.22 318.76 0 611.26 121.27
19 4 0 76.23 316.27 0 85.01 442.50 0 71.23 279.92 0 616.26 118.75
20 4 0 66.38 281.27 0 71.24 316.26 0 81.27 442.48 0 608.75 118.80
21 3 0 76.24 316.25 0 71.22 283.78 0 612.50 117.50
22 6 0 71.25 286.24 0 76.25 316.65 0 84.99 443.34 0 610.13 118.76 0 412.50 620.00 0 602.45 23.71
23 3 0 76.23 311.25 0 70.40 281.72 0 608.78 113.76
24 4 0 70.00 288.75 0 76.23 313.81 0 608.75 116.98 0 598.76 26.26
25 4 0 68.75 288.77 0 75.02 313.78 0 86.25 441.28 0 67.88 287.51
26 5 0 76.26 310.54 0 68.75 288.73 0 88.76 438.75 0 603.75 111.24 0 603.74 113.34
27 5 0 81.26 308.72 0 606.25 111.24 0 93.72 437.50 0 71.23 288.74 0 72.52 287.53
28 5 0 83.52 310.22 0 72.51 292.37 0 606.11 114.97 0 598.74 28.74 0 96.25 438.74
29 5 0 92.49 442.44 0 68.81 293.78 0 603.76 113.78 0 61.25 21.26 0 81.31 310.01
30 5 0 71.22 291.21 0 83.72 306.25 0 93.76 436.25 0 604.23 110.00 0 63.72 18.10
31 7 0 92.49 436.23 0 68.72 294.07 0 598.72 108.76 0 61.25 20.00 0 81.26 306.24 0 103.74 271.24 0 16.28 531.25
32 5 0 68.75 293.92 0 597.51 107.51 0 81.35 303.78 0 18.75 528.77 0 61.25 18.77
33 6 0 69.00 296.34 0 82.64 303.74 0 61.25 21.28 0 591.21 30.12 0 107.50 271.25 0 96.27 434.33
34 8 0 84.25 306.42 0 70.01 301.22 0 597.49 109.83 0 19.21 530.03 0 63.73 26.22 0 98.75 438.73 0 590.01 35.02 0 444.98 475.03
35 6 0 86.34 301.26 0 71.21 297.81 0 621.24 101.27 0 21.21 523.76 0 63.73 22.45 0 100.21 433.77
36 7 0 69.91 303.72 0 100.01 437.50 0 86.31 305.22 0 63.75 28.75 0 20.01 528.79 0 587.50 38.74 0 109.98 277.50
37 9 0 69.76 301.34 0 86.26 299.98 0 20.01 522.53 0 109.98 277.49 0 63.75 26.26 0 101.24 433.76 0 593.74 103.75 0 618.76 103.75 0 587.50 35.07
38 9 0 71.06 301.29 0 20.11 522.51 0 87.48 299.55 0 109.97 277.53 0 63.75 26.27 0 593.70 101.36 0 587.49 37.03 0 616.78 103.74 0 103.74 431.22
39 10 0 69.86 303.67 0 86.29 298.76 0 63.74 28.77 0 21.26 521.25 0 591.23 101.25 0 616.22 106.28 0 586.31 36.32 0 108.45 278.77 0 220.36 558.77 0 103.72 433.78
40 8 0 23.74 523.77 0 89.95 302.48 0 70.48 308.44 0 106.25 435.70 0 586.26 42.50 0 618.74 108.98 0 66.28 33.78 0 593.73 106.26
41 6 0 89.93 299.90 0 71.22 308.96 0 66.26 33.76 0 23.75 523.74 0 616.26 109.00 0 591.25 103.74
42 9 0 90.02 296.33 0 69.95 307.29 0 587.51 99.98 0 106.24 431.24 0 23.74 518.74 0 613.73 108.62 0 63.75 31.26 0 65.78 31.26 0 113.77 281.27
43 10 0 91.28 293.76 0 71.24 308.68 0 107.49 429.87 0 588.79 98.78 0 66.25 31.24 0 115.00 282.52 0 587.78 109.85 0 26.24 516.23 0 613.72 108.57 0 24.02 516.22
44 6 0 96.26 296.26 0 69.98 36.23 0 74.25 312.48 0 28.75 518.76 0 616.28 111.27 0 113.76 431.25
45 8 0 71.26 316.25 0 93.80 296.26 0 611.26 115.00 0 67.48 38.74 0 26.26 518.73 0 586.26 101.27 0 110.03 431.23 0 581.24 46.24
46 7 0 610.98 110.00 0 93.75 291.80 0 67.51 35.88 0 111.24 428.73 0 71.26 311.25 0 26.73 513.76 0 586.23 96.28
47 7 0 96.27 291.25 0 68.74 35.25 0 113.74 426.24 0 73.46 311.97 0 27.51 511.22 0 586.26 96.25 0 612.47 111.22
48 7 0 68.74 41.42 0 28.74 516.32 0 96.26 293.76 0 72.61 318.58 0 115.00 431.24 0 609.98 116.94 0 583.73 101.19
49 8 0 73.75 315.03 0 30.00 510.01 0 69.03 38.74 0 98.73 288.78 0 117.46 426.26 0 609.73 113.76 0 581.22 46.22 0 583.74 93.73
50 6 0 96.26 291.26 0 71.23 318.75 0 68.74 42.49 0 115.03 428.49 0 606.23 116.25 0 27.61 513.78
