1 0
2 0
3 3 0 434.16 513.75 0 541.24 74.63 0 116.26 53.74
4 6 0 538.77 76.24 0 86.24 583.73 0 433.76 513.77 0 412.51 532.49 0 26.27 308.65 0 116.25 56.23
5 7 0 538.74 76.25 0 26.24 308.85 0 86.24 583.75 0 431.21 513.72 0 409.87 533.74 0 118.73 56.25 0 118.75 54.27
6 6 0 27.49 309.98 0 537.51 76.24 0 431.24 511.23 0 408.74 533.80 0 118.74 56.25 0 86.25 583.74
7 6 0 27.49 309.95 0 536.26 76.24 0 428.74 511.24 0 89.98 581.27 0 406.24 532.49 0 121.26 56.25
8 6 0 90.01 581.33 0 28.26 311.22 0 428.68 511.24 0 533.74 76.38 0 406.25 532.49 0 121.25 56.25
9 5 0 426.26 511.24 0 533.40 76.26 0 403.70 532.50 0 90.01 580.04 0 123.74 58.72
10 6 0 402.51 532.49 0 92.52 580.01 0 532.50 77.49 0 125.00 58.75 0 423.84 511.24 0 29.97 313.78
11 6 0 530.02 77.49 0 423.74 510.44 0 126.23 58.76 0 402.50 532.49 0 92.51 578.77 0 31.23 313.76
12 4 0 528.76 76.26 0 126.21 60.01 0 421.25 508.83 0 402.50 530.11
13 6 0 421.25 508.75 0 397.51 530.02 0 33.74 316.24 0 557.48 620.88 0 98.76 578.82 0 528.74 77.61
14 7 0 418.98 508.77 0 35.01 317.49 0 526.25 77.51 0 397.49 530.02 0 130.00 61.25 0 557.50 620.00 0 98.75 576.27
15 7 0 418.75 508.75 0 35.01 317.49 0 525.00 77.51 0 397.47 530.01 0 557.48 620.00 0 130.17 61.26 0 98.77 577.51
16 7 0 416.32 508.74 0 523.58 77.50 0 554.99 620.00 0 36.59 317.51 0 98.76 576.26 0 131.26 62.03 0 395.02 530.02
17 6 0 521.28 77.51 0 414.95 508.72 0 553.75 618.74 0 393.74 528.77 0 133.74 63.75 0 101.24 576.28
18 6 0 413.74 508.74 0 521.26 78.75 0 38.74 321.27 0 551.25 618.75 0 133.75 63.75 0 103.73 573.76
19 6 0 412.93 507.67 0 518.75 78.73 0 38.75 321.25 0 103.73 573.77 0 391.23 526.25 0 551.23 616.26
20 7 0 411.27 507.92 0 518.73 78.74 0 389.99 526.22 0 41.25 321.26 0 136.24 66.30 0 549.99 618.68 0 106.24 572.46
21 7 0 409.46 506.24 0 42.50 322.52 0 516.25 78.75 0 106.24 573.48 0 387.49 526.05 0 547.50 616.26 0 138.76 66.26
22 6 0 408.76 506.27 0 107.49 572.50 0 42.51 325.00 0 387.50 525.00 0 516.25 78.76 0 138.76 66.27
23 6 0 42.50 324.99 0 140.00 67.50 0 107.77 571.25 0 387.52 525.01 0 513.74 78.77 0 406.37 506.27
24 6 0 45.01 325.01 0 109.98 570.01 0 406.24 506.26 0 141.23 67.53 0 513.75 81.26 0 383.73 524.14
25 8 0 403.77 506.26 0 110.00 570.01 0 143.74 68.76 0 511.23 78.79 0 383.73 523.74 0 543.73 613.75 0 45.00 328.79 0 404.87 505.01
26 4 0 403.75 506.25 0 511.24 81.25 0 381.22 522.52 0 143.76 68.75
27 5 0 146.25 69.85 0 380.00 523.74 0 401.27 505.61 0 508.73 81.25 0 541.24 611.26
28 5 0 539.99 611.27 0 146.26 70.01 0 507.49 81.26 0 378.75 521.26 0 401.27 504.04
29 7 0 398.74 503.73 0 147.48 70.00 0 50.00 330.00 0 539.99 611.21 0 506.25 81.26 0 378.75 521.29 0 115.59 566.25
30 7 0 397.47 503.73 0 50.01 332.33 0 117.40 565.03 0 376.28 521.28 0 538.76 610.00 0 506.26 81.26 0 149.96 71.23
31 6 0 396.24 503.74 0 52.54 332.49 0 117.50 565.16 0 503.71 81.25 0 151.22 71.23 0 538.76 609.99
32 5 0 52.51 332.49 0 396.24 503.74 0 501.26 81.28 0 118.73 565.01 0 536.27 608.72
33 7 0 393.76 503.74 0 501.24 81.25 0 121.27 563.72 0 372.54 517.48 0 151.26 73.79 0 621.24 198.75 0 52.51 333.72
34 5 0 498.75 81.26 0 372.52 517.49 0 121.28 563.75 0 391.21 502.06 0 155.00 74.37
35 6 0 122.51 562.50 0 155.00 75.03 0 370.00 517.48 0 498.74 81.24 0 391.22 501.85 0 532.59 606.25
36 7 0 532.50 605.01 0 157.48 75.00 0 122.58 562.50 0 496.26 81.27 0 369.98 515.89 0 388.75 501.73 0 56.25 336.26
37 6 0 387.60 501.25 0 157.51 75.02 0 530.02 605.00 0 496.26 81.27 0 126.07 562.09 0 56.25 338.76
38 7 0 386.27 501.26 0 493.14 82.42 0 530.01 605.00 0 364.99 515.04 0 158.74 76.24 0 56.33 338.74 0 126.26 561.25
39 5 0 60.00 340.01 0 162.50 77.50 0 492.52 82.50 0 386.27 501.26 0 364.98 515.01
40 6 0 383.74 501.28 0 59.99 340.02 0 491.26 82.50 0 162.50 77.51 0 363.77 513.78 0 128.77 558.75
41 7 0 490.00 82.50 0 382.46 501.26 0 163.01 77.50 0 361.56 513.80 0 525.01 602.51 0 130.30 557.51 0 61.23 341.25
42 7 0 381.24 500.01 0 488.75 82.47 0 131.28 557.50 0 523.33 602.51 0 166.23 78.73 0 361.31 513.82 0 61.25 341.26
43 5 0 132.51 557.51 0 379.80 499.32 0 165.00 77.51 0 523.76 601.23 0 488.73 82.56
44 6 0 378.75 498.77 0 486.22 82.60 0 69.96 12.52 0 133.76 556.26 0 63.74 343.73 0 166.24 81.24
45 7 0 483.76 83.75 0 376.41 498.76 0 168.76 81.27 0 357.47 509.97 0 522.04 597.52 0 136.26 556.26 0 63.74 346.26
46 7 0 376.27 498.74 0 482.53 82.52 0 170.01 82.51 0 355.02 509.98 0 66.39 346.25 0 518.74 598.76 0 50.03 324.99
47 6 0 481.27 83.74 0 373.76 498.74 0 171.21 82.51 0 66.25 346.27 0 517.47 595.44 0 355.17 507.59
48 7 0 67.49 347.50 0 517.49 597.49 0 481.26 83.75 0 172.50 82.47 0 373.16 498.76 0 138.99 553.70 0 355.11 509.94
49 6 0 371.38 498.77 0 68.45 347.77 0 478.75 83.75 0 517.47 597.50 0 172.62 83.74 0 141.25 553.75
50 5 0 477.50 84.10 0 68.95 349.99 0 515.00 595.01 0 141.25 551.22 0 371.25 497.50
