1 0
2 0
3 4 0 501.26 288.76 0 596.27 151.26 0 132.52 309.05 0 325.14 62.48
4 4 0 597.51 150.01 0 503.73 283.76 0 134.92 306.25 0 330.03 57.99
5 4 0 597.50 155.03 0 501.24 288.74 0 136.26 311.24 0 482.51 435.73
6 5 0 500.00 285.00 0 136.26 308.73 0 608.77 298.76 0 595.80 151.23 0 478.68 430.01
7 5 0 141.25 308.85 0 598.72 155.06 0 501.25 286.24 0 332.45 61.24 0 612.54 301.22
8 6 0 138.75 308.75 0 594.98 154.38 0 496.26 283.76 0 620.11 537.52 0 477.47 429.98 0 610.01 301.22
9 7 0 596.25 158.75 0 622.51 540.01 0 332.40 63.60 0 370.05 522.52 0 477.49 436.49 0 611.27 306.25 0 143.73 313.76
10 6 0 141.22 311.27 0 493.75 286.25 0 591.24 158.75 0 327.18 62.53 0 608.74 306.24 0 618.76 538.75
11 7 0 593.76 157.49 0 621.25 533.76 0 496.26 281.39 0 145.01 308.75 0 611.24 303.74 0 101.25 376.26 0 475.04 431.22
12 6 0 621.24 533.78 0 593.76 158.74 0 146.25 309.18 0 612.51 306.25 0 496.26 283.76 0 493.87 283.76
13 6 0 593.75 158.74 0 618.76 531.26 0 612.51 307.31 0 148.73 310.98 0 493.75 283.77 0 467.50 627.54
14 7 0 490.01 282.50 0 147.48 310.00 0 616.25 531.24 0 609.99 307.51 0 330.07 58.74 0 591.26 158.75 0 470.21 430.37
15 8 0 150.00 315.02 0 618.75 533.74 0 490.41 286.25 0 18.76 623.76 0 612.50 313.76 0 471.21 436.24 0 593.72 163.77 0 591.29 163.76
16 7 0 148.74 315.01 0 587.53 165.02 0 613.76 532.50 0 467.50 435.03 0 610.02 313.73 0 486.25 286.25 0 16.28 623.71
17 7 0 486.25 286.25 0 613.75 531.26 0 151.22 315.01 0 608.76 316.24 0 587.45 166.24 0 467.49 435.01 0 18.76 622.91
18 6 0 590.00 163.76 0 107.49 380.01 0 616.25 526.25 0 153.75 311.25 0 611.27 313.76 0 486.25 281.27
19 9 0 612.35 528.74 0 482.35 284.99 0 19.99 620.00 0 151.23 314.90 0 608.73 316.27 0 586.24 166.25 0 327.41 62.51 0 463.74 434.99 0 299.99 477.38
20 8 0 153.77 316.24 0 586.26 169.92 0 483.75 286.26 0 613.27 529.47 0 21.24 621.23 0 611.13 318.74 0 328.87 63.51 0 463.73 436.38
21 7 0 153.74 316.24 0 583.75 168.77 0 610.87 527.51 0 21.25 618.76 0 608.76 318.73 0 461.35 435.08 0 479.03 286.24
22 8 0 478.75 283.76 0 610.01 526.26 0 153.97 316.24 0 460.00 434.99 0 583.72 170.49 0 21.24 618.75 0 608.75 321.23 0 106.94 383.75
23 6 0 156.22 316.26 0 609.90 525.02 0 477.48 283.74 0 608.76 321.26 0 583.38 171.21 0 21.33 617.53
24 6 0 610.00 521.24 0 158.74 313.78 0 583.75 169.47 0 477.49 281.25 0 23.76 613.79 0 110.68 381.51
25 7 0 158.75 316.25 0 475.00 283.76 0 610.02 324.08 0 607.49 521.26 0 23.74 616.28 0 581.24 172.49 0 338.74 16.25
26 7 0 608.75 518.74 0 161.26 313.75 0 476.23 281.25 0 610.93 322.48 0 341.25 16.26 0 26.27 613.75 0 582.90 171.28
27 9 0 161.25 316.25 0 606.26 519.97 0 27.50 612.64 0 581.22 173.75 0 608.77 325.02 0 338.75 18.76 0 473.75 283.73 0 453.44 435.01 0 113.74 386.26
28 8 0 608.74 521.25 0 331.22 63.75 0 164.99 318.76 0 474.97 285.01 0 613.05 328.80 0 117.51 390.04 0 30.01 616.26 0 341.24 23.74
29 7 0 474.98 285.72 0 167.50 319.81 0 613.98 329.54 0 33.76 613.74 0 608.76 519.94 0 583.47 178.75 0 343.73 23.73
30 9 0 581.25 178.76 0 612.26 331.27 0 167.13 321.23 0 608.74 518.74 0 341.25 26.27 0 530.01 402.51 0 330.50 63.67 0 471.25 285.04 0 452.51 437.50
31 8 0 450.01 434.99 0 604.97 513.55 0 168.75 316.26 0 33.75 608.77 0 469.98 281.28 0 579.99 176.24 0 341.25 23.45 0 611.27 326.26
32 9 0 332.45 62.49 0 37.49 612.50 0 471.22 283.75 0 613.14 331.26 0 171.26 318.74 0 343.75 26.28 0 606.44 515.00 0 122.51 390.00 0 581.54 179.21
33 9 0 581.25 180.01 0 172.63 318.75 0 37.49 610.00 0 471.19 283.86 0 606.27 513.78 0 450.13 435.03 0 332.44 61.52 0 343.75 28.76 0 613.01 333.73
34 8 0 603.75 515.16 0 37.51 612.46 0 172.49 321.46 0 578.75 183.76 0 122.52 395.01 0 467.48 286.23 0 611.24 336.26 0 343.73 31.26
35 9 0 603.75 509.82 0 578.75 179.99 0 466.23 281.28 0 613.74 333.73 0 173.77 318.76 0 38.75 606.25 0 330.22 58.64 0 342.06 28.05 0 125.00 387.55
36 8 0 338.74 31.25 0 444.98 437.50 0 461.24 283.75 0 36.24 608.77 0 171.29 321.29 0 598.79 511.25 0 122.49 389.98 0 609.71 336.26
37 8 0 340.00 33.76 0 601.00 511.25 0 461.25 285.00 0 173.75 321.23 0 609.99 338.74 0 37.52 609.98 0 442.50 437.50 0 573.76 186.28
38 8 0 603.75 508.75 0 178.75 321.27 0 343.74 33.75 0 42.72 606.26 0 445.00 437.49 0 463.75 283.75 0 613.74 338.75 0 578.73 183.77
39 8 0 602.50 506.27 0 43.74 605.00 0 444.94 437.50 0 343.75 34.01 0 613.76 338.76 0 181.23 320.39 0 576.24 186.28 0 132.51 389.98
40 8 0 597.48 507.51 0 340.02 37.20 0 572.47 187.52 0 176.25 321.26 0 456.26 283.78 0 610.00 341.25 0 41.26 605.52 0 126.19 393.75
41 9 0 602.50 506.26 0 460.01 283.83 0 45.04 605.02 0 613.75 341.27 0 183.73 321.28 0 332.44 60.61 0 442.35 436.21 0 576.27 186.75 0 132.55 394.98
42 10 0 598.74 506.30 0 573.76 191.25 0 343.74 41.24 0 612.49 346.26 0 132.50 397.47 0 331.21 63.74 0 46.21 606.27 0 181.24 325.02 0 458.36 286.25 0 437.51 437.50
43 8 0 597.48 501.26 0 571.26 187.51 0 341.25 38.77 0 437.50 435.01 0 611.26 341.17 0 45.03 602.27 0 453.74 281.25 0 330.08 57.89
44 8 0 596.25 501.21 0 571.27 187.51 0 453.75 281.27 0 183.74 321.25 0 341.24 38.76 0 435.04 437.48 0 611.22 343.71 0 132.52 393.78
45 8 0 594.99 502.49 0 183.74 323.76 0 451.25 286.26 0 341.25 43.76 0 610.00 348.30 0 45.01 602.50 0 132.51 397.50 0 568.76 193.74
46 8 0 593.75 500.00 0 341.23 43.76 0 609.85 347.51 0 449.66 283.76 0 568.75 191.25 0 183.74 323.74 0 133.60 395.01 0 46.56 600.88
47 9 0 186.25 322.52 0 611.26 347.53 0 448.73 283.75 0 341.24 43.13 0 430.00 436.25 0 593.74 498.76 0 568.77 191.24 0 48.75 598.74 0 327.56 59.94
48 10 0 593.75 501.26 0 51.25 602.52 0 612.50 353.77 0 568.76 197.50 0 341.26 48.78 0 448.78 286.44 0 330.08 63.68 0 138.79 397.54 0 188.74 328.79 0 188.74 326.51
49 8 0 595.00 496.25 0 570.00 193.74 0 450.00 283.74 0 141.26 396.24 0 193.73 323.75 0 613.83 351.27 0 53.76 596.75 0 346.28 46.25
50 9 0 612.79 356.26 0 593.46 498.75 0 341.22 51.31 0 330.06 63.75 0 191.24 328.74 0 52.49 601.30 0 140.01 402.52 0 446.24 288.74 0 566.25 198.76
