1 0
2 2 0 336.27 56.27 0 36.25 101.24
3 4 0 45.02 99.99 0 446.26 511.26 0 343.80 53.78 0 91.25 288.76
4 4 0 445.01 509.77 0 46.24 103.74 0 343.76 58.76 0 93.67 290.00
5 2 0 38.73 111.24 0 436.26 512.50
6 4 0 443.75 509.96 0 342.50 66.27 0 46.26 113.76 0 98.72 293.75
7 5 0 436.24 501.25 0 41.27 108.74 0 618.76 162.49 0 333.77 61.26 0 99.95 284.19
8 5 0 46.24 110.00 0 619.99 162.49 0 438.75 497.47 0 337.52 63.75 0 101.24 286.26
9 4 0 616.26 173.75 0 46.22 121.28 0 436.24 503.76 0 334.27 76.24
10 5 0 45.00 123.75 0 332.50 78.74 0 433.76 502.19 0 612.49 173.75 0 101.44 296.28
11 4 0 52.51 122.33 0 338.75 76.24 0 616.26 171.23 0 441.26 496.24
12 5 0 603.75 171.26 0 428.72 492.61 0 43.75 123.89 0 328.50 77.58 0 326.55 77.62
13 6 0 328.74 76.26 0 431.23 486.24 0 46.24 123.31 0 603.76 168.73 0 107.50 290.00 0 603.75 166.35
14 5 0 610.01 171.25 0 56.25 128.75 0 437.49 487.60 0 118.73 292.48 0 336.25 81.27
15 5 0 331.25 88.77 0 603.75 178.75 0 433.76 491.25 0 53.71 136.26 0 117.48 298.73
16 5 0 331.25 91.26 0 601.26 178.77 0 53.75 138.74 0 433.75 488.74 0 117.49 300.01
17 5 0 436.24 481.25 0 332.50 88.76 0 58.75 133.74 0 601.25 173.76 0 125.05 292.49
18 4 0 597.50 180.00 0 57.38 141.75 0 329.61 96.26 0 433.76 483.70
19 4 0 323.75 88.76 0 591.24 171.27 0 427.49 472.46 0 53.74 136.25
20 4 0 52.50 140.47 0 423.74 473.76 0 321.25 93.76 0 586.27 176.25
21 5 0 323.76 103.74 0 426.25 478.74 0 56.26 148.76 0 586.24 183.75 0 16.24 396.24
22 5 0 56.26 141.27 0 321.42 96.28 0 583.74 173.76 0 17.57 386.24 0 423.75 466.25
23 6 0 63.73 146.27 0 326.23 101.23 0 428.78 466.16 0 26.25 386.28 0 586.26 178.75 0 429.98 465.01
24 6 0 58.75 156.24 0 421.25 471.20 0 16.27 291.24 0 318.75 110.07 0 21.25 391.25 0 578.76 186.27
25 6 0 326.24 109.52 0 428.77 466.22 0 66.24 153.77 0 582.51 183.74 0 23.72 286.24 0 31.16 388.18
26 6 0 29.99 390.02 0 322.50 116.25 0 576.26 186.32 0 423.83 466.25 0 63.74 161.26 0 23.74 291.06
27 8 0 321.26 108.75 0 66.25 153.76 0 26.25 278.76 0 574.31 178.75 0 576.24 178.76 0 31.24 378.77 0 33.50 378.75 0 423.73 453.74
28 8 0 571.26 188.75 0 422.48 461.24 0 318.73 121.25 0 33.70 388.75 0 31.84 388.74 0 66.25 166.24 0 26.27 288.76 0 26.26 286.32
29 7 0 323.74 118.74 0 71.23 163.00 0 426.24 454.98 0 38.73 382.48 0 573.55 186.27 0 33.77 282.49 0 153.76 298.76
30 6 0 321.87 118.74 0 41.26 378.74 0 571.22 183.74 0 34.98 278.74 0 71.24 161.28 0 424.36 449.98
31 6 0 415.50 446.26 0 29.99 274.99 0 313.75 118.74 0 36.23 376.29 0 561.25 183.73 0 66.26 161.98
32 6 0 31.24 281.26 0 66.26 172.50 0 557.50 191.27 0 414.88 451.25 0 38.74 382.59 0 313.74 128.76
33 6 0 46.23 373.75 0 419.99 441.25 0 317.49 122.53 0 561.25 183.75 0 38.75 273.77 0 73.75 166.25
34 6 0 41.28 373.74 0 412.50 441.01 0 33.74 273.74 0 551.22 187.50 0 309.97 128.74 0 66.25 169.99
35 8 0 419.99 438.76 0 52.27 373.73 0 318.72 131.25 0 77.49 172.50 0 557.49 187.49 0 92.51 507.53 0 166.24 298.75 0 46.22 271.24
36 7 0 418.75 436.25 0 53.76 372.49 0 555.01 188.13 0 317.45 131.26 0 78.73 173.75 0 46.25 268.79 0 168.73 296.31
37 8 0 408.92 438.75 0 307.49 138.76 0 543.74 193.76 0 71.24 181.23 0 47.49 376.25 0 162.49 301.20 0 41.26 273.75 0 610.82 623.75
38 6 0 411.25 429.91 0 52.41 368.74 0 74.99 177.54 0 543.73 188.76 0 43.85 266.29 0 308.74 133.75
39 8 0 413.75 426.27 0 311.24 136.27 0 57.50 366.26 0 78.73 178.75 0 543.74 188.75 0 48.78 263.75 0 98.77 507.58 0 171.31 297.16
40 7 0 63.73 368.76 0 315.03 143.72 0 416.96 428.73 0 546.25 193.75 0 56.27 266.35 0 84.89 183.73 0 178.75 299.76
41 7 0 306.26 149.98 0 76.25 191.24 0 56.27 373.75 0 49.98 270.48 0 406.36 430.34 0 536.24 198.74 0 534.20 198.75
42 6 0 411.34 421.20 0 311.23 143.75 0 538.76 191.26 0 56.29 261.24 0 66.25 363.75 0 83.73 183.74
43 7 0 538.75 198.34 0 68.71 368.75 0 313.75 153.76 0 61.23 266.26 0 413.76 423.74 0 86.26 193.76 0 88.65 193.75
44 6 0 532.53 202.49 0 309.65 158.76 0 69.30 370.00 0 86.22 198.77 0 410.00 426.25 0 61.25 267.51
45 8 0 86.24 191.25 0 306.25 151.23 0 407.47 413.54 0 69.98 360.00 0 528.74 193.79 0 114.94 507.56 0 61.25 256.26 0 186.23 296.25
46 10 0 411.25 413.74 0 76.25 361.29 0 310.00 156.25 0 530.03 196.25 0 92.48 195.03 0 118.38 509.19 0 67.48 258.74 0 191.23 298.75 0 601.37 608.76 0 193.33 298.79
47 6 0 78.73 365.02 0 311.18 163.75 0 92.49 202.51 0 411.26 416.25 0 528.75 201.26 0 69.99 261.28
48 6 0 310.00 165.01 0 410.08 412.48 0 526.23 202.38 0 81.26 362.60 0 71.24 258.75 0 96.25 203.75
49 8 0 298.76 166.25 0 514.98 202.50 0 398.75 408.76 0 86.26 205.04 0 63.74 257.59 0 73.77 361.24 0 71.98 361.28 0 189.99 303.72
50 8 0 84.98 362.50 0 307.48 171.25 0 521.26 206.24 0 75.84 260.00 0 406.46 408.76 0 201.58 307.49 0 595.01 610.03 0 96.72 209.81
