1 0
2 0
3 0
4 1 0 547.52 429.98
5 1 0 548.76 428.75
6 1 0 546.27 422.54
7 1 0 546.25 426.27
8 1 0 545.09 423.77
9 2 0 547.92 418.76 0 622.49 211.21
10 3 0 548.75 418.95 0 621.81 211.24 0 168.79 73.75
11 4 0 543.74 418.76 0 616.25 213.74 0 164.97 75.03 0 608.78 536.29
12 2 0 548.75 418.74 0 618.93 213.75
13 2 0 545.00 413.74 0 613.76 210.01
14 3 0 546.25 416.26 0 616.26 213.75 0 20.00 178.57
15 4 0 18.76 173.75 0 613.76 208.76 0 546.26 408.82 0 602.51 530.02
16 4 0 546.25 413.76 0 611.24 213.76 0 20.01 178.76 0 172.51 77.52
17 3 0 611.25 213.74 0 546.26 412.49 0 21.35 178.77
18 4 0 608.76 209.92 0 22.53 176.19 0 543.75 406.23 0 546.02 406.25
19 4 0 611.26 211.24 0 548.74 406.24 0 26.27 176.26 0 548.11 407.52
20 6 0 546.25 408.75 0 27.49 180.99 0 178.83 77.51 0 606.29 213.73 0 608.33 213.74 0 597.44 533.75
21 3 0 547.95 405.96 0 608.76 211.24 0 31.26 178.82
22 4 0 548.75 405.04 0 606.23 211.25 0 31.22 181.24 0 183.74 78.74
23 4 0 548.74 403.76 0 33.75 181.26 0 605.03 211.26 0 595.02 530.22
24 4 0 547.43 401.27 0 603.75 212.51 0 33.78 181.27 0 593.76 530.00
25 5 0 601.25 213.81 0 33.81 183.26 0 548.69 399.15 0 547.54 400.01 0 591.25 531.27
26 3 0 597.49 212.49 0 33.76 183.75 0 546.22 398.74
27 3 0 596.23 211.26 0 543.75 396.25 0 33.76 182.36
28 3 0 595.01 212.49 0 36.26 183.75 0 546.25 396.26
29 4 0 36.27 181.27 0 593.74 209.95 0 543.75 393.76 0 545.75 393.77
30 4 0 548.54 391.25 0 596.23 209.99 0 194.98 77.51 0 43.76 182.54
31 4 0 546.42 388.74 0 593.75 208.76 0 194.98 77.51 0 43.77 181.49
32 3 0 547.51 387.52 0 46.21 182.51 0 591.27 208.77
33 3 0 588.75 208.76 0 545.78 386.29 0 43.77 183.01
34 5 0 622.51 351.25 0 588.73 213.75 0 546.26 388.75 0 46.23 187.60 0 576.27 528.75
35 4 0 588.75 210.01 0 548.73 383.74 0 623.76 347.49 0 51.26 186.25
36 4 0 618.76 347.57 0 46.23 186.25 0 583.74 211.26 0 542.88 383.74
37 4 0 617.49 347.50 0 543.74 381.50 0 583.02 211.24 0 48.74 186.27
38 5 0 620.01 347.52 0 583.74 211.26 0 53.74 188.75 0 548.76 382.35 0 573.74 526.24
39 4 0 616.40 347.56 0 581.25 212.55 0 52.40 189.69 0 546.25 381.27
40 4 0 616.29 342.49 0 55.01 186.15 0 546.10 376.86 0 578.74 208.76
41 6 0 581.25 208.76 0 617.51 343.73 0 58.75 188.72 0 548.74 376.26 0 210.00 82.50 0 138.75 591.24
42 5 0 612.51 345.24 0 576.26 211.25 0 56.25 191.25 0 544.97 376.27 0 565.01 525.01
43 4 0 612.50 340.02 0 546.25 371.24 0 58.76 187.51 0 576.27 207.50
44 4 0 613.75 342.32 0 548.74 371.25 0 576.26 208.76 0 61.26 189.59
45 4 0 612.51 340.00 0 548.74 369.47 0 63.68 188.86 0 576.23 208.76
46 5 0 607.51 338.47 0 546.25 366.25 0 61.25 189.70 0 570.03 206.27 0 35.02 235.03
47 5 0 547.53 366.24 0 608.63 337.50 0 571.26 206.25 0 66.04 188.75 0 64.75 189.48
48 4 0 606.26 341.23 0 546.24 368.74 0 568.76 211.26 0 66.25 193.84
49 5 0 546.26 363.75 0 606.23 335.04 0 67.51 191.23 0 568.76 206.25 0 216.25 81.23
50 4 0 605.02 340.00 0 547.58 366.25 0 568.76 211.26 0 68.85 196.26
