1 0
2 3 0 22.50 321.32 0 177.32 31.25 0 388.68 88.76
3 4 0 23.67 320.35 0 386.25 88.79 0 471.21 613.75 0 177.37 33.76
4 3 0 20.00 322.51 0 381.23 91.24 0 466.26 616.25
5 5 0 468.74 611.27 0 23.73 319.07 0 178.78 33.76 0 178.77 31.90 0 383.71 88.77
6 5 0 22.49 318.75 0 381.05 88.80 0 466.25 611.24 0 178.75 33.76 0 322.50 517.51
7 5 0 23.73 322.47 0 178.74 38.75 0 90.00 229.99 0 378.76 92.49 0 466.26 613.51
8 5 0 26.07 317.51 0 91.15 227.50 0 180.01 35.01 0 324.97 514.98 0 378.76 88.76
9 5 0 26.27 319.99 0 178.77 38.75 0 91.27 230.01 0 376.28 91.23 0 462.62 608.73
10 6 0 27.48 319.96 0 181.24 38.74 0 89.99 229.98 0 373.76 91.27 0 322.49 515.00 0 461.88 608.77
11 4 0 29.99 320.01 0 183.72 41.30 0 93.62 233.84 0 463.75 609.01
12 6 0 30.01 315.10 0 324.99 510.01 0 461.26 603.76 0 183.74 36.96 0 373.60 88.77 0 96.27 228.80
13 5 0 35.00 315.94 0 188.74 38.76 0 98.76 231.24 0 329.99 510.00 0 466.27 603.76
14 7 0 31.23 317.49 0 460.00 605.03 0 325.00 510.00 0 368.81 89.99 0 543.75 16.26 0 309.97 18.77 0 96.25 233.73
15 5 0 33.96 314.14 0 461.25 601.24 0 188.74 38.74 0 546.20 13.73 0 369.99 88.73
16 7 0 33.74 317.49 0 187.49 43.75 0 458.75 604.86 0 325.01 509.99 0 541.26 18.75 0 366.24 92.47 0 98.65 236.63
17 9 0 37.48 317.50 0 190.91 46.24 0 460.01 605.02 0 100.00 237.51 0 330.00 509.98 0 543.73 18.76 0 368.92 93.75 0 595.00 485.01 0 314.30 22.68
18 7 0 38.73 312.50 0 17.47 345.16 0 461.24 598.77 0 191.92 41.26 0 368.77 88.76 0 331.25 503.75 0 543.73 16.25
19 5 0 20.01 347.50 0 41.23 315.02 0 194.99 43.77 0 318.75 21.26 0 461.24 598.75
20 8 0 37.50 315.01 0 16.23 350.01 0 191.23 46.19 0 362.51 92.49 0 101.25 238.75 0 538.75 18.75 0 456.27 598.74 0 316.26 26.28
21 6 0 21.29 350.74 0 42.51 315.00 0 196.26 46.23 0 458.74 598.73 0 541.25 18.80 0 321.37 26.26
22 8 0 18.08 349.98 0 40.00 315.00 0 453.76 598.74 0 331.24 503.74 0 358.75 91.28 0 536.28 18.75 0 192.53 46.71 0 101.27 241.28
23 9 0 45.02 312.55 0 23.74 350.04 0 538.76 18.76 0 108.75 241.21 0 364.53 91.28 0 322.52 27.49 0 198.74 46.25 0 458.77 597.49 0 336.27 501.27
24 8 0 43.74 315.01 0 22.45 352.50 0 196.27 51.26 0 107.48 242.50 0 453.75 598.71 0 533.75 21.27 0 358.73 93.75 0 333.76 503.75
25 9 0 42.54 310.01 0 21.26 350.02 0 356.24 90.00 0 451.19 593.71 0 196.24 48.73 0 531.19 18.76 0 196.26 46.98 0 332.51 499.57 0 451.88 592.50
26 6 0 25.00 348.74 0 46.24 308.72 0 453.68 591.25 0 356.25 88.75 0 198.73 46.26 0 533.75 18.08
27 7 0 27.48 350.00 0 48.77 308.79 0 201.25 47.17 0 453.87 589.96 0 357.27 88.77 0 532.51 18.74 0 338.66 496.26
28 9 0 46.23 310.41 0 198.73 51.23 0 24.98 353.02 0 107.48 245.00 0 448.77 591.25 0 350.00 92.49 0 528.75 21.25 0 44.25 550.00 0 336.27 498.74
29 7 0 27.50 354.99 0 48.74 312.43 0 201.26 52.50 0 351.21 92.49 0 528.75 23.71 0 336.26 498.76 0 450.59 593.78
30 7 0 52.52 307.53 0 29.98 351.19 0 203.83 50.02 0 452.47 587.48 0 340.01 492.59 0 115.02 245.02 0 353.73 88.76
31 6 0 31.23 355.51 0 52.51 311.23 0 206.23 53.75 0 451.24 591.22 0 351.23 93.74 0 528.74 23.75
32 7 0 29.99 356.23 0 52.50 310.01 0 347.51 92.50 0 204.98 53.75 0 448.75 588.74 0 526.21 23.73 0 52.49 132.51
33 6 0 56.26 306.35 0 34.99 352.64 0 208.77 51.28 0 451.25 583.81 0 528.76 21.25 0 341.26 490.00
34 7 0 56.25 304.98 0 208.77 51.26 0 34.97 352.48 0 16.24 168.75 0 448.75 583.70 0 118.73 246.24 0 329.99 35.01
35 9 0 32.52 354.98 0 53.75 305.20 0 13.76 170.52 0 206.24 53.75 0 115.00 249.99 0 521.26 21.24 0 446.25 583.75 0 343.68 91.25 0 339.98 489.96
36 7 0 33.76 356.27 0 54.99 307.46 0 16.26 171.25 0 116.25 251.27 0 340.55 92.50 0 208.74 56.25 0 518.76 23.74
37 7 0 38.76 354.99 0 60.00 305.00 0 448.73 581.26 0 21.26 169.97 0 213.61 53.76 0 522.50 21.20 0 343.73 91.22
38 9 0 61.24 303.73 0 40.01 354.98 0 213.74 53.80 0 122.53 249.99 0 21.26 168.76 0 521.27 21.27 0 343.68 89.11 0 446.23 581.22 0 448.49 581.28
39 7 0 61.24 307.56 0 40.02 358.89 0 213.75 58.77 0 446.19 583.76 0 341.25 93.74 0 21.27 173.74 0 518.74 26.26
40 7 0 42.50 357.50 0 63.79 304.67 0 26.25 171.26 0 216.25 57.33 0 518.74 23.72 0 446.23 578.76 0 124.99 253.00
41 9 0 59.99 304.97 0 442.50 580.01 0 212.48 59.99 0 38.74 358.79 0 513.75 26.26 0 336.27 93.81 0 121.26 256.25 0 21.24 172.48 0 39.98 360.01
42 9 0 41.25 356.27 0 62.49 301.39 0 23.73 168.77 0 215.05 56.36 0 334.53 89.63 0 513.76 23.75 0 123.74 256.25 0 442.14 576.22 0 441.25 573.82
43 9 0 43.76 361.26 0 65.02 305.00 0 442.51 580.01 0 515.00 27.50 0 27.51 172.54 0 125.02 259.99 0 217.49 62.46 0 347.52 482.54 0 336.27 93.76
44 8 0 63.75 300.79 0 42.51 357.51 0 332.53 90.02 0 216.26 58.76 0 26.27 170.04 0 348.65 477.50 0 511.23 23.74 0 438.80 573.75
45 7 0 68.73 304.78 0 46.35 361.26 0 221.24 63.74 0 30.03 173.73 0 351.21 482.50 0 442.51 576.29 0 513.78 28.74
46 8 0 67.48 303.84 0 46.28 362.51 0 28.91 173.74 0 509.99 28.85 0 220.01 63.72 0 350.00 482.52 0 331.23 93.73 0 441.25 576.25
47 9 0 50.02 359.97 0 223.74 61.28 0 71.55 299.97 0 131.25 260.00 0 33.76 171.26 0 332.52 92.51 0 442.50 572.26 0 341.24 49.75 0 511.23 26.23
48 7 0 67.49 299.99 0 47.40 361.22 0 30.01 171.23 0 437.49 572.51 0 507.49 27.50 0 220.01 61.27 0 326.20 92.19
49 9 0 51.26 363.34 0 72.50 302.53 0 33.78 173.76 0 224.73 66.26 0 328.76 93.74 0 131.25 263.73 0 508.74 29.94 0 131.25 265.89 0 438.75 573.76
50 8 0 75.01 300.01 0 53.75 361.90 0 37.52 171.25 0 508.74 28.51 0 329.98 92.50 0 441.24 568.77 0 227.09 63.74 0 133.74 263.76
