1 0
2 2 0 433.74 501.26 0 471.27 200.02
3 1 0 431.22 503.77
4 0
5 1 0 476.25 213.08
6 2 0 471.23 211.24 0 472.54 210.00
7 1 0 473.75 212.52
8 2 0 482.77 214.20 0 506.28 513.76
9 1 0 483.75 218.74
10 1 0 479.01 224.98
11 2 0 474.08 221.26 0 76.72 605.00
12 2 0 475.00 223.74 0 409.99 507.55
13 1 0 476.25 231.25
14 1 0 476.15 228.76
15 1 0 478.73 237.49
16 2 0 476.23 234.98 0 397.49 510.02
17 1 0 482.40 233.76
18 1 0 483.75 246.24
19 3 0 483.26 237.63 0 301.24 609.55 0 156.49 608.80
20 3 0 18.77 423.72 0 478.87 248.78 0 479.97 247.67
21 1 0 488.76 248.76
22 2 0 486.22 246.24 0 83.76 603.76
23 2 0 481.26 257.35 0 468.76 596.11
24 3 0 288.76 18.76 0 488.77 256.24 0 37.49 420.00
25 3 0 38.73 418.77 0 489.91 257.36 0 286.20 18.74
26 4 0 518.70 621.25 0 273.74 20.62 0 479.95 259.32 0 31.25 420.38
27 5 0 518.55 618.87 0 481.27 263.71 0 481.28 243.68 0 271.21 21.26 0 479.99 263.11
28 3 0 526.26 617.70 0 491.27 265.89 0 45.11 419.98
29 4 0 481.26 268.76 0 513.77 616.25 0 268.59 23.70 0 38.69 421.23
30 4 0 515.00 616.27 0 482.48 274.91 0 266.25 26.89 0 42.27 423.70
31 5 0 488.78 278.75 0 271.19 31.24 0 518.74 616.25 0 50.68 426.30 0 293.75 598.75
32 4 0 269.83 31.25 0 491.25 280.08 0 521.26 613.75 0 520.00 612.78
33 4 0 486.24 273.75 0 513.75 601.26 0 263.73 26.23 0 53.74 416.25
34 5 0 511.24 601.26 0 483.75 278.70 0 258.74 28.69 0 53.74 416.25 0 466.79 587.52
35 5 0 258.74 36.26 0 590.01 248.71 0 486.23 288.75 0 511.22 606.33 0 428.73 536.29
36 5 0 513.77 596.27 0 258.75 28.75 0 590.03 237.51 0 471.26 586.22 0 618.76 576.97
37 7 0 261.25 35.02 0 518.70 598.78 0 593.74 242.53 0 493.77 288.73 0 69.96 418.85 0 56.25 401.28 0 517.54 600.04
38 6 0 251.26 33.72 0 487.48 287.50 0 508.76 591.24 0 63.75 416.29 0 583.69 237.40 0 466.45 586.31
39 5 0 491.24 288.75 0 511.24 588.76 0 586.26 234.84 0 252.49 32.92 0 68.80 413.74
40 6 0 245.00 37.61 0 486.22 296.26 0 505.02 591.25 0 578.76 238.75 0 67.46 418.76 0 52.52 397.50
41 5 0 243.76 42.50 0 486.29 301.26 0 576.27 241.28 0 505.14 592.50 0 71.23 421.28
42 5 0 488.75 298.75 0 242.50 38.73 0 573.74 234.71 0 503.74 583.74 0 59.99 394.99
43 4 0 487.50 306.27 0 76.23 421.26 0 241.24 46.25 0 503.74 586.32
44 4 0 496.33 308.75 0 246.23 46.58 0 578.74 238.75 0 86.24 421.25
45 6 0 243.33 42.53 0 508.59 576.26 0 496.27 303.74 0 573.70 229.98 0 86.29 413.77 0 495.01 304.98
46 5 0 498.74 311.22 0 243.76 47.33 0 77.51 396.16 0 508.80 576.94 0 574.02 233.74
47 5 0 236.24 53.76 0 492.53 317.57 0 564.98 237.50 0 501.26 581.28 0 73.79 401.27
48 5 0 508.74 576.25 0 498.78 318.56 0 82.49 396.45 0 239.01 51.35 0 86.21 608.77
49 6 0 503.75 576.25 0 235.02 57.49 0 496.42 322.85 0 565.00 235.02 0 74.24 591.23 0 98.75 421.25
50 4 0 491.26 323.80 0 227.51 56.49 0 496.25 571.26 0 481.28 355.01
