1 0
2 3 0 36.26 243.75 0 621.47 71.28 0 141.25 31.23
3 2 0 43.75 242.52 0 628.61 71.26
4 2 0 627.49 69.87 0 46.26 238.74
5 2 0 41.26 233.75 0 16.25 541.27
6 4 0 618.75 66.26 0 38.72 233.75 0 40.03 234.79 0 13.74 543.73
7 3 0 45.01 233.74 0 20.00 541.24 0 621.25 67.44
8 4 0 41.25 241.25 0 616.47 75.86 0 390.00 571.26 0 16.26 548.97
9 4 0 48.75 233.76 0 23.74 543.74 0 623.63 69.56 0 396.25 564.99
10 2 0 618.74 68.75 0 21.24 542.20
11 4 0 618.76 71.17 0 47.54 233.75 0 391.23 561.96 0 23.73 541.22
12 4 0 53.72 234.98 0 621.26 73.73 0 621.26 71.88 0 27.50 543.77
13 2 0 54.87 236.26 0 621.26 76.26
14 2 0 51.25 243.71 0 616.37 81.49
15 4 0 51.24 231.25 0 616.26 73.75 0 387.49 563.75 0 26.32 541.26
16 7 0 51.26 241.92 0 5.75 165.44 0 613.75 83.76 0 416.37 186.32 0 142.51 31.28 0 76.27 111.24 0 381.24 93.73
17 3 0 608.77 78.75 0 597.48 45.02 0 637.02 294.22
18 3 0 60.00 236.26 0 618.76 81.23 0 35.00 546.34
19 3 0 610.00 85.01 0 636.98 297.24 0 636.58 454.09
20 1 0 596.25 41.28
21 4 0 30.00 550.01 0 598.73 48.77 0 608.76 88.71 0 141.25 30.00
22 4 0 63.74 236.24 0 616.27 83.77 0 75.00 522.53 0 269.98 458.30
23 3 0 56.26 233.75 0 31.26 543.74 0 607.50 81.20
24 1 0 606.29 88.74
25 4 0 56.28 235.67 0 605.04 86.24 0 373.02 568.76 0 31.26 546.28
26 3 0 66.15 241.24 0 183.71 158.76 0 612.97 91.27
27 4 0 67.50 239.97 0 42.48 551.21 0 611.46 92.02 0 118.74 18.76
28 5 0 67.95 232.50 0 611.25 86.26 0 378.75 565.01 0 121.27 13.76 0 43.75 543.74
29 2 0 70.00 233.76 0 378.76 566.28
30 4 0 71.25 237.44 0 82.51 107.50 0 611.29 91.24 0 378.73 570.06
31 3 0 70.01 231.26 0 626.23 493.77 0 142.50 491.26
32 4 0 618.75 498.75 0 596.38 46.24 0 113.75 21.33 0 601.80 93.76
33 3 0 626.23 491.27 0 121.32 18.77 0 71.23 231.25
34 5 0 621.25 491.25 0 602.50 89.98 0 116.25 18.75 0 637.29 289.16 0 368.76 563.74
35 9 0 596.24 46.22 0 364.96 570.00 0 618.78 493.78 0 71.25 108.67 0 598.43 96.46 0 66.24 236.28 0 413.73 183.75 0 637.03 296.48 0 138.74 26.70
36 8 0 618.76 491.27 0 596.24 43.92 0 261.26 33.74 0 372.49 557.52 0 636.87 293.99 0 113.73 23.72 0 413.76 181.27 0 597.56 94.76
37 5 0 143.70 31.26 0 623.73 496.24 0 118.70 29.90 0 452.39 82.30 0 418.73 186.33
38 3 0 78.73 236.24 0 73.97 524.96 0 82.52 107.51
39 6 0 626.26 486.23 0 78.75 231.24 0 605.01 94.60 0 121.26 23.73 0 368.77 564.99 0 55.23 543.12
40 4 0 73.75 238.73 0 598.73 103.63 0 141.25 29.73 0 523.72 266.99
41 2 0 78.74 231.17 0 78.74 101.25
42 6 0 73.74 233.76 0 618.74 486.26 0 594.65 100.68 0 114.98 30.01 0 357.46 570.01 0 48.76 546.25
43 7 0 122.50 37.49 0 80.35 239.97 0 600.05 107.35 0 626.23 491.27 0 623.89 491.26 0 361.26 573.72 0 361.25 576.25
44 6 0 597.52 106.41 0 452.52 82.49 0 118.70 37.49 0 358.75 576.24 0 142.79 31.27 0 418.74 186.61
45 5 0 598.72 108.91 0 121.29 37.50 0 602.49 50.00 0 81.26 239.85 0 143.75 31.24
46 5 0 78.75 238.77 0 593.75 108.75 0 118.21 37.51 0 621.24 486.24 0 353.76 573.74
47 4 0 80.01 231.27 0 593.75 101.26 0 351.24 566.25 0 118.71 33.75
48 2 0 86.25 238.75 0 598.71 109.36
49 2 0 90.02 234.19 0 358.73 571.29
50 1 0 91.26 233.78
