1 0
2 0
3 0
4 0
5 0
6 0
7 0
8 0
9 0
10 0
11 0
12 0
13 0
14 0
15 0
16 0
17 1 0 91.23 623.74
18 1 0 91.23 623.71
19 1 0 91.26 623.14
20 1 0 621.25 386.27
21 1 0 92.55 623.54
22 2 0 93.74 621.24 0 623.66 421.82
23 1 0 622.19 421.25
24 2 0 621.25 421.26 0 96.27 618.76
25 1 0 620.01 421.26
26 2 0 276.28 17.50 0 618.76 421.27
27 3 0 277.45 19.22 0 616.58 421.27 0 98.77 616.25
28 3 0 277.48 20.02 0 616.30 421.25 0 98.76 616.28
29 2 0 277.54 20.00 0 33.75 498.76
30 2 0 278.74 21.80 0 613.61 420.00
31 2 0 280.00 22.50 0 612.51 419.00
32 2 0 279.99 23.20 0 612.50 418.78
33 3 0 281.26 23.74 0 611.26 418.75 0 280.02 24.99
34 2 0 281.40 24.96 0 610.91 418.75
35 3 0 282.51 25.63 0 610.01 418.74 0 103.74 611.24
36 1 0 282.53 26.34
37 1 0 283.74 27.52
38 2 0 284.92 27.47 0 106.24 610.02
39 3 0 284.96 28.78 0 107.49 610.20 0 606.23 416.26
40 3 0 285.01 30.01 0 107.50 610.02 0 606.20 416.27
41 3 0 286.27 29.99 0 603.76 416.26 0 109.13 609.92
42 3 0 287.47 31.19 0 602.97 416.27 0 109.74 608.76
43 2 0 287.48 32.50 0 109.84 606.23
44 2 0 287.49 32.48 0 109.98 605.02
45 3 0 288.74 33.75 0 109.97 605.01 0 601.25 413.75
46 1 0 289.98 35.01
47 3 0 289.99 35.00 0 597.70 413.77 0 113.78 603.76
48 3 0 290.01 35.49 0 597.49 412.50 0 113.78 602.99
49 3 0 291.31 36.25 0 597.46 412.50 0 114.94 602.54
50 3 0 292.50 37.49 0 596.25 412.50 0 114.99 602.12
