1 0
2 1 0 66.25 325.03
3 2 0 67.03 325.06 0 446.25 66.27
4 4 0 68.64 323.76 0 446.26 67.30 0 357.49 90.01 0 546.24 612.50
5 2 0 69.93 322.52 0 445.01 69.18
6 2 0 70.07 322.52 0 445.09 69.98
7 2 0 72.48 322.27 0 446.26 71.24
8 1 0 73.74 321.31
9 2 0 74.99 321.24 0 445.00 75.00
10 2 0 76.25 321.28 0 445.00 76.24
11 2 0 443.77 77.51 0 77.51 320.00
12 3 0 442.51 77.47 0 78.76 318.75 0 79.42 320.00
13 3 0 81.26 318.76 0 341.25 86.25 0 441.24 81.24
14 3 0 137.48 16.16 0 82.46 317.56 0 442.51 84.96
15 3 0 137.47 17.51 0 83.75 318.28 0 441.28 85.01
16 3 0 137.22 18.76 0 85.03 317.51 0 442.50 85.02
17 2 0 136.26 21.24 0 86.26 317.23
18 2 0 136.27 21.30 0 88.78 316.24
19 3 0 136.27 23.62 0 88.77 316.25 0 330.03 85.00
20 3 0 136.24 24.94 0 91.24 315.03 0 438.73 91.26
21 3 0 136.17 26.28 0 92.50 313.78 0 438.73 93.76
22 2 0 93.74 313.74 0 135.00 27.78
23 3 0 135.00 30.02 0 95.01 313.75 0 437.50 96.26
24 3 0 134.81 31.26 0 96.25 313.74 0 437.47 98.74
25 6 0 133.74 32.49 0 435.00 100.00 0 322.50 85.01 0 183.77 623.75 0 98.75 313.73 0 98.75 311.22
26 5 0 133.75 33.80 0 99.20 311.24 0 437.48 101.17 0 395.02 618.87 0 183.81 622.50
27 5 0 101.25 311.24 0 133.74 36.23 0 183.74 621.25 0 436.28 103.74 0 396.23 616.26
28 4 0 133.76 37.49 0 102.50 311.27 0 317.50 83.83 0 183.70 618.75
29 4 0 133.73 38.78 0 103.79 310.37 0 397.49 612.77 0 435.00 107.49
30 5 0 133.75 40.09 0 105.83 310.00 0 397.47 612.51 0 435.02 107.49 0 182.48 616.25
31 5 0 132.51 42.49 0 107.53 308.76 0 397.48 611.24 0 181.24 614.20 0 433.76 109.96
32 6 0 132.50 43.73 0 108.74 310.00 0 181.25 613.76 0 397.49 610.01 0 433.75 111.26 0 310.55 84.11
33 5 0 132.49 45.03 0 109.98 308.46 0 181.24 612.49 0 310.00 82.51 0 398.74 608.77
34 6 0 132.49 47.37 0 178.76 611.28 0 307.49 82.50 0 112.52 308.70 0 434.99 115.00 0 398.70 605.00
35 6 0 132.50 48.73 0 178.75 608.75 0 113.74 307.49 0 401.25 603.76 0 434.53 115.92 0 242.52 596.52
36 5 0 131.25 50.03 0 115.00 307.51 0 402.51 602.50 0 178.73 608.75 0 431.26 117.48
37 6 0 131.75 51.25 0 116.25 306.25 0 429.97 117.49 0 177.43 606.26 0 302.20 81.78 0 402.50 601.28
38 6 0 131.23 52.49 0 116.24 306.28 0 299.95 82.52 0 176.25 605.78 0 429.98 122.51 0 402.49 598.75
39 6 0 131.25 54.98 0 429.98 122.51 0 176.26 603.77 0 118.75 306.27 0 402.49 597.50 0 298.77 82.51
40 6 0 130.04 56.26 0 176.25 601.26 0 405.00 597.50 0 429.98 124.09 0 121.26 306.22 0 298.75 81.30
41 7 0 130.03 57.50 0 405.01 595.02 0 429.93 125.00 0 176.27 601.28 0 121.78 305.00 0 293.68 81.98 0 175.02 600.43
42 6 0 130.01 58.75 0 123.75 304.56 0 404.99 594.98 0 292.50 82.51 0 176.25 598.74 0 427.50 126.24
43 6 0 130.03 61.25 0 126.00 303.74 0 173.74 597.16 0 289.98 82.49 0 427.49 128.73 0 406.22 593.77
44 6 0 129.98 62.47 0 126.24 303.74 0 173.75 596.23 0 427.49 130.00 0 405.02 589.81 0 292.47 82.51
45 5 0 128.78 63.75 0 172.54 593.83 0 427.50 132.51 0 128.75 303.74 0 406.25 588.74
46 6 0 128.75 65.14 0 128.81 302.49 0 173.55 593.74 0 426.30 133.81 0 285.00 82.51 0 406.27 587.51
47 4 0 128.76 67.52 0 131.26 303.51 0 171.26 591.25 0 426.27 136.26
48 4 0 128.75 68.76 0 170.71 590.00 0 132.53 301.68 0 408.79 583.74
49 6 0 128.73 70.02 0 170.26 588.74 0 133.76 301.26 0 410.01 581.26 0 282.01 81.63 0 423.73 138.76
50 4 0 127.54 71.25 0 136.25 301.24 0 170.01 587.12 0 410.03 580.02
