1 0
2 0
3 1 0 141.27 305.00
4 1 0 142.48 304.77
5 2 0 142.50 303.74 0 473.74 128.77
6 2 0 143.21 302.48 0 473.74 128.77
7 1 0 142.50 302.45
8 3 0 143.72 301.27 0 471.22 129.99 0 128.74 148.75
9 3 0 143.79 299.99 0 469.99 131.26 0 130.01 150.00
10 3 0 143.78 299.43 0 469.99 132.49 0 130.03 149.96
11 3 0 144.93 298.39 0 469.97 132.50 0 130.00 149.97
12 3 0 145.00 297.50 0 468.74 132.50 0 131.24 151.25
13 3 0 145.49 296.26 0 467.52 133.75 0 131.33 151.20
14 3 0 146.23 295.61 0 466.26 133.76 0 132.52 153.79
15 2 0 146.22 294.99 0 133.27 154.99
16 3 0 146.23 293.86 0 466.25 136.25 0 133.76 153.75
17 3 0 147.48 292.52 0 463.76 138.76 0 197.49 579.99
18 2 0 147.49 292.51 0 463.74 138.76
19 3 0 147.48 291.26 0 463.72 138.75 0 136.25 156.26
20 3 0 148.74 289.99 0 463.73 138.79 0 138.79 156.25
21 3 0 148.72 288.76 0 461.26 139.99 0 138.77 156.25
22 5 0 149.60 288.76 0 461.27 141.26 0 138.77 157.49 0 437.51 18.74 0 284.98 23.71
23 5 0 149.99 287.51 0 461.24 141.27 0 438.71 18.76 0 496.26 621.25 0 138.74 158.75
24 4 0 149.98 286.25 0 438.69 18.79 0 461.25 141.81 0 284.02 23.75
25 4 0 150.00 286.27 0 461.25 143.56 0 438.74 21.24 0 141.24 161.25
26 4 0 151.23 285.00 0 458.76 143.76 0 438.74 21.25 0 140.01 162.42
27 5 0 151.25 284.01 0 141.23 161.29 0 458.75 143.73 0 493.63 618.97 0 438.74 23.72
28 5 0 152.42 282.61 0 457.53 146.22 0 438.74 23.59 0 492.48 618.84 0 623.74 453.76
29 3 0 152.51 282.50 0 458.75 146.26 0 143.74 163.76
30 5 0 152.50 281.31 0 456.25 146.25 0 143.74 163.76 0 438.77 26.23 0 490.00 616.26
31 5 0 152.51 279.99 0 490.32 616.25 0 146.25 164.99 0 438.72 26.24 0 620.12 452.49
32 6 0 153.75 279.96 0 441.24 27.68 0 619.99 449.98 0 290.00 29.96 0 453.75 148.03 0 143.73 165.00
33 6 0 153.76 278.71 0 289.99 29.99 0 619.64 449.99 0 441.27 28.74 0 453.75 148.74 0 146.28 165.01
34 6 0 154.99 277.48 0 441.27 28.74 0 453.75 149.96 0 490.00 613.75 0 146.38 165.01 0 618.78 449.99
35 6 0 154.99 277.49 0 453.75 151.26 0 441.25 31.17 0 488.74 613.76 0 618.71 448.77 0 147.50 166.26
36 4 0 155.02 276.27 0 452.44 151.21 0 486.26 611.26 0 441.26 31.25
37 6 0 156.29 275.06 0 451.25 151.27 0 147.50 169.31 0 486.22 611.24 0 616.29 446.26 0 441.28 31.26
38 5 0 156.24 274.98 0 441.25 33.77 0 484.99 612.50 0 451.28 153.76 0 148.75 168.85
39 7 0 157.46 273.77 0 442.50 35.02 0 451.28 153.76 0 484.99 611.05 0 149.99 170.01 0 612.51 445.26 0 292.52 34.96
40 7 0 157.49 272.50 0 149.98 170.01 0 449.21 153.77 0 443.74 35.01 0 485.02 610.01 0 612.52 446.27 0 293.77 36.27
41 6 0 157.54 272.12 0 612.52 445.01 0 444.74 34.97 0 448.76 155.86 0 485.03 610.02 0 151.23 170.00
42 6 0 158.75 271.26 0 450.01 155.08 0 482.51 610.01 0 612.52 444.97 0 442.52 37.50 0 151.26 171.26
43 6 0 158.74 270.01 0 610.03 444.96 0 442.64 38.74 0 448.77 156.25 0 482.50 608.75 0 153.74 171.28
44 4 0 159.87 270.03 0 154.99 172.49 0 612.52 442.49 0 446.26 156.28
45 6 0 159.97 268.76 0 610.00 442.50 0 446.23 158.78 0 155.00 172.49 0 443.53 41.28 0 482.38 606.28
46 6 0 446.25 158.75 0 160.29 267.52 0 610.01 442.51 0 155.00 172.50 0 443.70 41.80 0 481.26 606.25
47 4 0 161.23 267.51 0 445.01 42.49 0 478.02 603.57 0 609.99 442.51
48 5 0 162.40 266.25 0 444.99 42.57 0 478.71 605.02 0 609.46 442.37 0 298.76 42.50
49 5 0 162.49 264.99 0 443.76 161.28 0 445.01 44.98 0 477.50 605.01 0 157.84 176.27
50 6 0 162.49 264.32 0 442.50 162.50 0 477.50 602.52 0 298.82 44.91 0 446.25 46.23 0 158.72 176.26
