1 0
2 1 0 427.50 77.49
3 2 0 475.57 81.29 0 423.74 77.47
4 3 0 471.24 86.22 0 420.01 81.29 0 521.25 356.26
5 3 0 478.72 93.83 0 525.00 362.51 0 426.26 88.77
6 3 0 471.22 93.75 0 418.73 88.77 0 518.71 361.25
7 4 0 478.73 91.26 0 525.02 357.49 0 423.73 86.24 0 463.75 531.26
8 5 0 468.73 96.27 0 413.72 91.24 0 456.24 533.77 0 415.15 90.77 0 63.72 301.21
9 2 0 476.24 96.26 0 422.53 88.75
10 3 0 473.76 91.48 0 418.75 86.26 0 71.24 291.25
11 4 0 460.00 532.49 0 515.01 357.56 0 470.65 102.46 0 413.74 96.26
12 3 0 73.74 21.26 0 471.25 102.50 0 416.24 96.25
13 5 0 463.74 97.49 0 406.27 91.26 0 67.49 16.26 0 63.74 293.76 0 458.75 518.76
14 5 0 467.48 106.28 0 508.73 356.27 0 409.98 98.75 0 72.49 23.76 0 461.24 526.25
15 5 0 468.74 98.75 0 411.25 91.25 0 76.24 16.10 0 463.74 513.77 0 70.00 291.23
16 3 0 468.73 107.53 0 411.26 98.75 0 78.74 23.74
17 5 0 401.23 98.67 0 73.76 22.02 0 458.76 103.76 0 399.99 97.54 0 458.76 105.92
18 3 0 83.75 23.73 0 468.75 108.57 0 408.77 98.75
19 3 0 82.00 28.72 0 466.26 111.24 0 406.26 103.04
20 4 0 466.27 108.75 0 86.22 24.04 0 408.74 98.76 0 406.81 98.77
21 4 0 458.76 113.75 0 398.73 103.74 0 79.97 29.96 0 66.25 301.26
22 4 0 86.25 22.47 0 463.72 108.76 0 402.50 98.75 0 71.21 292.48
23 4 0 458.75 118.75 0 397.50 108.82 0 84.98 32.52 0 68.72 301.21
24 5 0 83.74 26.28 0 391.25 101.25 0 453.76 111.25 0 63.74 293.78 0 449.03 151.22
25 3 0 86.23 33.74 0 391.25 110.46 0 454.03 121.25
26 6 0 86.24 34.94 0 453.75 121.26 0 390.05 111.24 0 547.49 331.59 0 620.00 206.23 0 463.73 503.73
27 5 0 18.77 188.75 0 458.74 123.75 0 93.74 36.28 0 396.27 111.24 0 471.25 503.74
28 5 0 88.77 37.95 0 618.75 209.99 0 453.72 125.06 0 14.44 189.20 0 388.76 113.73
29 6 0 16.25 181.27 0 90.32 31.13 0 451.24 118.72 0 616.23 202.50 0 387.51 106.29 0 614.31 202.11
30 5 0 22.83 189.45 0 71.23 301.24 0 456.25 128.75 0 97.53 39.25 0 620.00 212.50
31 4 0 100.02 36.25 0 26.29 186.25 0 457.64 125.02 0 26.94 184.99
32 6 0 611.25 206.27 0 448.76 122.06 0 21.24 181.47 0 93.77 33.76 0 381.24 109.99 0 66.24 292.80
33 5 0 446.24 126.24 0 608.76 211.26 0 93.75 38.75 0 21.23 186.27 0 63.74 296.24
34 6 0 611.23 216.35 0 448.73 133.76 0 477.49 340.00 0 24.98 191.24 0 470.02 492.47 0 98.67 45.01
35 5 0 33.74 188.73 0 106.26 41.26 0 616.25 213.74 0 73.76 296.26 0 32.48 188.09
36 4 0 610.70 208.76 0 68.75 291.24 0 30.12 183.69 0 101.27 37.46
37 5 0 36.26 188.52 0 613.14 213.76 0 107.50 42.09 0 452.47 132.50 0 477.49 482.50
38 5 0 36.25 191.24 0 611.25 218.76 0 449.98 138.59 0 108.76 46.24 0 620.07 28.76
39 6 0 29.93 189.96 0 101.04 45.02 0 600.00 217.50 0 467.51 332.52 0 439.98 136.27 0 371.27 121.26
40 5 0 31.24 190.12 0 101.26 44.30 0 598.76 218.76 0 439.24 136.27 0 371.24 118.76
41 5 0 601.27 223.74 0 441.28 143.44 0 106.26 51.28 0 36.22 195.08 0 66.23 301.28
42 8 0 111.25 41.98 0 467.48 324.99 0 602.44 216.28 0 38.73 186.26 0 372.50 118.74 0 442.98 134.96 0 476.21 468.82 0 610.31 21.52
43 6 0 442.31 146.24 0 40.69 196.25 0 598.72 226.30 0 111.21 53.76 0 370.00 131.25 0 93.47 587.12
44 5 0 36.24 193.78 0 108.73 51.26 0 436.24 143.74 0 593.76 223.80 0 366.21 128.77
45 8 0 41.26 196.26 0 436.25 148.59 0 593.75 227.98 0 460.00 331.50 0 109.97 55.00 0 366.24 130.08 0 602.48 31.25 0 33.73 498.75
46 6 0 441.27 148.77 0 117.48 56.26 0 48.75 197.50 0 71.21 301.26 0 369.99 132.51 0 598.80 228.74
47 8 0 593.74 221.27 0 46.28 188.75 0 116.25 48.75 0 67.50 291.90 0 438.73 142.59 0 601.29 21.45 0 551.11 321.42 0 365.00 124.99
48 5 0 52.60 194.97 0 598.74 228.74 0 441.26 148.85 0 370.03 130.01 0 122.52 55.90
49 5 0 116.25 51.26 0 46.78 190.00 0 66.26 291.24 0 590.92 223.75 0 433.76 146.26
50 7 0 435.02 156.26 0 591.24 233.74 0 52.45 200.02 0 453.73 330.04 0 120.59 61.24 0 361.25 136.30 0 597.41 33.69
