1 0
2 1 0 231.24 571.26
3 1 0 233.75 566.26
4 3 0 236.25 563.76 0 135.07 265.05 0 242.49 522.51
5 5 0 134.99 270.02 0 233.75 566.25 0 96.27 283.77 0 242.49 526.24 0 234.44 567.47
6 4 0 138.75 270.77 0 237.50 565.01 0 246.24 528.75 0 100.70 283.76
7 4 0 138.73 270.02 0 236.24 561.69 0 98.77 282.14 0 246.24 526.25
8 4 0 139.98 268.71 0 236.65 558.73 0 101.25 277.48 0 248.75 526.18
9 5 0 238.74 558.74 0 142.52 272.55 0 323.64 3.37 0 252.52 525.01 0 103.73 281.28
10 4 0 238.72 553.76 0 145.05 268.74 0 253.75 523.75 0 103.75 276.27
11 5 0 243.75 555.38 0 149.98 272.55 0 111.00 278.76 0 258.75 526.22 0 132.51 517.50
12 4 0 109.98 277.50 0 147.50 273.77 0 241.26 553.74 0 258.74 526.25
13 4 0 260.00 523.50 0 149.95 271.26 0 241.26 548.75 0 110.00 273.77
14 4 0 151.22 273.76 0 242.51 548.75 0 260.08 525.00 0 111.23 275.54
15 5 0 153.74 276.25 0 243.75 548.04 0 115.00 273.73 0 263.69 526.22 0 152.47 275.66
16 4 0 248.75 546.27 0 269.98 525.00 0 159.98 274.39 0 121.26 271.25
17 5 0 157.46 276.26 0 246.20 543.75 0 267.49 523.73 0 116.27 271.24 0 116.27 273.72
18 4 0 245.01 540.01 0 268.75 522.70 0 158.64 273.92 0 117.58 268.88
19 3 0 166.26 276.24 0 277.52 523.70 0 251.25 538.74
20 4 0 165.04 273.86 0 277.51 522.52 0 248.76 533.74 0 125.83 266.74
21 4 0 169.99 277.49 0 129.54 267.49 0 281.24 523.80 0 253.76 536.16
22 5 0 281.26 526.26 0 168.76 281.26 0 252.28 536.26 0 129.99 268.78 0 253.73 534.88
23 3 0 173.56 277.50 0 253.76 531.20 0 133.75 263.76
24 4 0 172.49 281.95 0 253.73 532.51 0 132.50 268.76 0 284.99 524.99
25 5 0 176.26 281.25 0 256.70 528.77 0 288.74 525.02 0 136.77 266.27 0 51.50 242.55
26 3 0 290.91 525.01 0 178.75 281.30 0 258.74 526.25
27 5 0 176.29 281.23 0 254.30 523.75 0 136.26 261.27 0 256.12 523.75 0 286.24 523.73
28 5 0 18.75 346.24 0 259.34 523.75 0 182.50 283.75 0 296.24 526.18 0 141.29 263.75
29 5 0 18.75 343.21 0 258.75 518.74 0 182.02 278.93 0 292.54 522.50 0 141.25 258.76
30 5 0 20.90 343.41 0 258.74 516.24 0 183.72 281.23 0 296.25 521.29 0 143.72 256.46
31 5 0 23.73 343.75 0 300.01 522.51 0 186.71 282.49 0 147.49 256.25 0 261.24 514.98
32 6 0 22.49 346.25 0 258.75 514.02 0 298.78 523.76 0 146.26 258.75 0 186.26 285.00 0 183.72 284.19
33 6 0 26.25 343.75 0 188.73 282.50 0 261.24 509.97 0 149.35 254.47 0 303.67 521.49 0 149.50 256.20
34 5 0 31.24 345.12 0 307.50 522.51 0 266.25 509.99 0 193.76 284.99 0 191.24 283.77
35 5 0 33.75 346.26 0 266.25 508.76 0 196.24 285.02 0 309.99 523.77 0 154.99 253.76
36 5 0 34.98 345.69 0 197.49 285.01 0 267.48 506.27 0 156.20 252.52 0 311.24 521.38
37 5 0 37.46 348.61 0 267.50 507.49 0 313.75 525.00 0 157.50 253.53 0 198.75 288.75
38 4 0 37.48 350.02 0 266.37 506.27 0 313.74 525.70 0 201.01 289.71
39 5 0 268.70 498.76 0 38.74 345.01 0 316.23 521.22 0 201.28 283.77 0 161.57 249.88
40 5 0 40.02 344.99 0 267.65 498.75 0 316.22 521.23 0 161.25 248.75 0 201.32 286.25
41 8 0 42.52 350.01 0 270.11 501.26 0 205.01 291.26 0 325.90 3.40 0 163.87 253.57 0 318.75 523.75 0 321.23 524.90 0 292.50 612.52
42 4 0 46.09 345.13 0 323.73 521.34 0 272.47 493.82 0 208.77 288.75
43 4 0 47.51 349.96 0 326.25 526.24 0 273.75 496.26 0 209.38 293.01
44 4 0 49.07 350.63 0 211.17 294.00 0 326.25 526.23 0 273.75 494.20
45 4 0 52.50 348.73 0 275.02 491.25 0 331.23 526.14 0 214.82 292.55
46 6 0 51.25 351.24 0 273.75 491.26 0 328.75 526.25 0 171.25 249.92 0 213.72 296.15 0 213.76 294.16
47 5 0 56.27 350.01 0 218.75 292.52 0 333.74 525.01 0 277.63 488.52 0 92.80 222.90
48 5 0 56.59 351.21 0 218.78 296.26 0 276.25 488.50 0 333.74 526.22 0 93.72 223.74
49 4 0 58.75 346.25 0 278.73 481.25 0 219.97 291.25 0 336.26 521.49
50 5 0 61.25 351.26 0 340.01 526.24 0 278.74 483.73 0 223.71 296.26 0 98.76 221.25
