1 0
2 3 0 497.50 437.50 0 602.52 347.49 0 469.38 530.14
3 2 0 494.89 433.78 0 597.49 347.51
4 2 0 492.25 430.03 0 593.74 349.34
5 3 0 488.73 425.05 0 591.22 351.22 0 459.98 517.50
6 2 0 485.04 421.30 0 583.74 353.75
7 2 0 482.50 417.49 0 580.00 356.02
8 3 0 479.87 412.50 0 452.50 506.94 0 576.26 356.30
9 3 0 476.29 408.77 0 570.14 358.75 0 449.62 501.22
10 3 0 473.76 404.98 0 444.99 498.76 0 566.25 361.29
11 2 0 470.01 399.99 0 562.45 362.53
12 3 0 467.51 396.24 0 557.49 365.02 0 438.71 490.22
13 4 0 464.00 392.52 0 435.01 486.23 0 551.22 366.29 0 569.15 348.92
14 2 0 461.24 387.58 0 547.49 370.00
15 3 0 457.52 384.96 0 429.99 477.51 0 543.66 371.20
16 2 0 455.02 380.03 0 539.99 372.49
17 2 0 452.49 375.01 0 533.75 373.75
18 2 0 448.84 371.25 0 418.77 467.11
19 3 0 445.70 367.50 0 523.78 376.30 0 523.76 374.06
20 3 0 442.49 362.48 0 518.75 378.81 0 413.61 458.75
21 2 0 440.01 358.81 0 516.00 381.24
22 2 0 436.76 355.02 0 510.42 383.74
23 2 0 433.95 349.99 0 506.25 386.23
24 2 0 429.99 347.49 0 501.30 386.34
25 2 0 427.50 342.48 0 497.75 388.76
26 3 0 424.94 338.22 0 491.08 390.01 0 395.01 435.01
27 2 0 421.44 333.90 0 422.34 335.01
28 2 0 418.75 330.00 0 482.51 395.01
29 2 0 415.01 325.18 0 477.50 396.46
30 2 0 412.51 322.49 0 381.22 420.00
31 1 0 409.96 317.51
32 2 0 406.24 313.44 0 466.24 401.25
33 3 0 402.52 310.03 0 460.01 403.75 0 147.48 285.01
34 3 0 400.01 305.01 0 452.53 402.55 0 227.49 613.78
35 1 0 397.48 301.25
36 2 0 394.98 297.50 0 362.52 394.99
37 4 0 391.24 292.50 0 442.51 410.00 0 221.24 598.59 0 358.72 393.76
38 1 0 387.50 288.77
39 2 0 384.99 284.95 0 216.25 593.71
40 3 0 382.48 279.99 0 347.57 381.25 0 425.77 416.90
41 2 0 379.77 275.86 0 212.62 581.21
42 3 0 376.26 272.52 0 211.25 576.26 0 341.30 372.47
43 2 0 372.50 267.52 0 210.52 572.37
44 2 0 370.00 263.74 0 208.74 566.27
45 2 0 367.50 260.02 0 206.21 563.50
46 2 0 363.76 255.00 0 203.79 557.51
47 2 0 360.15 251.30 0 202.50 553.74
48 3 0 357.50 247.50 0 201.27 548.46 0 322.08 347.55
49 2 0 354.99 242.48 0 198.69 545.88
50 2 0 352.43 238.72 0 197.48 538.79
