1 0
2 4 0 111.23 386.27 0 66.26 38.75 0 501.11 458.75 0 63.75 163.77
3 3 0 71.24 42.70 0 116.25 390.47 0 486.23 222.59
4 5 0 114.77 387.57 0 68.74 41.27 0 496.26 458.75 0 481.25 220.03 0 66.26 166.27
5 4 0 118.75 391.25 0 73.76 44.19 0 482.49 225.04 0 497.36 461.25
6 5 0 482.39 221.26 0 121.24 386.24 0 76.26 39.98 0 496.26 453.76 0 74.95 163.78
7 5 0 74.99 43.75 0 477.50 224.99 0 119.98 389.18 0 491.24 457.76 0 71.08 165.08
8 5 0 126.26 389.91 0 81.23 44.99 0 478.77 227.46 0 77.51 164.99 0 493.75 456.27
9 6 0 126.25 389.97 0 474.98 228.73 0 81.26 45.92 0 491.17 456.25 0 79.99 44.99 0 77.51 166.22
10 5 0 82.37 41.24 0 472.51 224.98 0 127.47 384.79 0 488.74 449.98 0 78.75 163.76
11 4 0 130.01 388.76 0 84.94 45.48 0 472.49 231.09 0 488.52 453.73
12 5 0 133.78 385.00 0 472.49 227.50 0 88.74 42.50 0 487.51 448.74 0 86.25 163.73
13 6 0 133.22 389.27 0 88.78 46.26 0 483.77 451.25 0 467.67 232.51 0 86.25 166.23 0 89.46 47.48
14 5 0 132.49 386.29 0 463.74 230.00 0 87.51 44.96 0 478.72 446.26 0 84.99 163.75
15 5 0 90.01 44.56 0 462.50 231.24 0 477.48 445.20 0 133.73 385.02 0 86.20 163.74
16 5 0 140.00 387.73 0 465.00 235.02 0 95.01 47.51 0 92.50 165.02 0 481.23 448.76
17 5 0 138.75 383.75 0 460.01 233.78 0 93.77 43.77 0 474.98 443.47 0 91.25 162.52
18 5 0 458.72 233.77 0 96.25 43.75 0 141.24 383.74 0 473.75 441.26 0 93.68 162.47
19 7 0 456.27 237.53 0 142.45 386.25 0 471.25 443.75 0 97.52 46.25 0 96.26 163.77 0 13.80 16.29 0 16.03 16.27
20 6 0 148.76 383.75 0 103.73 45.00 0 459.99 236.27 0 101.27 161.25 0 21.26 14.06 0 473.74 438.76
21 6 0 149.99 383.75 0 457.50 237.48 0 106.21 44.98 0 22.44 16.25 0 473.76 438.74 0 103.73 161.31
22 6 0 147.48 383.76 0 452.49 239.99 0 102.49 46.23 0 18.77 18.75 0 101.25 161.74 0 466.25 437.51
23 5 0 106.37 49.97 0 452.51 243.74 0 151.23 386.27 0 23.73 21.24 0 466.26 438.76
24 5 0 451.25 245.01 0 153.78 386.32 0 109.97 50.01 0 466.25 438.75 0 23.73 23.71
25 7 0 156.26 381.26 0 450.01 242.44 0 112.27 45.02 0 27.23 19.99 0 108.74 161.25 0 18.75 412.49 0 466.27 431.28
26 8 0 113.76 50.01 0 158.75 386.25 0 448.83 247.55 0 21.17 418.76 0 28.75 25.63 0 463.74 436.23 0 110.65 165.00 0 437.50 619.99
27 7 0 161.26 382.51 0 448.07 245.06 0 117.46 47.49 0 463.74 431.24 0 115.05 161.27 0 22.50 416.24 0 32.53 24.50
28 7 0 113.76 49.99 0 442.48 247.60 0 158.76 383.94 0 20.01 418.79 0 28.74 28.73 0 113.76 161.74 0 457.31 431.25
29 8 0 442.50 250.17 0 118.74 51.25 0 162.50 385.15 0 117.50 164.17 0 23.74 421.26 0 31.23 30.50 0 458.75 433.74 0 458.75 431.75
30 7 0 166.22 381.24 0 442.48 247.50 0 121.25 47.49 0 33.76 26.26 0 26.27 418.75 0 457.52 426.26 0 121.22 158.10
31 8 0 167.49 380.02 0 122.51 46.89 0 28.74 418.76 0 121.26 158.74 0 36.25 27.51 0 440.58 248.58 0 454.89 426.27 0 435.02 605.02
32 7 0 437.47 250.01 0 167.51 380.02 0 122.51 47.39 0 27.50 420.11 0 121.26 158.73 0 451.25 424.20 0 35.54 31.25
33 7 0 435.01 252.49 0 123.75 48.76 0 168.75 380.01 0 448.75 423.76 0 121.27 158.73 0 28.76 421.24 0 36.27 31.23
34 8 0 437.47 252.52 0 173.75 380.04 0 128.84 47.46 0 451.24 423.74 0 128.78 158.74 0 42.21 33.78 0 33.76 423.70 0 4.17 458.97
35 7 0 435.00 253.76 0 175.01 378.76 0 129.99 48.77 0 41.26 33.78 0 33.76 423.75 0 128.74 157.51 0 448.74 421.26
36 10 0 129.95 48.80 0 175.02 379.64 0 431.88 254.99 0 444.98 420.00 0 41.27 33.75 0 128.75 158.02 0 33.76 426.27 0 433.57 597.77 0 430.85 598.73 0 430.19 601.00
37 6 0 178.00 383.30 0 432.51 261.23 0 133.75 53.75 0 38.28 431.25 0 445.13 422.45 0 132.49 162.52
38 5 0 182.47 381.28 0 432.49 260.05 0 137.52 51.25 0 446.21 419.83 0 41.27 431.04
39 7 0 178.74 380.63 0 426.24 262.21 0 134.95 51.25 0 37.50 431.23 0 45.02 42.40 0 438.74 417.52 0 133.73 158.77
40 6 0 181.26 382.35 0 136.29 53.74 0 424.99 264.96 0 438.71 418.75 0 41.26 433.76 0 46.22 45.01
41 8 0 141.26 53.73 0 426.25 266.26 0 186.27 382.65 0 44.99 436.25 0 438.74 418.75 0 50.06 46.25 0 437.40 274.99 0 138.77 161.59
42 6 0 188.73 378.75 0 143.74 50.04 0 426.25 263.74 0 53.54 43.76 0 437.50 413.74 0 143.02 156.23
43 8 0 191.24 378.75 0 146.26 51.25 0 48.77 433.77 0 425.02 266.25 0 436.25 412.50 0 147.49 156.26 0 56.25 46.25 0 54.36 46.26
44 8 0 419.99 267.98 0 188.15 380.00 0 429.98 412.50 0 143.74 52.49 0 46.24 436.24 0 143.73 158.74 0 51.23 46.48 0 51.27 48.33
45 7 0 417.51 270.01 0 189.97 378.78 0 428.75 411.26 0 145.17 52.51 0 48.75 436.26 0 53.71 48.76 0 146.26 156.41
46 9 0 417.51 271.24 0 147.47 53.76 0 192.42 378.95 0 50.25 438.76 0 426.24 411.24 0 146.27 156.27 0 53.73 51.28 0 56.00 51.28 0 427.52 580.03
47 7 0 194.99 377.53 0 416.39 271.02 0 150.00 51.25 0 53.56 436.69 0 426.27 406.25 0 149.97 155.00 0 56.46 50.14
48 6 0 196.22 379.96 0 413.88 276.02 0 423.74 408.75 0 151.26 54.99 0 53.74 441.27 0 58.75 56.26
49 7 0 412.49 277.46 0 197.49 379.42 0 152.61 55.02 0 60.00 56.26 0 56.28 441.21 0 423.73 406.92 0 153.75 158.75
50 7 0 412.51 280.01 0 156.25 56.27 0 200.16 380.03 0 62.16 58.76 0 58.75 443.81 0 156.24 158.75 0 421.25 406.24
