1 0
2 0
3 1 0 53.41 353.77
4 2 0 509.87 397.51 0 51.24 351.23
5 1 0 52.52 350.00
6 2 0 51.31 350.00 0 507.53 397.49
7 5 0 507.50 397.50 0 53.75 349.03 0 162.16 26.27 0 107.51 269.98 0 421.95 75.31
8 4 0 507.49 397.49 0 162.49 27.51 0 52.57 348.80 0 109.98 271.23
9 3 0 110.00 267.50 0 53.66 343.74 0 161.67 23.07
10 4 0 162.49 28.75 0 418.76 75.01 0 110.31 275.02 0 56.26 348.75
11 4 0 162.50 27.50 0 53.76 346.28 0 108.74 273.69 0 501.23 395.03
12 3 0 162.50 26.34 0 53.62 341.24 0 501.23 393.76
13 5 0 503.75 396.24 0 115.01 275.07 0 166.27 31.26 0 56.40 343.78 0 418.75 75.02
14 4 0 164.99 30.00 0 498.78 395.02 0 56.26 343.74 0 111.23 276.24
15 2 0 115.01 277.49 0 501.20 395.02
16 4 0 412.50 75.03 0 501.18 394.27 0 58.74 341.26 0 166.23 33.76
17 4 0 61.25 341.27 0 117.50 277.50 0 498.77 395.00 0 168.77 33.74
18 4 0 165.64 29.98 0 58.74 338.74 0 115.01 275.05 0 496.25 391.08
19 4 0 58.76 336.28 0 410.01 69.99 0 168.75 31.26 0 496.25 390.96
20 4 0 58.75 338.74 0 168.75 35.49 0 117.49 282.50 0 493.74 393.76
21 2 0 58.76 338.73 0 491.32 391.24
22 4 0 491.28 391.24 0 58.77 336.28 0 117.49 282.52 0 168.74 35.00
23 3 0 490.01 390.01 0 59.88 333.74 0 168.77 34.32
24 5 0 122.51 282.48 0 173.75 37.72 0 493.76 391.29 0 63.71 336.23 0 406.24 68.88
25 6 0 122.50 282.54 0 493.76 391.23 0 66.24 333.75 0 173.78 38.51 0 517.48 589.99 0 175.29 37.49
26 4 0 124.93 282.53 0 490.00 390.01 0 66.24 333.76 0 176.26 38.73
27 4 0 122.49 282.50 0 176.28 36.25 0 66.24 328.74 0 490.01 387.14
28 4 0 61.24 331.22 0 172.55 38.75 0 486.23 388.72 0 121.25 283.76
29 2 0 486.25 386.27 0 66.25 328.70
30 5 0 124.98 283.53 0 488.75 387.29 0 178.78 38.75 0 66.72 326.24 0 457.14 633.98
31 5 0 483.75 389.41 0 176.25 43.76 0 63.91 329.93 0 65.64 329.72 0 123.51 288.75
32 3 0 481.61 386.27 0 173.76 41.29 0 65.30 326.86
33 5 0 482.50 389.97 0 125.01 290.00 0 132.50 491.59 0 531.24 623.74 0 176.29 43.93
34 5 0 178.75 43.93 0 483.79 389.95 0 68.75 328.74 0 533.76 623.74 0 126.23 289.85
35 3 0 141.20 623.63 0 181.19 45.01 0 485.01 387.50
36 6 0 137.53 622.47 0 66.25 326.26 0 478.73 387.44 0 176.41 46.24 0 64.98 325.60 0 531.26 616.25
37 6 0 138.76 618.74 0 68.19 323.74 0 178.78 42.51 0 478.73 383.73 0 126.22 288.81 0 132.50 30.00
38 5 0 142.53 618.74 0 132.54 290.01 0 481.25 383.74 0 182.24 43.58 0 71.24 322.52
39 6 0 144.19 618.74 0 132.50 291.58 0 536.25 613.76 0 481.27 383.75 0 182.66 46.26 0 73.40 321.89
40 4 0 141.25 616.29 0 532.50 610.02 0 477.47 381.23 0 68.76 318.74
41 6 0 141.26 617.48 0 129.99 292.49 0 476.10 383.75 0 68.76 318.88 0 532.52 611.73 0 162.50 555.02
42 5 0 132.53 290.00 0 477.49 380.07 0 143.71 615.51 0 71.23 318.73 0 183.72 46.26
43 5 0 143.75 614.77 0 132.51 292.51 0 474.99 381.26 0 71.23 316.25 0 383.67 68.87
44 4 0 142.51 616.25 0 471.23 383.75 0 181.26 48.75 0 132.28 293.74
45 4 0 148.15 616.27 0 187.49 52.50 0 76.24 318.74 0 476.25 383.73
46 6 0 146.27 612.49 0 73.77 313.79 0 532.51 602.52 0 471.25 381.19 0 186.26 48.77 0 136.26 293.78
47 4 0 148.69 616.27 0 74.99 318.75 0 186.34 53.75 0 138.75 298.75
48 4 0 146.24 614.14 0 183.72 53.73 0 468.74 383.74 0 136.26 298.05
49 4 0 151.25 612.50 0 77.50 315.02 0 139.15 298.75 0 473.75 381.26
50 5 0 152.45 612.50 0 78.73 314.77 0 191.25 56.25 0 140.60 298.76 0 471.21 383.53
