1 0
2 0
3 3 0 501.22 434.22 0 36.23 586.29 0 288.76 126.24
4 4 0 498.76 434.95 0 38.73 583.76 0 290.36 128.74 0 336.28 86.21
5 6 0 291.24 130.28 0 332.73 85.00 0 491.25 16.27 0 498.26 436.15 0 38.74 586.26 0 38.75 584.37
6 5 0 291.27 132.49 0 41.26 583.75 0 496.25 436.10 0 489.89 16.27 0 621.25 58.96
7 5 0 291.27 133.75 0 493.76 436.23 0 43.76 583.65 0 620.01 61.21 0 488.78 16.26
8 7 0 491.26 436.27 0 330.02 89.99 0 486.23 16.26 0 291.25 136.25 0 45.09 581.27 0 619.36 61.24 0 29.92 589.87
9 6 0 490.01 436.24 0 483.73 16.28 0 47.45 580.69 0 292.29 137.50 0 616.27 63.74 0 328.70 91.27
10 5 0 293.75 138.75 0 323.76 90.01 0 48.74 581.24 0 481.30 16.26 0 487.58 436.27
11 6 0 486.25 436.26 0 293.23 141.27 0 51.25 580.01 0 322.50 92.51 0 613.76 66.28 0 481.25 16.24
12 6 0 483.74 436.26 0 293.74 142.66 0 322.50 92.50 0 52.50 579.82 0 478.74 16.26 0 613.75 67.49
13 5 0 481.26 436.25 0 293.75 143.74 0 476.24 16.26 0 612.51 68.99 0 53.75 578.75
14 8 0 56.25 578.76 0 293.75 146.27 0 610.02 71.20 0 481.25 436.26 0 318.73 96.28 0 21.25 456.26 0 258.76 18.76 0 473.77 18.27
15 6 0 58.74 577.58 0 478.23 436.25 0 610.00 71.26 0 296.24 148.74 0 471.23 16.28 0 317.49 96.27
16 7 0 296.26 151.08 0 476.24 436.29 0 61.26 577.49 0 469.39 16.29 0 608.73 71.24 0 316.22 98.73 0 258.75 21.23
17 6 0 61.25 576.27 0 474.98 437.09 0 296.27 151.35 0 313.78 98.76 0 468.74 16.26 0 606.27 73.76
18 7 0 63.74 576.24 0 297.36 153.74 0 27.50 452.52 0 606.21 75.03 0 466.24 17.74 0 473.34 437.50 0 256.28 26.20
19 7 0 471.24 436.25 0 606.18 76.26 0 297.34 156.25 0 65.10 575.01 0 311.21 101.25 0 28.52 452.51 0 463.74 18.75
20 9 0 468.74 436.82 0 297.52 157.50 0 17.51 551.25 0 67.97 574.45 0 462.47 18.71 0 601.26 77.63 0 29.99 450.01 0 309.99 101.27 0 253.73 30.05
21 8 0 298.75 158.76 0 18.75 551.25 0 69.97 573.76 0 467.47 436.29 0 29.98 450.00 0 460.00 18.75 0 253.59 31.21 0 306.92 103.68
22 7 0 21.25 551.26 0 298.75 161.27 0 71.22 573.75 0 466.26 436.26 0 458.77 18.76 0 33.76 448.78 0 303.75 106.26
23 11 0 298.75 163.75 0 73.74 573.62 0 23.74 551.21 0 597.49 82.51 0 456.25 18.75 0 463.73 436.27 0 34.98 449.54 0 303.75 106.22 0 72.48 572.52 0 253.58 34.99 0 492.49 315.00
24 9 0 298.75 165.00 0 461.25 436.26 0 75.00 572.50 0 597.49 82.52 0 453.76 18.76 0 35.62 445.03 0 26.24 549.56 0 303.55 106.55 0 252.45 36.28
25 9 0 77.49 571.26 0 27.44 548.77 0 458.75 436.31 0 451.27 20.00 0 37.48 445.00 0 298.74 166.25 0 251.22 37.39 0 303.33 108.75 0 596.07 83.69
26 10 0 298.76 168.74 0 78.69 571.10 0 28.76 549.77 0 457.05 437.51 0 300.02 109.98 0 450.98 21.17 0 37.49 443.67 0 594.98 85.04 0 363.84 27.50 0 248.79 38.75
27 7 0 301.23 171.26 0 31.23 548.74 0 81.31 570.61 0 448.77 20.00 0 455.12 437.50 0 297.51 109.89 0 248.81 42.15
28 9 0 301.24 173.33 0 82.52 570.01 0 453.75 436.27 0 32.50 548.73 0 446.26 21.14 0 590.35 90.01 0 41.29 441.22 0 248.77 42.47 0 296.31 111.23
29 8 0 34.99 548.74 0 451.28 436.27 0 83.77 568.77 0 589.05 90.00 0 444.96 20.24 0 301.24 174.96 0 368.76 34.87 0 43.77 438.75
30 9 0 36.25 548.74 0 301.25 176.25 0 450.01 436.24 0 587.49 90.89 0 292.51 114.99 0 86.24 568.74 0 245.59 47.36 0 441.54 21.25 0 46.17 438.76
31 9 0 301.26 178.75 0 38.55 548.75 0 45.01 437.50 0 587.51 92.51 0 290.02 114.98 0 448.76 436.25 0 245.01 49.99 0 87.54 567.59 0 438.75 22.86
32 8 0 301.25 181.20 0 446.26 436.25 0 41.24 546.27 0 245.01 50.01 0 290.01 115.00 0 89.96 567.55 0 438.77 21.24 0 49.78 434.99
33 9 0 443.76 436.26 0 42.54 547.51 0 301.26 181.75 0 92.47 566.68 0 245.00 52.97 0 149.68 636.37 0 436.24 21.31 0 286.29 116.26 0 583.73 96.25
34 6 0 45.00 546.79 0 301.25 183.74 0 441.25 436.25 0 93.86 566.56 0 286.10 117.51 0 433.77 21.29
35 10 0 302.49 186.29 0 46.25 546.26 0 96.24 566.21 0 581.23 98.76 0 370.04 42.58 0 50.02 435.00 0 431.24 22.58 0 440.80 436.24 0 243.76 56.26 0 47.49 547.39
36 9 0 48.77 546.25 0 302.49 188.77 0 97.89 565.05 0 282.49 122.50 0 580.00 100.00 0 438.71 435.06 0 430.18 23.73 0 50.12 429.59 0 242.52 58.16
37 11 0 51.25 546.27 0 100.00 564.98 0 436.24 435.02 0 242.52 60.00 0 303.73 188.75 0 282.51 122.51 0 428.73 23.72 0 52.49 429.98 0 578.73 101.27 0 373.75 46.25 0 110.00 610.02
38 9 0 101.83 563.76 0 303.72 191.26 0 53.74 546.04 0 433.77 435.01 0 426.26 23.73 0 56.26 428.77 0 278.77 123.69 0 241.25 61.26 0 280.96 123.74
39 6 0 303.74 193.77 0 277.51 125.02 0 103.63 563.35 0 56.26 544.96 0 423.75 26.27 0 433.76 433.80
40 8 0 303.74 195.93 0 104.99 562.51 0 431.21 434.73 0 277.48 125.01 0 57.52 543.78 0 421.26 26.28 0 573.75 103.74 0 238.49 66.27
41 8 0 303.74 196.26 0 107.49 562.49 0 428.73 434.35 0 237.49 67.50 0 420.00 26.26 0 58.79 544.06 0 273.75 126.25 0 571.25 106.29
42 8 0 108.74 561.26 0 61.24 544.17 0 571.25 107.49 0 418.75 26.27 0 303.72 198.76 0 426.25 433.80 0 237.50 69.72 0 271.23 126.26
43 10 0 63.73 543.74 0 111.24 561.25 0 423.74 433.75 0 416.26 26.27 0 303.79 201.72 0 569.99 107.50 0 110.03 559.98 0 237.84 71.15 0 270.95 129.13 0 378.77 56.26
44 8 0 65.65 543.73 0 303.72 203.75 0 270.00 130.00 0 113.66 560.41 0 422.62 433.77 0 568.77 109.82 0 413.75 27.50 0 236.26 71.25
45 8 0 67.47 543.49 0 114.97 560.00 0 267.51 130.01 0 235.00 75.01 0 304.24 205.04 0 411.29 27.52 0 421.24 433.77 0 566.25 111.24
46 9 0 68.73 542.61 0 116.24 558.75 0 411.24 27.54 0 235.01 77.48 0 305.35 206.26 0 266.26 131.66 0 565.03 111.23 0 418.76 433.64 0 418.75 431.22
47 9 0 71.24 542.48 0 118.69 558.75 0 410.01 29.60 0 234.51 78.74 0 564.97 113.76 0 304.97 208.75 0 265.30 134.03 0 416.27 431.22 0 416.26 433.39
48 8 0 73.75 541.45 0 562.50 115.00 0 305.40 211.25 0 120.46 558.07 0 406.25 28.73 0 72.49 542.26 0 416.26 431.26 0 263.73 133.76
49 7 0 74.99 541.26 0 121.28 556.46 0 405.01 30.01 0 562.51 117.51 0 306.24 212.39 0 413.76 430.00 0 261.24 133.74
50 10 0 77.49 541.26 0 123.77 556.27 0 411.26 431.25 0 306.24 214.17 0 231.23 83.78 0 402.48 31.25 0 260.02 138.76 0 561.21 118.76 0 305.00 215.04 0 558.79 118.75
