1 0
2 2 0 93.75 486.26 0 16.26 296.26
3 2 0 21.25 295.62 0 98.74 483.74
4 2 0 23.74 297.49 0 103.73 483.76
5 2 0 26.25 300.03 0 106.25 485.01
6 2 0 17.09 303.75 0 98.61 488.73
7 1 0 23.75 301.27
8 2 0 26.26 303.76 0 107.48 485.00
9 3 0 27.59 306.26 0 113.76 486.25 0 292.52 29.99
10 2 0 29.20 312.47 0 116.24 492.51
11 3 0 31.22 313.76 0 117.74 492.50 0 437.50 587.47
12 2 0 28.76 319.02 0 33.87 293.76
13 4 0 23.75 313.79 0 24.98 312.47 0 430.10 580.98 0 114.03 486.46
14 1 0 23.73 321.27
15 1 0 33.10 323.75
16 1 0 25.12 323.75
17 4 0 34.97 323.76 0 128.75 492.23 0 438.73 576.42 0 127.45 492.50
18 1 0 35.00 323.76
19 2 0 28.74 332.51 0 126.25 498.76
20 1 0 29.97 325.01
21 1 0 28.74 328.75
22 5 0 28.40 332.52 0 526.27 18.76 0 128.74 493.75 0 306.23 51.27 0 129.40 494.99
23 4 0 33.75 328.76 0 531.33 13.66 0 161.33 11.26 0 136.24 488.74
24 3 0 156.44 20.00 0 28.77 338.77 0 526.22 21.26
25 4 0 38.73 341.24 0 166.25 23.72 0 531.24 23.74 0 143.32 498.75
26 3 0 36.25 343.73 0 526.21 28.14 0 163.76 26.26
27 7 0 31.24 339.98 0 12.51 362.53 0 138.75 493.75 0 602.52 428.74 0 158.75 21.25 0 427.48 555.01 0 518.76 21.82
28 5 0 41.26 341.23 0 23.56 363.75 0 526.25 23.75 0 168.75 26.24 0 528.74 23.74
29 5 0 41.26 342.43 0 526.22 23.72 0 168.75 26.24 0 23.74 363.70 0 151.25 493.75
30 4 0 151.23 501.26 0 168.74 33.76 0 39.17 351.24 0 521.25 31.27
31 4 0 43.75 346.36 0 522.51 27.51 0 170.05 30.00 0 156.23 496.26
32 5 0 171.25 35.34 0 156.24 500.00 0 43.75 351.28 0 29.53 370.02 0 521.26 31.25
33 8 0 35.01 349.77 0 511.22 28.76 0 148.74 496.26 0 163.76 31.24 0 593.88 420.88 0 22.13 366.22 0 427.51 541.30 0 613.76 66.27
34 4 0 41.33 358.75 0 171.27 41.33 0 513.73 36.28 0 31.19 373.69
35 5 0 46.25 353.76 0 516.28 33.74 0 173.73 38.74 0 162.60 496.26 0 36.16 368.78
36 5 0 46.26 353.78 0 173.73 37.50 0 163.76 496.36 0 513.74 31.26 0 511.90 31.21
37 10 0 166.24 498.75 0 48.46 359.14 0 38.71 371.35 0 338.83 69.31 0 436.27 540.02 0 511.24 36.24 0 618.76 73.78 0 597.48 418.94 0 176.23 43.75 0 173.78 43.73
38 6 0 176.24 43.70 0 41.29 371.25 0 511.21 35.12 0 47.46 359.24 0 168.76 498.74 0 174.99 42.88
39 4 0 41.47 369.92 0 165.36 53.77 0 46.07 361.44 0 48.82 361.26
40 3 0 498.77 37.46 0 38.74 362.49 0 171.11 46.21
41 6 0 48.76 363.19 0 177.53 46.25 0 173.73 496.26 0 56.46 68.26 0 341.25 68.75 0 506.24 37.81
42 6 0 50.03 370.02 0 178.75 53.75 0 346.25 73.71 0 503.74 43.74 0 435.01 532.51 0 176.29 501.27
43 6 0 42.53 373.75 0 171.25 56.27 0 493.76 45.05 0 340.00 77.52 0 429.98 125.00 0 168.76 501.26
44 4 0 46.23 367.49 0 173.77 50.88 0 173.74 493.75 0 175.01 50.11
45 4 0 52.14 377.50 0 178.75 61.26 0 498.75 48.77 0 178.74 503.72
46 4 0 49.43 370.01 0 176.26 53.74 0 493.54 41.27 0 178.75 496.26
47 3 0 46.26 376.27 0 173.73 61.26 0 486.21 46.24
48 3 0 48.75 372.66 0 587.49 490.01 0 176.24 58.77
49 3 0 57.53 378.77 0 183.74 63.76 0 492.52 50.01
50 6 0 188.75 503.74 0 490.24 53.76 0 56.47 383.93 0 183.72 69.25 0 576.26 401.24 0 55.03 385.04
