1 0
2 1 0 311.24 583.68
3 1 0 311.24 580.01
4 1 0 311.24 577.49
5 1 0 311.23 573.77
6 1 0 308.73 571.26
7 3 0 308.74 567.50 0 42.51 602.49 0 151.22 153.77
8 2 0 307.49 563.75 0 46.22 602.63
9 1 0 307.46 561.13
10 2 0 306.27 557.51 0 52.95 602.48
11 2 0 306.27 553.75 0 56.29 603.76
12 2 0 305.70 550.49 0 61.25 602.51
13 2 0 303.75 547.47 0 63.71 602.78
14 2 0 303.75 543.75 0 67.49 602.50
15 2 0 303.75 540.20 0 70.02 601.26
16 2 0 302.50 537.50 0 73.74 602.61
17 3 0 77.49 602.51 0 302.49 533.74 0 620.00 467.53
18 3 0 302.46 531.20 0 618.75 466.27 0 82.51 602.51
19 4 0 301.25 527.51 0 83.48 602.10 0 138.74 621.28 0 613.75 463.74
20 4 0 300.06 523.77 0 138.86 618.77 0 611.24 463.68 0 86.23 601.24
21 4 0 299.98 521.26 0 91.25 601.26 0 141.25 616.25 0 608.78 461.27
22 3 0 298.76 517.51 0 141.24 613.74 0 604.99 460.01
23 4 0 298.74 513.76 0 602.50 458.73 0 96.29 601.27 0 143.73 609.98
24 5 0 297.59 511.25 0 618.80 551.22 0 601.41 460.02 0 143.75 606.27 0 102.16 600.95
25 4 0 297.18 507.51 0 146.24 603.72 0 596.73 456.27 0 103.73 598.68
26 4 0 296.26 504.77 0 612.50 550.01 0 148.67 601.18 0 601.54 460.04
27 4 0 296.25 501.25 0 147.49 597.51 0 589.97 452.50 0 609.99 549.89
28 4 0 589.99 452.49 0 295.02 497.50 0 606.24 548.46 0 149.93 593.75
29 5 0 149.99 590.01 0 603.49 548.70 0 587.50 450.01 0 293.73 493.75 0 117.48 598.75
30 4 0 293.76 490.01 0 150.08 587.50 0 601.30 548.74 0 118.75 598.74
31 3 0 293.76 487.50 0 123.02 598.73 0 598.70 548.74
32 5 0 293.75 483.76 0 153.76 581.26 0 593.75 546.22 0 126.26 598.57 0 128.69 598.56
33 5 0 292.31 481.27 0 132.50 597.49 0 591.23 546.35 0 153.77 578.74 0 576.26 446.27
34 5 0 291.27 477.53 0 588.27 547.50 0 572.52 445.01 0 156.23 573.74 0 136.26 598.75
35 5 0 290.02 473.77 0 157.48 572.50 0 570.00 444.99 0 583.73 546.43 0 136.26 598.74
36 5 0 289.99 471.23 0 157.47 570.00 0 141.16 597.50 0 566.25 443.01 0 583.48 546.27
37 5 0 288.76 467.86 0 157.51 565.04 0 561.28 441.24 0 578.76 546.29 0 143.75 597.29
38 4 0 288.75 463.86 0 147.48 597.51 0 161.26 562.49 0 576.27 546.29
39 4 0 288.76 461.22 0 574.31 545.55 0 287.51 460.07 0 151.06 597.48
40 4 0 162.50 556.47 0 287.52 457.50 0 570.00 545.94 0 556.27 438.72
41 3 0 286.26 453.73 0 157.50 597.50 0 566.24 543.75
42 2 0 286.26 451.26 0 165.00 550.01
43 3 0 286.25 447.49 0 165.00 595.03 0 166.26 547.27
44 3 0 284.93 444.09 0 558.70 543.72 0 166.28 543.76
45 4 0 283.76 441.29 0 169.17 540.04 0 553.65 543.39 0 172.54 595.02
46 3 0 283.74 437.52 0 168.75 537.73 0 550.07 542.87
47 4 0 282.51 433.76 0 176.26 594.24 0 171.26 533.75 0 546.69 543.74
48 4 0 281.47 430.11 0 172.53 530.00 0 543.73 541.26 0 165.02 589.99
49 4 0 281.26 427.48 0 183.72 593.77 0 541.25 541.28 0 173.76 528.75
50 4 0 281.27 423.75 0 186.43 595.46 0 173.75 526.22 0 538.73 542.51
