1 0
2 2 0 461.26 527.52 0 589.99 621.16
3 4 0 458.76 528.76 0 588.75 620.01 0 497.38 458.75 0 140.01 298.94
4 5 0 460.00 531.25 0 498.74 460.00 0 591.23 623.75 0 580.13 442.50 0 488.75 88.76
5 6 0 456.28 527.52 0 484.20 83.76 0 587.50 620.01 0 143.74 298.75 0 546.28 70.00 0 496.24 453.77
6 8 0 453.75 530.06 0 493.75 456.27 0 481.66 88.92 0 546.25 75.86 0 583.73 621.25 0 146.25 301.26 0 578.73 437.49 0 144.01 301.24
7 6 0 492.50 451.87 0 452.51 527.52 0 479.99 86.00 0 147.48 298.75 0 546.45 73.76 0 581.30 618.75
8 6 0 450.01 531.24 0 478.72 88.76 0 492.50 452.51 0 581.24 621.26 0 546.54 78.73 0 149.20 301.16
9 7 0 476.22 88.77 0 447.53 530.09 0 490.02 450.00 0 578.75 619.90 0 573.76 431.21 0 151.22 301.24 0 548.74 78.76
10 5 0 446.25 528.76 0 473.74 88.76 0 548.73 81.25 0 576.26 618.74 0 151.24 300.01
11 7 0 446.24 528.46 0 157.51 298.94 0 576.25 616.28 0 489.96 445.13 0 475.04 88.73 0 331.29 85.00 0 551.25 81.26
12 7 0 442.49 531.25 0 572.65 620.00 0 470.85 92.36 0 572.50 427.46 0 485.27 448.77 0 550.01 86.24 0 158.76 302.49
13 7 0 444.96 530.00 0 554.99 85.00 0 163.60 300.01 0 490.00 445.00 0 473.75 91.25 0 471.81 91.26 0 576.30 618.76
14 7 0 442.49 528.76 0 471.20 91.29 0 166.21 301.04 0 573.74 616.25 0 486.27 443.74 0 556.26 88.75 0 556.22 86.26
15 7 0 436.27 530.00 0 163.76 301.24 0 482.49 441.27 0 465.00 92.53 0 551.24 91.24 0 570.02 418.71 0 568.77 616.25
16 8 0 439.85 531.26 0 572.49 420.01 0 467.53 96.25 0 486.25 441.23 0 558.17 93.76 0 570.34 616.78 0 301.16 85.02 0 173.02 303.76
17 6 0 437.48 530.02 0 466.24 93.76 0 485.00 437.50 0 557.48 93.72 0 172.49 299.99 0 568.75 613.73
18 7 0 461.24 99.85 0 562.52 620.00 0 432.49 533.75 0 554.99 98.91 0 568.76 416.28 0 481.15 440.57 0 171.52 303.74
19 6 0 433.75 531.24 0 482.50 434.99 0 462.58 96.26 0 557.48 98.75 0 496.29 18.76 0 566.20 613.76
20 8 0 431.23 531.27 0 460.01 98.36 0 558.72 101.26 0 178.73 303.74 0 497.31 18.88 0 563.75 613.72 0 481.22 435.85 0 563.76 616.00
21 6 0 453.56 100.23 0 553.74 103.73 0 424.92 532.44 0 558.73 616.26 0 493.74 21.26 0 471.25 433.79
22 8 0 555.01 612.50 0 564.98 405.00 0 493.74 21.27 0 423.73 528.78 0 452.51 98.76 0 473.75 428.98 0 178.74 301.23 0 556.21 103.33
23 7 0 449.99 98.75 0 422.48 528.78 0 496.26 23.74 0 180.08 300.04 0 553.76 611.28 0 566.20 403.55 0 471.23 427.41
24 9 0 451.27 98.77 0 553.77 611.25 0 423.73 531.00 0 558.74 106.26 0 473.74 426.26 0 498.75 26.27 0 186.25 301.25 0 566.60 398.79 0 568.78 398.78
25 8 0 446.25 101.24 0 549.99 612.50 0 557.48 109.98 0 496.25 28.60 0 416.30 531.24 0 467.49 427.53 0 606.20 20.79 0 495.01 27.89
26 8 0 548.31 613.26 0 467.49 429.08 0 416.25 533.73 0 557.50 115.01 0 443.75 106.27 0 186.26 306.28 0 496.27 33.76 0 444.99 105.03
27 7 0 499.99 35.00 0 562.50 117.50 0 446.25 106.27 0 469.97 427.51 0 418.65 533.75 0 189.99 307.51 0 550.29 613.74
28 7 0 549.59 611.26 0 562.50 117.50 0 416.27 531.26 0 446.05 103.76 0 501.26 33.75 0 566.22 396.26 0 468.96 423.49
29 6 0 498.75 33.77 0 411.24 531.20 0 439.06 103.74 0 558.73 116.22 0 193.76 301.25 0 543.15 607.42
30 6 0 498.75 36.26 0 408.76 531.23 0 541.26 608.76 0 436.26 105.36 0 557.49 118.75 0 193.83 306.30
31 9 0 436.24 110.01 0 540.00 611.25 0 499.99 42.53 0 196.24 307.50 0 406.89 536.20 0 557.54 123.73 0 460.74 420.00 0 547.50 117.49 0 605.02 37.49
32 6 0 403.75 531.26 0 433.75 106.31 0 501.23 41.23 0 558.75 123.76 0 458.75 416.26 0 198.76 303.73
33 5 0 501.25 41.26 0 403.76 531.26 0 561.95 124.06 0 536.30 606.24 0 431.25 106.28
34 6 0 401.27 536.25 0 502.51 48.76 0 561.36 130.12 0 202.51 307.49 0 431.23 112.58 0 606.25 43.74
35 7 0 398.73 532.93 0 428.69 109.99 0 452.50 412.51 0 501.25 46.24 0 604.98 42.52 0 558.72 129.93 0 531.39 606.27
36 7 0 396.24 532.74 0 452.51 412.47 0 501.26 48.75 0 529.76 606.24 0 423.74 111.23 0 206.26 307.50 0 558.73 131.28
37 7 0 396.23 531.27 0 529.99 603.74 0 425.47 110.01 0 503.74 48.75 0 561.93 132.50 0 453.31 408.78 0 208.77 303.74
38 7 0 398.74 534.49 0 507.13 53.75 0 426.26 113.77 0 216.25 309.48 0 456.26 411.24 0 531.25 606.26 0 565.02 137.98
39 6 0 395.00 533.74 0 507.64 53.75 0 423.74 113.75 0 453.74 406.22 0 528.92 604.99 0 217.50 306.31
40 8 0 393.74 532.83 0 562.53 139.99 0 452.49 404.99 0 508.64 56.25 0 422.50 113.77 0 218.75 306.26 0 526.24 603.73 0 557.50 370.00
41 6 0 388.72 536.27 0 417.52 117.52 0 506.26 61.25 0 562.51 146.33 0 603.71 58.74 0 218.79 309.99
42 8 0 386.25 532.50 0 506.25 58.77 0 218.74 307.52 0 415.28 115.03 0 561.26 143.74 0 521.26 602.51 0 448.76 401.30 0 603.75 56.27
43 9 0 562.51 150.00 0 386.25 536.26 0 508.73 66.27 0 221.26 311.24 0 413.99 118.97 0 603.77 61.23 0 518.73 606.25 0 446.25 404.91 0 415.00 120.03
44 8 0 506.25 66.26 0 516.18 605.00 0 411.26 118.75 0 442.52 402.50 0 381.25 536.27 0 561.27 151.24 0 221.25 309.99 0 602.53 63.76
45 9 0 408.76 118.76 0 379.95 532.74 0 562.51 147.50 0 507.58 63.74 0 550.01 362.50 0 442.52 397.52 0 513.74 601.26 0 223.74 306.26 0 226.26 306.28
46 8 0 378.77 532.49 0 227.49 307.52 0 508.74 66.27 0 513.75 601.24 0 561.25 151.23 0 408.71 118.74 0 442.30 396.13 0 482.51 37.50
47 7 0 408.79 121.25 0 514.99 605.00 0 380.03 536.23 0 565.01 154.99 0 605.04 70.00 0 442.52 397.48 0 511.23 71.25
48 8 0 378.66 536.27 0 442.52 397.50 0 406.25 121.30 0 605.03 69.99 0 513.76 73.77 0 566.25 158.73 0 233.73 311.23 0 513.75 601.26
49 9 0 372.50 533.78 0 562.51 157.50 0 401.25 121.22 0 602.52 69.99 0 233.77 308.74 0 482.50 44.99 0 508.74 73.74 0 506.25 598.74 0 399.99 120.45
50 7 0 373.76 533.47 0 403.74 121.26 0 237.53 307.56 0 566.25 158.74 0 513.68 73.79 0 508.72 598.79 0 438.74 391.23
