1 0
2 2 0 587.43 179.99 0 441.26 83.75
3 2 0 588.73 179.24 0 442.50 85.65
4 2 0 584.03 177.50 0 438.74 84.99
5 2 0 583.76 175.03 0 438.74 83.77
6 2 0 582.49 176.24 0 438.72 86.26
7 2 0 583.55 173.74 0 441.22 84.76
8 2 0 579.97 174.95 0 438.72 86.25
9 2 0 579.99 177.58 0 438.73 91.25
10 3 0 581.28 173.48 0 438.89 88.76 0 440.89 88.71
11 2 0 577.51 176.26 0 436.25 91.63
12 2 0 576.25 173.81 0 436.23 91.26
13 2 0 574.93 176.23 0 435.23 93.75
14 2 0 573.74 172.50 0 435.00 91.25
15 2 0 572.48 173.75 0 433.75 94.53
16 2 0 574.99 174.97 0 438.75 97.16
17 2 0 436.27 98.76 0 573.75 176.25
18 2 0 568.74 174.50 0 433.74 98.76
19 2 0 436.24 101.24 0 571.22 175.02
20 2 0 566.51 173.74 0 433.69 101.26
21 2 0 566.23 170.48 0 432.64 98.77
22 2 0 568.76 170.00 0 434.99 98.76
23 2 0 566.26 170.00 0 433.74 100.00
24 2 0 565.02 173.76 0 433.75 106.26
25 2 0 565.12 171.28 0 435.03 103.72
26 3 0 559.96 171.27 0 428.76 103.73 0 429.92 104.99
27 2 0 558.28 172.49 0 429.47 107.73
28 2 0 562.49 172.49 0 433.75 107.53
29 2 0 557.49 167.93 0 428.74 106.27
30 3 0 558.75 172.50 0 431.23 111.24 0 514.99 21.24
31 3 0 553.75 171.15 0 427.49 111.20 0 511.23 19.04
32 2 0 555.00 172.49 0 428.74 113.76
33 3 0 551.85 169.57 0 511.15 21.26 0 426.04 111.96
34 3 0 556.26 168.77 0 431.24 112.48 0 516.25 21.92
35 3 0 553.74 166.26 0 428.74 111.26 0 513.82 21.24
36 3 0 548.73 168.20 0 424.43 113.76 0 508.76 23.72
37 3 0 551.24 168.86 0 428.74 116.26 0 513.73 27.46
38 3 0 428.75 116.25 0 551.27 167.52 0 513.75 26.24
39 3 0 549.99 168.75 0 428.73 116.27 0 513.79 28.74
40 3 0 548.73 165.04 0 426.27 116.24 0 513.75 26.23
41 3 0 543.73 168.74 0 508.74 31.25 0 422.51 119.44
42 3 0 545.03 164.98 0 511.23 28.75 0 424.03 117.57
43 3 0 540.12 165.06 0 421.25 118.82 0 507.50 31.24
44 4 0 544.28 165.02 0 426.24 121.18 0 511.24 31.22 0 424.95 120.65
45 4 0 542.49 168.75 0 509.99 35.00 0 423.75 123.93 0 425.00 124.96
46 2 0 540.00 162.55 0 423.73 121.25
47 3 0 541.24 166.26 0 511.23 36.27 0 423.73 123.76
48 3 0 536.38 162.55 0 421.25 123.76 0 507.48 34.99
49 3 0 536.01 162.48 0 421.25 123.75 0 507.48 36.25
50 3 0 532.68 165.01 0 418.75 128.75 0 503.72 38.79
