1 0
2 1 0 581.26 38.77
3 3 0 576.25 42.35 0 575.01 41.30 0 418.74 583.76
4 3 0 571.25 37.52 0 418.75 576.25 0 317.49 619.99
5 3 0 568.75 37.50 0 418.76 572.14 0 321.29 616.28
6 2 0 418.76 568.76 0 566.20 37.81
7 2 0 563.78 38.74 0 421.24 566.65
8 2 0 558.75 42.54 0 418.74 566.48
9 2 0 556.23 43.75 0 418.88 563.78
10 3 0 421.24 555.81 0 553.72 38.75 0 552.43 38.07
11 3 0 423.74 553.75 0 551.23 41.27 0 524.98 515.00
12 2 0 423.74 550.05 0 548.74 41.26
13 4 0 423.75 546.27 0 20.01 37.47 0 546.25 41.26 0 346.39 609.08
14 4 0 18.74 38.74 0 16.25 241.27 0 420.00 541.44 0 537.52 41.25
15 4 0 420.01 542.51 0 18.75 246.23 0 20.72 43.76 0 533.75 45.02
16 4 0 533.58 41.26 0 421.25 534.99 0 22.50 243.80 0 26.24 41.23
17 4 0 26.26 251.25 0 422.51 536.27 0 28.75 48.77 0 530.06 46.26
18 5 0 526.21 41.27 0 423.22 528.74 0 29.99 45.00 0 28.74 248.77 0 422.44 527.50
19 4 0 421.25 525.00 0 521.27 43.74 0 31.15 250.07 0 31.22 48.76
20 4 0 36.26 256.24 0 38.60 53.75 0 521.25 46.24 0 426.26 526.23
21 4 0 421.24 522.26 0 34.99 257.53 0 513.75 47.41 0 36.25 54.39
22 4 0 513.73 43.76 0 423.74 513.78 0 41.26 53.33 0 41.23 254.40
23 5 0 45.01 60.01 0 511.23 49.98 0 43.76 261.26 0 426.25 516.13 0 424.98 515.43
24 4 0 45.53 263.75 0 506.25 51.25 0 423.74 511.23 0 43.74 61.30
25 4 0 51.25 263.74 0 506.24 48.78 0 426.25 506.30 0 51.26 61.25
26 4 0 503.49 48.76 0 53.74 62.50 0 426.24 501.24 0 53.74 264.65
27 4 0 53.75 63.74 0 53.75 263.79 0 497.52 48.74 0 426.27 496.25
28 4 0 58.77 268.79 0 58.76 68.76 0 427.50 496.25 0 496.26 52.66
29 4 0 58.75 268.76 0 490.18 51.26 0 423.74 491.25 0 58.74 67.51
30 7 0 428.74 488.74 0 491.24 53.75 0 395.79 588.52 0 490.08 55.02 0 66.20 273.09 0 63.74 73.59 0 63.75 71.33
31 5 0 423.73 486.26 0 63.45 273.78 0 61.25 73.77 0 481.26 53.80 0 481.27 56.03
32 4 0 481.26 58.75 0 68.74 278.74 0 66.39 77.51 0 426.26 485.00
33 4 0 426.24 481.26 0 478.66 58.75 0 70.07 281.24 0 68.76 78.74
34 4 0 476.23 61.27 0 426.25 478.73 0 73.75 282.50 0 73.73 82.50
35 5 0 73.73 281.25 0 468.75 58.76 0 423.75 471.26 0 73.65 81.26 0 71.67 81.26
36 4 0 81.26 283.77 0 428.75 468.73 0 471.23 58.75 0 78.74 81.55
37 4 0 83.74 283.75 0 428.73 463.75 0 468.75 59.27 0 82.50 83.76
38 3 0 425.35 461.25 0 81.93 286.26 0 461.23 62.67
39 4 0 428.74 461.25 0 89.73 291.26 0 461.24 66.27 0 86.23 91.91
40 5 0 93.76 291.25 0 90.00 92.48 0 458.75 66.28 0 429.98 456.26 0 2.52 601.19
41 4 0 428.98 448.74 0 91.25 92.49 0 455.33 63.82 0 93.72 291.27
42 4 0 428.75 451.25 0 450.60 69.99 0 93.74 98.74 0 96.26 297.46
43 4 0 99.99 299.01 0 448.75 71.23 0 429.94 446.93 0 96.27 98.89
44 4 0 426.27 443.74 0 99.99 301.24 0 96.26 101.26 0 441.24 73.42
45 4 0 102.47 302.50 0 427.48 438.75 0 438.74 73.76 0 98.74 103.73
46 3 0 108.87 301.25 0 431.23 433.75 0 441.26 71.25
47 5 0 427.50 431.25 0 103.74 106.27 0 433.74 76.24 0 108.66 303.74 0 107.59 305.02
48 4 0 106.26 108.76 0 429.97 78.75 0 428.73 428.75 0 110.93 307.50
49 4 0 117.50 306.24 0 431.25 76.28 0 113.77 108.74 0 431.26 422.52
50 4 0 428.74 422.42 0 116.24 311.23 0 111.25 113.75 0 426.25 81.28
