1 0
2 5 0 35.50 271.25 0 536.28 548.76 0 101.26 157.51 0 13.90 228.73 0 16.25 228.75
3 2 0 41.27 266.27 0 538.75 543.74
4 3 0 531.26 541.29 0 33.75 264.95 0 618.77 391.19
5 4 0 42.45 271.02 0 537.50 546.24 0 626.23 393.83 0 619.90 18.97
6 4 0 532.54 538.75 0 38.75 264.97 0 621.25 386.27 0 101.25 151.23
7 3 0 33.75 271.26 0 526.25 545.78 0 613.75 393.76
8 5 0 42.50 275.19 0 620.00 395.01 0 532.47 548.74 0 20.02 219.27 0 106.25 162.56
9 5 0 42.50 276.25 0 531.25 548.75 0 21.25 218.76 0 619.99 395.01 0 106.24 163.81
10 5 0 38.72 268.75 0 524.99 538.76 0 99.99 157.49 0 613.76 386.29 0 16.33 209.13
11 5 0 620.00 387.52 0 531.24 543.72 0 23.72 211.25 0 110.02 161.68 0 46.25 272.53
12 6 0 530.80 541.27 0 46.28 273.79 0 108.75 161.36 0 47.22 272.47 0 23.73 211.25 0 618.75 387.50
13 4 0 46.25 278.76 0 528.75 546.27 0 23.73 213.74 0 616.74 391.23
14 4 0 469.97 619.99 0 526.25 541.24 0 47.46 273.76 0 25.63 206.26
15 5 0 459.99 622.49 0 517.89 546.25 0 38.82 278.78 0 39.67 280.02 0 606.22 387.89
16 5 0 41.25 281.25 0 461.23 623.78 0 517.51 547.49 0 18.75 211.26 0 606.23 388.87
17 7 0 523.41 538.76 0 611.48 380.52 0 107.49 165.00 0 48.75 276.26 0 466.24 614.96 0 25.20 201.46 0 136.90 13.64
18 5 0 513.76 543.74 0 458.75 618.75 0 283.74 508.04 0 41.23 280.04 0 602.74 386.22
19 6 0 51.24 277.50 0 466.24 613.74 0 522.41 540.05 0 27.52 202.50 0 610.87 381.24 0 109.93 168.77
20 6 0 466.23 615.00 0 28.61 201.26 0 521.24 541.27 0 52.51 279.99 0 141.25 18.73 0 611.25 383.44
21 7 0 52.50 283.76 0 466.22 617.50 0 27.52 204.99 0 521.27 543.76 0 293.76 511.23 0 143.72 21.30 0 609.35 383.75
22 6 0 518.72 538.75 0 27.50 197.91 0 465.02 610.00 0 53.16 279.04 0 608.75 378.74 0 141.25 16.26
23 6 0 516.25 546.27 0 463.71 616.87 0 52.53 287.50 0 108.76 180.01 0 606.28 386.29 0 141.26 23.76
24 6 0 48.96 290.03 0 458.75 617.49 0 511.23 546.29 0 23.74 203.74 0 138.76 26.28 0 106.24 181.26
25 6 0 513.76 546.28 0 53.75 290.02 0 109.98 181.22 0 462.51 616.24 0 143.74 26.23 0 603.76 386.23
26 7 0 508.74 538.75 0 456.26 606.28 0 48.76 282.50 0 138.75 18.76 0 22.53 193.74 0 138.70 468.73 0 286.25 503.75
27 6 0 511.25 546.33 0 53.74 292.53 0 459.99 614.83 0 108.75 183.74 0 27.70 201.24 0 143.18 27.49
28 8 0 503.73 538.75 0 453.76 605.00 0 48.78 283.76 0 21.25 191.25 0 546.52 37.52 0 593.76 376.27 0 283.74 503.76 0 138.76 18.77
29 6 0 452.52 609.99 0 48.78 290.88 0 502.52 543.75 0 22.27 196.24 0 283.74 508.76 0 591.23 380.38
30 8 0 451.26 606.25 0 501.25 541.25 0 51.23 288.75 0 22.20 191.50 0 591.25 376.38 0 138.76 23.74 0 277.99 386.98 0 413.28 628.72
31 7 0 458.76 610.20 0 508.75 546.24 0 57.52 295.01 0 31.23 196.26 0 597.51 381.26 0 149.32 27.68 0 113.75 187.55
32 6 0 458.75 608.73 0 58.75 296.25 0 147.56 29.99 0 115.01 187.56 0 507.48 545.46 0 30.03 196.24
33 8 0 115.00 187.51 0 507.49 543.75 0 597.49 380.00 0 29.97 475.01 0 458.74 606.24 0 61.24 295.29 0 33.73 193.77 0 150.05 29.81
34 6 0 589.14 372.50 0 451.26 598.76 0 498.75 537.53 0 26.83 185.45 0 53.82 288.77 0 107.56 181.21
35 4 0 61.25 298.75 0 456.26 607.47 0 503.73 546.15 0 113.74 191.24
36 5 0 456.24 597.48 0 61.23 291.23 0 502.51 537.49 0 33.78 183.02 0 147.50 282.50
37 6 0 503.75 541.26 0 593.75 373.73 0 36.22 475.01 0 457.49 599.92 0 63.74 294.52 0 36.22 186.24
38 4 0 493.72 538.29 0 446.31 596.24 0 56.24 293.78 0 583.74 371.25
39 7 0 456.25 598.74 0 501.44 541.28 0 36.23 475.01 0 37.51 183.54 0 65.02 297.51 0 116.25 191.27 0 156.58 31.24
40 4 0 66.25 298.76 0 501.26 542.40 0 454.80 599.07 0 37.79 183.75
41 7 0 58.76 301.26 0 491.25 543.74 0 445.09 599.97 0 31.00 478.74 0 581.26 373.74 0 150.02 35.00 0 28.75 185.49
42 8 0 496.25 536.25 0 451.29 591.27 0 157.50 29.98 0 452.27 592.50 0 65.97 296.27 0 116.22 190.00 0 36.31 177.47 0 586.23 366.26
43 6 0 58.76 298.75 0 444.98 592.37 0 488.77 536.27 0 31.23 176.58 0 347.50 38.76 0 153.75 30.07
44 8 0 496.26 541.26 0 68.75 303.76 0 162.50 35.67 0 452.51 596.26 0 38.73 181.27 0 117.47 198.78 0 586.25 373.73 0 41.06 181.28
45 5 0 442.46 593.03 0 486.25 538.77 0 282.90 506.34 0 31.26 178.75 0 58.75 302.41
46 5 0 442.49 593.48 0 485.00 540.96 0 60.00 305.00 0 31.24 178.75 0 573.75 371.25
47 8 0 442.49 595.03 0 62.31 307.53 0 483.75 541.35 0 109.98 205.00 0 33.74 180.71 0 573.74 372.35 0 156.27 41.26 0 162.49 260.12
48 6 0 492.51 539.78 0 71.24 305.41 0 451.25 591.24 0 41.26 176.26 0 581.40 368.77 0 44.97 477.50
49 5 0 62.46 310.01 0 441.25 593.75 0 481.28 543.68 0 572.49 370.94 0 33.76 176.28
50 7 0 443.76 593.78 0 67.49 311.87 0 484.61 543.74 0 38.71 178.75 0 161.26 45.01 0 576.25 373.76 0 115.01 210.01
