1 0
2 2 0 558.73 218.75 0 227.49 77.51
3 2 0 558.75 213.74 0 593.75 146.26
4 3 0 588.75 147.51 0 554.78 216.22 0 223.75 73.80
5 3 0 588.75 146.27 0 226.25 76.24 0 553.76 213.73
6 3 0 227.47 76.24 0 589.99 146.27 0 556.22 216.24
7 3 0 556.23 216.26 0 589.19 148.74 0 228.80 78.76
8 3 0 586.26 146.27 0 226.25 78.74 0 553.76 216.26
9 3 0 226.25 83.75 0 586.25 151.25 0 551.24 221.24
10 3 0 581.24 147.53 0 547.48 218.76 0 221.27 81.28
11 3 0 581.23 148.48 0 546.26 218.76 0 221.25 83.76
12 3 0 581.26 151.25 0 547.48 221.28 0 223.74 88.74
13 3 0 581.26 150.04 0 546.26 221.28 0 223.75 88.78
14 3 0 581.26 151.25 0 546.24 223.17 0 223.75 91.24
15 3 0 541.25 221.25 0 576.25 148.75 0 221.25 89.99
16 5 0 578.76 148.75 0 226.27 91.25 0 546.14 221.26 0 543.79 221.24 0 223.77 91.26
17 3 0 541.24 218.76 0 573.75 146.24 0 221.26 89.97
18 4 0 538.76 218.76 0 573.74 146.27 0 221.24 90.41 0 573.75 143.97
19 3 0 541.24 220.19 0 573.75 146.25 0 221.58 91.25
20 3 0 221.25 92.47 0 571.26 146.27 0 537.51 221.23
21 3 0 572.50 150.01 0 538.75 226.28 0 222.18 98.76
22 3 0 538.74 221.27 0 572.51 146.28 0 223.74 96.26
23 4 0 571.26 147.53 0 538.73 223.75 0 222.50 98.75 0 237.50 557.50
24 3 0 531.25 223.75 0 566.18 148.76 0 218.75 98.76
25 3 0 568.74 146.24 0 536.27 223.74 0 221.26 98.75
26 3 0 531.25 222.62 0 218.75 98.76 0 563.75 146.26
27 3 0 565.00 150.04 0 532.60 226.30 0 221.25 103.73
28 3 0 561.26 146.30 0 217.51 103.71 0 528.68 223.90
29 3 0 531.23 223.75 0 563.75 146.26 0 221.24 102.10
30 4 0 526.21 228.76 0 558.71 148.80 0 216.33 108.76 0 350.00 500.00
31 3 0 523.76 226.27 0 556.25 146.26 0 216.26 106.26
32 3 0 526.25 223.74 0 558.73 146.24 0 218.76 106.27
33 3 0 526.22 226.25 0 218.74 107.12 0 557.47 146.25
34 3 0 553.74 146.28 0 522.49 226.28 0 214.01 108.74
35 3 0 521.27 229.99 0 553.76 148.75 0 213.89 113.73
36 4 0 518.71 229.04 0 551.23 147.37 0 213.76 113.64 0 213.76 111.27
37 4 0 521.26 231.25 0 216.25 116.25 0 551.25 148.76 0 553.71 148.75
38 3 0 521.25 228.76 0 218.75 113.74 0 553.74 146.27
39 3 0 516.24 231.24 0 547.48 148.38 0 212.49 117.47
40 3 0 517.46 228.73 0 216.26 113.83 0 548.76 143.73
41 3 0 515.00 233.76 0 546.24 148.74 0 213.74 121.26
42 3 0 513.75 233.76 0 213.75 121.25 0 543.74 148.76
43 3 0 213.75 122.49 0 512.97 233.76 0 543.73 148.76
44 3 0 212.52 122.50 0 510.00 233.78 0 541.25 148.75
45 4 0 513.75 233.75 0 237.50 557.50 0 543.74 146.26 0 216.26 121.27
46 3 0 508.73 234.37 0 211.38 125.01 0 538.76 148.73
47 3 0 507.49 234.53 0 211.26 126.23 0 538.39 148.38
48 3 0 510.00 233.76 0 541.25 146.23 0 213.74 126.25
49 3 0 508.74 236.26 0 538.74 148.75 0 213.76 128.77
50 3 0 212.52 125.00 0 536.26 143.75 0 506.24 231.25
