1 0
2 1 0 288.75 73.77
3 1 0 288.73 73.59
4 2 0 294.99 74.69 0 525.04 90.02
5 1 0 298.24 70.01
6 1 0 301.25 70.01
7 1 0 301.25 73.80
8 1 0 303.75 73.77
9 1 0 312.29 73.75
10 1 0 311.21 78.75
11 2 0 313.77 76.25 0 311.92 76.25
12 1 0 321.26 78.75
13 1 0 320.82 77.95
14 1 0 326.25 74.98
15 1 0 326.25 78.75
16 1 0 331.27 78.74
17 2 0 16.25 23.74 0 333.74 78.78
18 3 0 16.26 26.26 0 336.30 78.73 0 334.99 80.00
19 2 0 16.25 28.75 0 338.75 78.73
20 2 0 21.23 31.26 0 346.25 78.75
21 2 0 18.76 38.74 0 348.75 82.52
22 3 0 18.75 41.27 0 349.96 82.54 0 323.44 83.75
23 2 0 18.75 38.76 0 353.79 78.74
24 1 0 22.51 46.22
25 2 0 21.24 46.25 0 361.25 78.75
26 2 0 21.25 53.75 0 362.50 85.00
27 1 0 21.24 53.76
28 3 0 22.48 61.23 0 371.04 86.26 0 18.75 393.80
29 3 0 21.24 59.96 0 372.49 82.47 0 18.74 387.51
30 3 0 25.02 66.26 0 23.75 388.76 0 376.76 86.24
31 3 0 378.77 83.76 0 26.24 383.75 0 25.79 66.26
32 3 0 25.78 73.74 0 381.25 86.26 0 27.49 386.26
33 3 0 26.26 72.48 0 29.99 378.75 0 386.23 83.75
34 3 0 23.74 76.25 0 386.26 83.75 0 30.00 378.72
35 4 0 28.75 82.26 0 36.24 378.74 0 391.24 88.54 0 27.52 397.49
36 3 0 28.74 82.51 0 37.50 372.50 0 395.00 85.01
37 4 0 29.98 89.71 0 398.74 88.77 0 41.25 373.75 0 173.81 634.42
38 3 0 31.21 89.15 0 43.76 370.00 0 403.71 86.30
39 3 0 45.02 371.24 0 403.76 91.24 0 31.22 96.25
40 3 0 48.76 366.26 0 32.46 96.25 0 408.77 86.24
41 3 0 29.97 98.75 0 46.23 363.74 0 406.56 88.73
42 3 0 30.00 103.74 0 48.76 363.73 0 410.93 91.24
43 3 0 33.76 108.76 0 53.74 361.26 0 416.31 92.48
44 2 0 31.23 108.73 0 53.75 357.50
45 3 0 61.25 358.74 0 423.72 93.75 0 36.23 113.79
46 3 0 61.25 351.25 0 36.24 113.74 0 423.74 88.76
47 3 0 37.53 116.26 0 428.75 89.99 0 63.75 348.76
48 4 0 40.01 124.99 0 432.48 94.86 0 66.28 351.26 0 66.63 352.85
49 3 0 436.25 93.76 0 41.75 126.24 0 71.12 348.75
50 3 0 68.73 343.72 0 434.99 92.50 0 38.76 127.69
