1 0
2 1 0 508.76 273.74
3 2 0 510.39 273.77 0 117.51 157.50
4 1 0 511.05 276.38
5 1 0 508.72 274.82
6 1 0 503.73 273.84
7 1 0 506.81 275.04
8 1 0 503.72 273.77
9 1 0 503.72 273.77
10 1 0 503.66 273.76
11 1 0 501.25 278.62
12 1 0 496.27 273.76
13 1 0 496.25 276.25
14 1 0 493.78 276.27
15 1 0 496.26 273.75
16 1 0 496.30 273.76
17 1 0 493.76 278.75
18 1 0 493.75 273.76
19 0
20 1 0 491.27 277.50
21 1 0 491.23 278.74
22 1 0 488.75 278.76
23 2 0 486.26 276.26 0 487.52 275.61
24 1 0 484.99 276.25
25 2 0 488.77 276.25 0 150.00 27.59
26 1 0 483.75 278.75
27 1 0 482.49 278.76
28 1 0 481.25 278.75
29 1 0 481.26 277.48
30 1 0 482.50 277.51
31 1 0 477.50 277.50
32 1 0 477.49 275.00
33 1 0 478.77 276.24
34 1 0 476.24 273.81
35 1 0 476.92 278.75
36 1 0 473.75 275.01
37 1 0 469.98 277.49
38 2 0 473.73 278.75 0 471.29 278.77
39 2 0 157.50 37.50 0 473.76 276.25
40 1 0 471.15 278.75
41 1 0 467.48 277.51
42 1 0 466.26 276.24
43 1 0 466.27 276.27
44 1 0 463.74 275.45
45 2 0 463.72 276.25 0 157.48 42.51
46 1 0 463.73 276.20
47 1 0 463.72 276.25
48 1 0 463.74 281.23
49 2 0 459.99 276.52 0 162.50 42.50
50 1 0 463.64 277.51
