1 0
2 1 0 591.17 288.76
3 2 0 588.73 290.00 0 130.07 576.24
4 2 0 586.25 290.03 0 131.26 573.73
5 2 0 584.70 291.25 0 133.76 573.74
6 2 0 582.44 292.52 0 136.25 573.76
7 3 0 578.75 293.45 0 511.24 17.48 0 138.75 573.76
8 3 0 509.97 20.00 0 577.48 293.74 0 141.23 571.23
9 4 0 507.48 21.23 0 573.82 293.80 0 143.74 571.25 0 574.52 295.00
10 3 0 572.52 295.91 0 505.01 22.49 0 147.49 571.25
11 3 0 569.99 296.28 0 502.51 23.74 0 147.49 572.49
12 3 0 567.51 297.52 0 501.25 26.27 0 149.97 570.34
13 3 0 564.96 297.69 0 498.76 27.53 0 153.79 568.77
14 3 0 497.50 29.69 0 562.49 298.73 0 155.01 568.87
15 3 0 495.03 29.99 0 560.00 300.02 0 157.48 568.74
16 2 0 557.50 301.26 0 492.51 32.49
17 3 0 556.22 301.28 0 490.02 34.67 0 161.24 566.27
18 3 0 489.35 35.21 0 553.75 302.51 0 164.99 566.26
19 3 0 550.17 303.47 0 486.84 37.50 0 166.25 565.02
20 3 0 484.97 38.76 0 548.73 304.28 0 169.97 564.70
21 3 0 546.24 305.00 0 482.48 39.97 0 170.13 563.75
22 3 0 481.25 42.51 0 543.74 305.83 0 172.50 563.74
23 3 0 541.26 306.24 0 478.73 43.75 0 176.26 563.75
24 3 0 477.45 45.02 0 539.18 307.48 0 178.77 562.41
25 3 0 474.98 47.51 0 536.26 308.73 0 181.21 561.25
26 3 0 472.48 48.72 0 533.76 308.75 0 183.72 561.23
27 2 0 471.24 50.01 0 531.24 310.33
28 3 0 529.64 311.23 0 469.97 52.50 0 187.50 561.25
29 4 0 467.48 53.74 0 527.38 312.47 0 620.00 281.27 0 191.23 558.76
30 4 0 524.99 312.47 0 465.00 54.96 0 193.74 558.76 0 618.76 281.24
31 3 0 522.50 313.77 0 462.49 57.49 0 195.00 557.58
32 4 0 461.26 58.00 0 520.00 314.91 0 197.46 555.35 0 612.51 277.50
33 4 0 458.85 60.01 0 517.47 314.99 0 610.77 277.51 0 201.40 556.33
34 4 0 457.44 61.81 0 514.99 316.25 0 202.49 556.25 0 608.77 276.38
35 4 0 455.05 62.72 0 512.55 317.52 0 204.98 554.99 0 606.21 276.26
36 4 0 511.23 318.75 0 452.49 65.04 0 603.00 274.99 0 206.24 553.77
37 4 0 451.21 66.42 0 507.50 318.75 0 602.50 275.00 0 209.99 553.74
38 4 0 450.00 67.49 0 506.25 319.98 0 212.52 554.58 0 598.73 273.74
39 3 0 503.73 320.77 0 447.17 69.98 0 213.73 553.75
40 4 0 501.25 321.25 0 445.00 71.27 0 593.75 271.26 0 216.27 553.75
41 4 0 498.75 322.51 0 442.48 73.74 0 591.19 271.23 0 216.33 553.73
42 3 0 441.24 75.01 0 496.27 322.65 0 587.50 269.99
43 4 0 493.75 323.75 0 438.78 77.46 0 587.48 268.83 0 223.71 550.01
44 4 0 437.45 77.50 0 491.26 325.01 0 226.24 550.01 0 583.75 268.77
45 4 0 488.77 326.25 0 435.00 79.99 0 227.52 550.01 0 581.87 266.24
46 4 0 432.50 81.24 0 486.25 326.24 0 229.99 547.50 0 578.76 266.29
47 4 0 431.22 82.68 0 484.97 327.50 0 233.78 548.74 0 576.27 266.25
48 4 0 429.97 84.97 0 481.79 328.24 0 235.02 547.96 0 573.76 266.26
49 4 0 427.49 86.27 0 479.96 328.75 0 236.24 547.53 0 571.26 263.76
50 4 0 477.45 330.01 0 424.97 87.50 0 568.75 263.74 0 242.53 547.58
