1 0
2 0
3 2 0 206.23 568.77 0 122.50 235.01
4 2 0 401.26 511.26 0 211.35 570.05
5 4 0 211.23 571.26 0 398.75 511.22 0 16.26 511.33 0 16.26 513.34
6 3 0 401.26 506.25 0 18.75 506.27 0 212.49 566.24
7 3 0 399.98 508.74 0 211.74 571.54 0 16.25 508.76
8 3 0 398.76 505.04 0 211.26 568.74 0 16.25 506.25
9 4 0 403.75 502.47 0 268.06 637.05 0 218.76 568.74 0 18.77 501.61
10 3 0 401.23 505.02 0 216.25 571.28 0 16.25 506.24
11 2 0 401.25 500.02 0 16.26 498.75
12 3 0 402.52 502.54 0 220.00 572.52 0 18.76 501.23
13 3 0 404.99 501.61 0 18.75 500.07 0 221.31 571.26
14 4 0 405.01 500.02 0 18.75 498.77 0 223.73 571.27 0 460.42 290.96
15 3 0 406.24 497.48 0 226.24 571.26 0 21.25 496.23
16 4 0 406.25 493.75 0 18.75 491.26 0 623.74 596.21 0 226.25 568.76
17 4 0 406.26 492.52 0 18.74 491.25 0 623.66 593.80 0 227.91 568.74
18 4 0 229.98 570.00 0 408.78 492.53 0 20.03 490.26 0 623.40 593.86
19 4 0 403.74 491.74 0 226.26 570.00 0 16.27 488.76 0 616.26 594.03
20 3 0 404.97 492.48 0 227.52 571.29 0 16.27 488.78
21 4 0 407.47 492.44 0 231.22 573.69 0 18.76 488.76 0 616.26 596.22
22 4 0 410.02 486.33 0 20.00 483.76 0 234.99 568.89 0 617.50 591.26
23 4 0 410.01 486.25 0 21.25 483.75 0 237.48 570.02 0 617.41 591.26
24 5 0 411.24 485.02 0 21.25 481.28 0 238.71 571.23 0 71.25 16.26 0 616.26 591.25
25 4 0 407.49 486.69 0 18.75 483.75 0 236.24 573.73 0 611.25 591.25
26 6 0 410.03 481.26 0 612.52 587.51 0 18.74 476.26 0 226.22 13.74 0 238.74 568.76 0 71.23 16.28
27 5 0 409.00 483.94 0 238.74 573.75 0 71.16 20.16 0 608.75 591.24 0 16.26 481.27
28 5 0 16.25 476.25 0 238.72 571.24 0 606.25 588.69 0 406.37 479.47 0 637.42 230.15
29 5 0 408.78 481.10 0 606.24 588.49 0 16.24 476.26 0 241.24 573.74 0 73.75 21.25
30 5 0 18.75 476.25 0 411.29 481.24 0 243.75 573.74 0 608.75 587.43 0 76.26 21.43
31 7 0 411.26 473.74 0 244.99 568.99 0 77.48 19.85 0 18.76 468.75 0 606.24 583.72 0 172.49 594.99 0 222.40 20.77
32 6 0 411.28 473.75 0 246.22 568.75 0 77.50 18.80 0 221.24 21.26 0 18.75 468.76 0 603.77 581.24
33 5 0 412.67 476.86 0 248.75 573.73 0 603.75 586.35 0 18.75 471.26 0 223.75 27.29
34 6 0 16.26 466.28 0 410.06 472.50 0 220.02 27.47 0 246.32 571.25 0 598.76 581.26 0 78.74 21.26
35 4 0 412.50 469.67 0 251.03 570.01 0 81.32 20.01 0 18.75 463.76
36 6 0 248.74 571.26 0 412.47 470.00 0 16.26 463.74 0 220.12 28.72 0 597.50 579.99 0 81.27 23.73
37 8 0 18.76 466.28 0 83.78 27.50 0 597.69 581.26 0 221.23 33.72 0 413.73 471.25 0 253.65 573.73 0 415.07 472.55 0 252.67 575.78
38 7 0 18.75 458.76 0 221.24 28.75 0 416.36 465.55 0 254.29 570.03 0 596.25 576.26 0 75.11 29.67 0 86.29 21.87
39 7 0 21.24 458.76 0 417.57 464.81 0 258.76 571.27 0 598.71 576.26 0 88.77 23.74 0 223.74 31.26 0 522.49 117.50
40 6 0 417.51 468.65 0 20.50 461.22 0 595.02 580.00 0 88.81 27.54 0 221.25 37.49 0 258.75 576.24
41 7 0 418.75 466.28 0 91.25 27.50 0 21.25 458.76 0 260.54 573.76 0 529.97 329.97 0 221.88 37.52 0 595.03 577.76
42 7 0 414.18 463.88 0 257.29 573.23 0 218.75 38.74 0 18.75 456.27 0 414.97 464.98 0 88.76 27.46 0 588.95 576.26
43 5 0 417.52 460.02 0 261.24 571.25 0 20.97 452.23 0 221.26 36.26 0 92.50 26.22
44 6 0 18.77 451.25 0 416.27 458.77 0 261.21 571.25 0 587.51 572.51 0 216.31 38.37 0 637.20 229.65
45 6 0 416.34 458.72 0 261.24 571.25 0 18.76 449.98 0 92.50 27.53 0 587.49 572.48 0 216.25 41.27
46 6 0 421.25 458.92 0 220.00 43.76 0 266.58 573.75 0 590.00 572.48 0 23.74 451.26 0 96.75 30.13
47 6 0 266.45 571.26 0 419.99 454.96 0 218.75 41.24 0 96.27 28.70 0 21.27 445.26 0 587.50 570.00
48 4 0 421.29 453.76 0 268.74 571.26 0 220.00 43.53 0 99.99 29.99
49 6 0 268.74 576.26 0 218.76 48.79 0 421.25 456.26 0 549.98 147.49 0 586.26 571.25 0 22.57 448.75
50 6 0 417.91 453.78 0 268.74 576.27 0 21.01 446.25 0 216.25 48.77 0 213.72 48.77 0 96.28 34.54
