1 0
2 1 0 578.34 591.25
3 1 0 577.67 587.16
4 2 0 576.53 586.25 0 490.00 188.75
5 3 0 490.00 195.00 0 576.80 588.73 0 347.50 507.53
6 2 0 583.75 583.76 0 493.75 193.75
7 5 0 299.99 37.50 0 482.55 191.21 0 573.75 581.24 0 486.23 16.26 0 617.46 11.35
8 3 0 485.08 187.51 0 235.00 562.48 0 303.73 33.77
9 3 0 482.50 195.01 0 576.24 578.75 0 298.77 43.77
10 3 0 485.00 187.51 0 579.31 568.77 0 622.07 6.36
11 3 0 307.48 45.01 0 583.73 573.77 0 486.25 196.24
12 2 0 573.75 571.25 0 473.76 194.81
13 3 0 578.75 563.74 0 300.01 42.50 0 477.67 190.00
14 3 0 476.16 189.99 0 581.24 562.29 0 300.04 46.07
15 5 0 237.48 562.52 0 475.02 189.98 0 580.47 561.22 0 17.70 71.26 0 299.53 48.75
16 4 0 21.22 81.28 0 300.01 58.90 0 581.23 566.23 0 475.00 202.50
17 4 0 474.99 197.42 0 583.73 558.74 0 23.74 77.13 0 301.25 53.74
18 4 0 292.53 52.50 0 466.23 193.76 0 20.02 75.02 0 578.70 554.60
19 4 0 20.00 77.50 0 491.20 35.00 0 293.74 56.26 0 576.26 551.25
20 5 0 578.75 561.26 0 293.76 67.52 0 517.50 237.51 0 463.74 203.74 0 621.26 16.67
21 4 0 582.51 556.24 0 466.26 202.51 0 29.58 86.28 0 296.25 66.25
22 5 0 573.74 554.62 0 288.75 68.67 0 22.71 88.75 0 456.88 203.74 0 58.74 90.01
23 5 0 296.25 68.76 0 582.52 551.23 0 463.73 203.75 0 33.72 90.40 0 626.17 13.69
24 6 0 31.19 83.53 0 578.76 541.27 0 346.26 616.26 0 492.51 45.01 0 291.25 63.67 0 458.29 196.23
25 5 0 33.75 86.26 0 578.76 541.25 0 347.84 616.23 0 456.27 197.49 0 292.48 66.24
26 6 0 348.73 618.75 0 37.51 92.50 0 581.26 546.27 0 458.75 203.75 0 498.73 53.77 0 293.73 73.79
27 5 0 348.74 613.74 0 581.24 538.77 0 292.98 71.24 0 38.74 89.05 0 453.75 201.25
28 5 0 338.75 620.68 0 573.75 543.76 0 285.04 81.26 0 445.00 210.00 0 33.77 98.43
29 5 0 581.25 541.25 0 290.03 81.29 0 451.22 208.76 0 41.27 98.74 0 496.33 61.29
30 4 0 444.98 210.02 0 340.06 617.47 0 621.26 16.29 0 286.23 86.27
31 5 0 333.63 612.50 0 438.71 206.25 0 35.01 99.48 0 571.61 536.26 0 281.24 83.79
32 6 0 438.72 211.25 0 333.74 613.75 0 281.27 88.75 0 347.51 211.32 0 573.75 536.26 0 41.25 103.75
33 6 0 580.01 531.27 0 340.29 611.26 0 443.75 208.77 0 443.76 206.98 0 355.00 210.04 0 288.77 88.76
34 7 0 331.25 603.74 0 572.50 523.74 0 434.60 203.74 0 281.25 83.75 0 221.26 618.74 0 41.24 97.37 0 621.26 452.48
35 7 0 571.26 523.75 0 41.26 98.75 0 431.23 203.72 0 328.78 601.27 0 277.53 86.23 0 218.81 616.32 0 620.00 452.54
36 6 0 568.75 523.76 0 277.44 89.98 0 326.25 603.75 0 426.77 206.25 0 41.27 101.25 0 216.39 617.51
37 7 0 429.88 212.52 0 218.75 621.26 0 490.01 77.49 0 277.50 98.75 0 46.25 109.65 0 571.25 528.73 0 328.92 608.74
38 7 0 223.74 618.76 0 331.28 605.01 0 53.76 109.98 0 577.44 523.76 0 433.76 211.25 0 283.73 98.76 0 498.76 78.76
39 7 0 568.76 517.91 0 321.26 598.74 0 48.75 106.25 0 213.75 612.52 0 490.00 77.47 0 421.23 206.23 0 616.31 9.05
40 4 0 218.75 618.75 0 278.73 103.75 0 573.74 521.24 0 326.23 602.55
41 7 0 221.25 611.25 0 330.01 598.75 0 59.89 110.42 0 427.50 211.23 0 282.49 101.26 0 577.48 516.25 0 498.85 81.73
42 7 0 218.76 613.75 0 60.00 115.01 0 576.24 517.47 0 498.79 86.27 0 326.22 598.74 0 423.73 213.75 0 328.56 598.76
43 7 0 317.49 593.77 0 566.33 511.26 0 616.25 11.15 0 412.85 209.99 0 270.44 101.20 0 208.82 608.70 0 208.91 606.73
44 5 0 325.00 589.99 0 576.25 506.38 0 218.76 603.77 0 278.73 103.74 0 63.76 113.81
45 4 0 322.50 596.26 0 216.25 609.94 0 573.75 511.25 0 628.73 461.22
46 5 0 205.00 602.51 0 267.48 110.01 0 566.23 506.23 0 490.00 90.01 0 313.14 589.77
47 9 0 321.26 586.28 0 275.01 109.20 0 68.73 115.00 0 213.74 598.73 0 373.74 586.25 0 416.26 211.22 0 573.85 501.26 0 575.72 501.25 0 499.69 90.08
48 8 0 568.76 506.28 0 206.22 605.01 0 313.76 591.26 0 268.85 117.72 0 63.73 123.77 0 493.61 101.31 0 366.24 591.26 0 408.78 218.76
49 8 0 201.29 597.50 0 308.86 583.75 0 61.25 118.75 0 403.73 213.73 0 566.19 498.76 0 362.50 583.08 0 267.51 114.99 0 491.33 96.28
50 6 0 366.26 578.75 0 404.98 211.77 0 311.24 578.77 0 568.77 493.75 0 206.22 593.77 0 268.74 115.00
