1 0
2 2 0 186.24 491.25 0 101.34 153.73
3 3 0 193.73 486.27 0 108.76 147.51 0 192.41 485.69
4 2 0 113.76 151.24 0 198.72 488.74
5 2 0 115.00 154.87 0 198.74 491.16
6 2 0 189.98 492.53 0 107.49 156.25
7 2 0 198.73 493.75 0 115.00 158.75
8 2 0 201.25 488.77 0 117.51 155.02
9 2 0 193.76 493.77 0 111.25 161.25
10 1 0 110.00 157.51
11 3 0 203.76 488.74 0 69.99 561.39 0 121.25 156.25
12 5 0 196.24 486.24 0 2.54 578.58 0 113.75 156.24 0 111.23 156.25 0 61.25 558.72
13 2 0 206.21 492.50 0 123.59 161.27
14 2 0 113.75 163.74 0 199.78 493.76
15 3 0 203.76 483.95 0 118.73 154.77 0 4.29 576.79
16 3 0 198.74 488.75 0 86.26 161.26 0 113.75 158.84
17 3 0 623.74 210.00 0 122.51 164.99 0 208.75 493.76
18 3 0 616.26 206.23 0 201.25 489.99 0 116.24 161.27
19 4 0 623.75 202.55 0 210.01 485.14 0 125.01 157.51 0 67.21 550.02
20 4 0 117.50 162.51 0 203.74 490.02 0 615.00 207.48 0 442.21 587.14
21 4 0 617.50 212.52 0 206.24 493.75 0 121.24 166.23 0 269.97 572.72
22 3 0 213.75 486.24 0 622.48 205.65 0 128.75 158.75
23 5 0 614.97 208.31 0 121.27 161.26 0 206.26 487.61 0 606.22 581.23 0 2.63 578.50
24 3 0 130.00 162.55 0 216.33 488.76 0 623.75 210.00
25 3 0 622.50 214.34 0 218.77 491.25 0 67.50 547.57
26 4 0 613.63 212.50 0 208.73 488.76 0 91.26 169.99 0 122.51 165.01
27 3 0 212.48 486.24 0 615.00 209.99 0 606.21 578.76
28 3 0 612.51 216.32 0 211.26 491.26 0 125.03 168.75
29 8 0 612.51 214.97 0 92.50 172.31 0 212.45 488.60 0 604.97 124.98 0 123.77 168.73 0 57.45 541.86 0 562.68 211.27 0 123.99 166.60
30 4 0 132.51 162.50 0 617.67 212.19 0 218.76 484.96 0 61.60 538.75
31 4 0 612.51 221.26 0 314.73 623.74 0 216.24 493.08 0 126.26 173.76
32 7 0 613.74 222.46 0 218.75 493.76 0 96.26 178.75 0 3.17 587.63 0 316.26 623.74 0 130.71 173.78 0 130.09 176.19
33 6 0 618.73 215.91 0 321.27 616.25 0 225.98 486.25 0 136.26 166.24 0 224.95 485.37 0 5.95 578.53
34 7 0 223.72 483.75 0 318.70 613.74 0 101.25 171.27 0 5.07 577.01 0 616.25 216.26 0 133.82 166.29 0 136.25 166.27
35 6 0 317.47 612.50 0 616.27 216.28 0 136.26 166.26 0 225.50 483.78 0 602.47 573.76 0 61.25 532.62
36 4 0 614.97 226.29 0 316.24 621.23 0 226.24 493.77 0 136.25 176.29
37 6 0 612.52 228.23 0 313.74 621.25 0 223.74 493.76 0 101.25 183.73 0 136.26 178.76 0 597.72 583.73
38 4 0 617.54 221.26 0 318.73 612.48 0 231.23 486.25 0 141.29 171.23
39 6 0 611.26 220.04 0 136.26 168.72 0 226.25 483.77 0 101.25 176.25 0 313.76 608.78 0 311.28 608.75
40 6 0 616.29 222.47 0 317.47 610.00 0 231.24 486.25 0 107.51 178.74 0 143.73 171.25 0 61.34 529.19
41 4 0 317.47 612.51 0 233.75 488.78 0 616.92 227.55 0 143.75 176.23
42 5 0 616.25 229.99 0 235.02 491.25 0 316.23 613.73 0 597.47 578.77 0 146.25 178.76
43 6 0 613.76 232.48 0 233.75 493.76 0 143.74 181.28 0 315.02 616.22 0 107.50 187.50 0 316.20 614.57
44 4 0 316.25 611.25 0 237.50 488.76 0 616.27 230.00 0 147.48 178.73
45 5 0 605.16 228.75 0 306.25 606.25 0 228.72 486.24 0 138.74 176.25 0 101.25 183.74
46 5 0 612.51 227.53 0 237.91 486.23 0 147.49 173.77 0 110.00 181.26 0 67.52 467.92
47 7 0 612.53 228.72 0 238.74 486.26 0 60.01 522.54 0 313.75 603.76 0 148.06 173.73 0 311.21 603.76 0 148.07 176.25
48 5 0 603.77 235.00 0 231.25 491.26 0 141.25 181.25 0 303.76 608.77 0 306.23 608.78
49 7 0 612.53 234.99 0 241.31 489.01 0 151.23 181.27 0 311.31 606.24 0 313.56 606.26 0 61.22 525.00 0 113.77 189.99
50 6 0 604.99 238.76 0 233.74 491.26 0 303.74 608.74 0 143.74 183.74 0 106.26 193.76 0 387.52 29.99
