1 0
2 2 0 371.03 132.82 0 578.77 526.24
3 4 0 363.95 125.09 0 573.75 518.76 0 593.58 293.76 0 591.42 293.66
4 3 0 593.75 302.35 0 573.75 528.76 0 366.25 134.99
5 4 0 588.76 293.75 0 361.25 126.37 0 568.74 521.27 0 360.02 127.51
6 3 0 590.06 293.17 0 570.01 521.24 0 362.45 126.25
7 4 0 568.77 521.24 0 588.74 293.06 0 18.74 61.26 0 362.50 127.27
8 6 0 570.46 529.99 0 589.98 301.24 0 21.25 71.25 0 282.43 482.51 0 362.52 136.28 0 451.90 634.76
9 3 0 361.27 138.75 0 570.00 530.01 0 588.58 301.29
10 4 0 564.97 521.28 0 357.47 129.51 0 588.70 181.20 0 18.76 66.26
11 5 0 357.59 131.24 0 563.75 522.52 0 20.00 66.27 0 581.26 292.49 0 281.24 471.22
12 6 0 358.73 138.75 0 566.25 528.74 0 586.26 298.75 0 26.24 73.82 0 588.74 576.27 0 266.28 66.30
13 3 0 348.75 136.27 0 555.02 526.24 0 16.28 71.23
14 4 0 27.49 76.25 0 562.54 530.04 0 357.48 141.25 0 581.24 298.77
15 2 0 348.05 136.26 0 555.02 526.25
16 4 0 345.02 138.74 0 551.22 526.25 0 18.75 76.05 0 568.74 296.26
17 2 0 346.25 143.75 0 550.00 532.51
18 4 0 557.50 531.25 0 27.53 82.47 0 351.24 144.14 0 576.27 301.28
19 4 0 549.99 525.00 0 23.74 76.27 0 568.75 291.29 0 343.74 137.42
20 3 0 341.24 141.20 0 563.74 293.75 0 21.25 80.30
21 4 0 338.75 143.75 0 21.25 83.75 0 543.75 528.76 0 563.76 296.99
22 5 0 338.76 143.73 0 11.34 566.24 0 561.26 296.25 0 23.73 81.28 0 543.73 528.76
23 5 0 548.73 533.75 0 343.73 148.74 0 31.23 88.74 0 568.74 301.57 0 594.98 489.99
24 6 0 548.72 528.94 0 346.25 146.26 0 36.25 86.26 0 568.77 298.63 0 23.68 566.24 0 588.31 572.51
25 3 0 558.72 301.23 0 538.72 533.81 0 336.25 148.74
26 4 0 341.68 143.77 0 5.80 588.36 0 563.73 293.80 0 342.52 145.09
27 4 0 336.28 153.75 0 558.73 301.24 0 541.22 533.84 0 21.25 569.12
28 5 0 555.00 292.51 0 333.74 146.27 0 19.11 558.86 0 536.28 526.25 0 29.24 88.76
29 5 0 337.53 146.26 0 557.50 292.51 0 24.43 558.75 0 541.23 528.75 0 541.24 526.60
30 5 0 38.40 91.26 0 28.74 558.72 0 336.82 147.10 0 558.75 292.80 0 538.75 528.82
31 3 0 556.26 291.41 0 28.75 557.46 0 334.87 147.47
32 5 0 333.74 148.76 0 29.99 556.23 0 555.00 292.51 0 536.27 528.76 0 37.50 90.04
33 2 0 334.06 151.24 0 31.21 558.70
34 4 0 332.57 158.18 0 124.97 22.28 0 33.74 563.74 0 188.73 93.76
35 5 0 122.53 23.73 0 328.78 161.28 0 548.73 301.25 0 31.22 563.75 0 18.78 441.26
36 6 0 122.52 25.00 0 326.25 161.26 0 546.25 301.25 0 33.65 563.73 0 355.00 68.80 0 31.33 563.72
37 6 0 128.74 19.96 0 331.22 156.25 0 37.50 556.23 0 530.25 531.25 0 43.74 101.23 0 551.20 296.26
38 5 0 129.97 22.46 0 37.55 557.50 0 328.75 161.20 0 529.98 533.77 0 548.63 298.74
39 4 0 322.48 164.99 0 125.03 26.50 0 33.79 561.28 0 541.25 301.23
40 6 0 130.01 27.50 0 324.99 165.40 0 38.74 558.75 0 45.00 109.83 0 543.75 301.24 0 524.99 537.54
41 6 0 318.74 166.24 0 126.36 28.72 0 36.21 558.75 0 536.25 301.25 0 518.72 538.76 0 41.24 111.23
42 6 0 42.50 555.01 0 133.74 27.46 0 325.01 163.77 0 48.74 108.75 0 523.75 536.27 0 541.80 298.75
43 6 0 314.99 163.75 0 531.25 298.77 0 126.23 26.28 0 50.04 610.36 0 33.79 553.74 0 263.72 591.26
44 4 0 37.47 547.51 0 316.25 159.99 0 531.24 293.76 0 129.34 23.72
45 6 0 43.06 546.62 0 468.74 497.54 0 536.26 293.76 0 318.84 161.26 0 136.26 23.41 0 320.01 159.99
46 4 0 311.25 167.48 0 36.25 551.26 0 128.83 28.74 0 528.70 298.72
47 5 0 311.23 169.14 0 526.25 298.76 0 131.24 31.26 0 38.71 551.23 0 508.74 536.27
48 5 0 308.76 166.25 0 498.77 277.48 0 506.26 529.97 0 132.45 28.72 0 41.24 546.24
49 6 0 132.50 34.96 0 308.73 171.82 0 41.25 550.04 0 523.73 298.77 0 45.01 118.79 0 506.25 536.25
50 5 0 316.25 172.52 0 51.26 548.76 0 531.23 298.76 0 142.88 33.64 0 98.78 282.47
