1 0
2 1 0 153.76 518.74
3 1 0 153.73 519.25
4 1 0 156.25 513.76
5 0
6 1 0 162.50 510.00
7 1 0 163.73 507.49
8 1 0 166.25 510.05
9 2 0 166.23 503.76 0 168.54 503.75
10 1 0 171.26 508.74
11 1 0 173.72 503.76
12 1 0 178.75 500.06
13 1 0 181.25 501.27
14 1 0 178.75 496.27
15 1 0 181.25 496.21
16 1 0 188.72 493.73
17 1 0 188.76 490.01
18 1 0 193.78 489.87
19 0
20 1 0 194.99 486.24
21 1 0 201.25 483.67
22 0
23 0
24 0
25 1 0 16.28 456.24
26 1 0 21.24 456.26
27 2 0 266.25 623.74 0 23.21 461.25
28 3 0 23.75 458.76 0 266.25 616.28 0 216.27 471.25
29 2 0 27.49 458.76 0 266.29 613.76
30 2 0 31.19 461.80 0 266.25 613.15
31 3 0 37.50 460.01 0 226.24 463.74 0 269.99 606.26
32 1 0 36.25 461.32
33 3 0 45.81 463.77 0 233.74 463.74 0 273.75 605.47
34 2 0 46.26 466.27 0 236.11 463.73
35 4 0 46.27 466.26 0 233.76 462.30 0 268.77 598.76 0 268.74 601.42
36 3 0 51.24 467.19 0 237.50 460.00 0 269.99 597.48
37 4 0 268.75 590.00 0 238.72 456.28 0 53.75 465.99 0 53.75 464.21
38 4 0 244.84 453.74 0 61.25 463.74 0 273.73 586.30 0 273.74 583.95
39 3 0 61.24 466.26 0 243.59 453.75 0 268.73 583.74
40 4 0 67.49 468.74 0 249.99 452.49 0 273.76 581.26 0 523.71 52.49
41 3 0 273.75 576.25 0 73.75 463.71 0 253.75 446.24
42 3 0 73.76 469.82 0 273.73 576.26 0 256.24 448.95
43 3 0 270.60 571.32 0 73.74 468.76 0 253.76 445.02
44 3 0 77.49 470.04 0 271.23 570.00 0 256.25 446.23
45 3 0 271.24 566.25 0 261.25 443.75 0 81.47 471.25
46 3 0 84.99 467.50 0 263.73 437.74 0 272.75 561.24
47 4 0 276.25 557.50 0 269.99 437.47 0 92.50 468.82 0 149.96 170.00
48 4 0 276.24 557.49 0 268.78 438.76 0 96.26 471.24 0 96.26 473.36
49 4 0 273.64 551.26 0 269.57 433.76 0 93.71 468.74 0 148.75 173.77
50 4 0 273.76 431.21 0 273.76 546.26 0 98.75 467.14 0 150.00 173.13
