1 0
2 0
3 0
4 1 0 562.52 148.72
5 2 0 562.51 148.72 0 623.74 496.28
6 3 0 562.50 149.93 0 623.73 496.27 0 553.75 366.24
7 3 0 561.25 148.76 0 623.75 495.94 0 553.77 366.24
8 3 0 551.25 366.24 0 621.35 496.01 0 561.25 148.72
9 2 0 621.24 493.74 0 551.23 366.25
10 3 0 621.25 493.84 0 551.22 365.31 0 558.62 151.15
11 3 0 550.00 365.01 0 621.25 492.51 0 557.48 151.24
12 2 0 548.73 365.00 0 620.00 492.50
13 2 0 620.01 491.99 0 547.50 363.78
14 3 0 618.76 491.26 0 555.00 153.73 0 547.51 364.96
15 3 0 546.79 363.83 0 553.73 153.76 0 618.76 489.98
16 2 0 618.77 489.99 0 546.26 363.69
17 3 0 616.25 488.73 0 551.26 154.92 0 543.69 363.70
18 1 0 551.24 154.98
19 3 0 551.27 156.24 0 540.00 362.54 0 616.26 486.24
20 3 0 548.74 156.25 0 541.26 361.30 0 613.75 486.24
21 3 0 548.73 156.27 0 613.75 485.01 0 541.24 361.24
22 3 0 547.51 157.48 0 613.74 485.01 0 540.01 362.06
23 3 0 612.51 485.01 0 546.26 157.50 0 249.67 350.36
24 2 0 612.51 485.01 0 546.24 158.73
25 2 0 610.72 483.73 0 546.24 158.73
26 2 0 611.24 482.50 0 543.74 158.75
27 2 0 609.99 481.26 0 536.27 358.75
28 3 0 608.75 481.26 0 543.60 161.28 0 19.98 220.00
29 2 0 541.25 161.26 0 533.75 358.74
30 2 0 541.25 162.49 0 533.75 357.28
31 3 0 540.00 162.55 0 532.52 357.49 0 606.22 478.73
32 3 0 530.01 356.65 0 538.76 162.50 0 606.20 477.52
33 3 0 604.96 477.51 0 530.01 357.51 0 538.75 163.75
34 3 0 604.99 477.51 0 530.00 355.03 0 536.25 163.77
35 3 0 604.98 476.25 0 530.02 355.60 0 536.26 163.87
36 3 0 603.73 476.26 0 528.77 355.04 0 536.27 165.97
37 2 0 602.51 475.02 0 533.74 165.00
38 3 0 533.75 166.26 0 603.75 473.78 0 525.70 353.71
39 3 0 524.98 355.00 0 532.53 166.24 0 601.26 473.76
40 1 0 525.01 354.85
41 2 0 523.76 353.78 0 531.27 168.74
42 2 0 530.96 168.76 0 601.25 471.24
43 3 0 529.99 168.76 0 522.51 354.18 0 600.81 471.21
44 3 0 597.54 470.00 0 521.26 351.24 0 528.75 168.77
45 3 0 597.01 469.77 0 521.26 351.27 0 528.76 171.19
46 3 0 596.36 468.74 0 526.25 171.26 0 518.72 351.23
47 3 0 596.25 466.25 0 526.24 171.25 0 517.52 351.24
48 3 0 525.01 172.51 0 517.49 349.99 0 595.04 467.52
49 3 0 595.00 467.51 0 525.00 172.51 0 517.53 350.00
50 3 0 523.78 173.75 0 593.76 466.29 0 516.44 349.99
