1 0
2 5 0 106.24 243.36 0 81.24 377.49 0 173.74 96.26 0 31.23 538.69 0 311.23 546.12
3 3 0 103.73 252.49 0 83.75 366.89 0 173.75 106.26
4 5 0 106.25 266.27 0 38.73 521.24 0 89.99 361.23 0 310.02 532.51 0 178.76 116.93
5 6 0 37.49 507.51 0 101.25 271.24 0 88.76 346.33 0 173.75 123.06 0 42.50 282.51 0 303.73 518.76
6 5 0 102.49 283.02 0 41.26 501.22 0 178.76 133.75 0 303.74 511.25 0 93.77 338.75
7 5 0 98.76 291.26 0 41.25 490.01 0 298.75 499.94 0 93.74 327.33 0 176.28 141.25
8 5 0 41.26 483.75 0 292.52 493.75 0 172.88 153.82 0 94.67 321.30 0 94.92 304.95
9 4 0 100.44 309.95 0 48.77 473.77 0 178.75 161.29 0 294.54 482.71
10 5 0 290.01 476.25 0 103.73 301.32 0 95.10 326.26 0 49.84 466.26 0 176.28 173.74
11 6 0 91.25 331.24 0 50.98 453.40 0 176.25 178.76 0 187.47 117.51 0 286.23 462.65 0 106.23 288.79
12 3 0 103.74 281.23 0 86.24 346.27 0 278.75 456.26
13 4 0 86.23 356.25 0 173.15 202.53 0 107.49 271.24 0 278.67 446.26
14 6 0 621.24 529.98 0 113.75 258.76 0 277.48 435.00 0 86.25 361.25 0 56.27 426.26 0 87.52 362.09
15 5 0 82.48 371.26 0 613.76 521.27 0 112.49 249.83 0 271.21 423.76 0 157.50 194.97
16 7 0 83.90 383.74 0 271.24 416.27 0 84.71 384.97 0 61.25 409.04 0 119.20 241.14 0 178.74 226.29 0 613.73 513.75
17 5 0 116.25 231.26 0 77.50 392.49 0 606.23 503.75 0 263.35 406.26 0 234.99 612.51
18 4 0 78.71 405.36 0 121.25 223.75 0 603.75 498.74 0 263.70 401.23
19 6 0 261.25 391.26 0 601.25 488.77 0 126.23 213.76 0 78.74 415.00 0 178.73 256.26 0 124.80 291.72
20 5 0 72.84 421.27 0 593.75 476.24 0 126.19 198.74 0 253.74 376.26 0 173.75 263.17
21 5 0 75.02 432.49 0 131.24 191.11 0 254.12 368.91 0 592.53 467.94 0 176.31 271.24
22 7 0 72.49 441.26 0 132.45 180.06 0 250.01 357.49 0 586.25 458.75 0 218.77 566.51 0 176.80 281.24 0 218.75 568.75
23 5 0 70.04 454.97 0 581.25 453.75 0 133.76 173.76 0 246.24 353.76 0 213.74 562.58
24 6 0 65.68 464.93 0 133.76 163.76 0 573.75 445.00 0 208.74 553.76 0 241.26 341.72 0 151.24 227.53
25 5 0 67.50 473.79 0 140.97 153.75 0 571.26 435.02 0 208.76 543.75 0 241.25 332.51
26 7 0 66.24 482.48 0 143.73 141.56 0 27.49 77.50 0 205.91 532.49 0 238.74 321.25 0 178.74 318.76 0 566.26 426.22
27 6 0 59.99 492.52 0 141.25 132.47 0 173.76 328.76 0 197.30 525.01 0 230.07 311.25 0 556.27 417.51
28 7 0 61.24 504.97 0 146.26 126.25 0 555.00 412.49 0 197.58 518.75 0 231.26 306.23 0 176.27 341.27 0 43.74 88.75
29 6 0 60.16 512.50 0 194.99 507.52 0 228.73 293.75 0 551.21 401.26 0 178.75 347.52 0 150.61 112.82
30 6 0 541.25 391.25 0 149.97 101.25 0 188.74 496.27 0 56.11 520.24 0 176.25 353.80 0 221.25 281.29
31 8 0 55.93 535.00 0 221.25 276.25 0 186.23 491.26 0 154.57 96.24 0 536.27 388.73 0 458.31 66.20 0 177.44 368.75 0 71.14 98.78
32 7 0 50.11 541.24 0 153.75 83.41 0 76.25 100.30 0 173.73 373.75 0 213.75 263.76 0 178.74 481.23 0 526.67 376.29
33 7 0 50.52 555.07 0 157.46 76.27 0 523.48 372.47 0 177.49 473.84 0 212.48 258.75 0 176.26 386.29 0 86.29 107.29
34 7 0 47.44 561.28 0 515.00 362.51 0 173.75 393.72 0 171.26 461.54 0 157.64 63.74 0 208.73 246.17 0 206.24 246.17
35 6 0 45.11 573.74 0 507.48 357.52 0 203.75 236.27 0 168.74 456.25 0 173.76 403.77 0 161.29 56.29
36 7 0 47.49 581.29 0 506.24 346.27 0 166.23 43.75 0 168.74 445.06 0 205.02 227.46 0 178.74 411.27 0 117.74 113.67
37 6 0 45.14 590.03 0 165.01 435.03 0 498.75 338.76 0 177.33 418.75 0 168.75 31.26 0 201.26 216.23
38 7 0 42.61 603.77 0 176.35 433.77 0 171.25 26.31 0 197.51 210.27 0 161.20 431.20 0 490.91 336.28 0 2.48 508.32
39 7 0 41.31 610.00 0 483.75 323.76 0 194.99 196.26 0 173.64 13.31 0 157.39 416.28 0 176.28 438.74 0 143.73 121.25
40 6 0 40.03 622.76 0 477.48 321.25 0 154.14 411.32 0 156.23 126.26 0 178.74 451.25 0 191.23 191.23
41 4 0 468.73 311.24 0 163.75 126.24 0 178.74 456.26 0 151.22 398.74
42 4 0 460.01 303.38 0 170.49 126.40 0 176.27 466.14 0 145.35 390.69
43 5 0 173.75 476.23 0 178.99 131.10 0 451.25 298.74 0 178.75 158.74 0 138.77 382.72
44 5 0 178.76 153.70 0 446.24 294.22 0 178.63 488.76 0 138.76 378.59 0 191.29 136.26
45 5 0 176.28 493.75 0 438.69 284.89 0 133.75 363.74 0 173.75 140.02 0 201.20 132.25
46 5 0 428.73 278.74 0 168.77 129.98 0 130.00 356.29 0 208.79 133.76 0 174.85 503.29
47 7 0 423.75 273.76 0 178.76 513.77 0 170.00 122.23 0 130.26 347.53 0 117.49 121.51 0 376.26 186.25 0 221.27 137.57
48 5 0 411.24 269.98 0 162.51 115.02 0 227.23 139.90 0 173.75 524.92 0 121.27 341.26
49 5 0 406.25 261.25 0 241.24 138.74 0 162.17 101.46 0 178.74 531.25 0 121.27 329.87
50 7 0 398.71 259.98 0 117.48 324.99 0 158.72 96.27 0 249.95 143.69 0 176.27 543.74 0 405.03 549.95 0 121.25 98.57
