1 0
2 0
3 1 0 301.25 143.74
4 0
5 1 0 306.25 141.88
6 1 0 306.25 146.26
7 1 0 306.25 148.70
8 2 0 307.50 147.51 0 616.26 258.75
9 3 0 626.72 234.34 0 621.25 262.43 0 311.24 148.74
10 2 0 618.77 263.75 0 313.76 153.74
11 2 0 309.98 150.01 0 623.75 236.26
12 2 0 314.98 155.00 0 628.51 238.73
13 3 0 612.56 261.15 0 623.75 238.70 0 313.73 151.23
14 2 0 315.02 155.00 0 623.66 241.09
15 2 0 315.00 158.75 0 623.74 246.18
16 2 0 627.19 242.54 0 610.03 266.26
17 3 0 317.50 157.50 0 604.32 267.52 0 623.65 246.31
18 2 0 322.51 157.50 0 626.28 246.24
19 1 0 602.49 270.00
20 3 0 324.98 163.75 0 629.49 252.08 0 606.23 273.75
21 2 0 322.49 162.50 0 626.19 251.26
22 3 0 602.54 276.23 0 326.24 168.75 0 626.23 256.35
23 2 0 597.56 276.01 0 326.23 168.75
24 3 0 331.25 166.26 0 630.71 258.79 0 602.49 274.99
25 3 0 629.34 260.81 0 332.52 169.98 0 598.71 277.50
26 2 0 626.28 263.61 0 328.74 170.03
27 3 0 595.02 277.50 0 332.55 170.01 0 627.58 260.37
28 3 0 333.58 173.73 0 595.88 281.27 0 630.48 266.46
29 2 0 336.25 171.25 0 629.80 265.51
30 1 0 336.26 176.27
31 4 0 628.83 269.34 0 593.73 281.21 0 338.76 176.23 0 338.76 174.32
32 3 0 628.07 268.81 0 590.28 281.24 0 337.90 176.21
33 3 0 340.00 180.00 0 626.49 276.79 0 588.73 286.26
34 4 0 629.90 273.83 0 589.99 286.26 0 341.25 178.76 0 100.01 507.49
35 3 0 623.74 278.75 0 340.01 181.24 0 583.73 288.74
36 2 0 340.03 181.24 0 581.25 288.73
37 4 0 587.49 289.55 0 629.37 278.80 0 106.42 578.74 0 347.49 183.08
38 2 0 626.31 278.71 0 581.25 286.32
39 4 0 579.84 290.18 0 625.61 281.38 0 343.76 183.74 0 346.26 183.73
40 3 0 627.50 282.50 0 578.76 290.00 0 346.26 183.74
41 3 0 629.87 285.43 0 579.67 293.62 0 351.20 186.22
42 4 0 347.49 190.01 0 623.69 288.86 0 572.35 294.25 0 573.57 296.44
43 3 0 623.75 291.24 0 348.75 191.24 0 573.31 296.33
44 3 0 572.51 298.74 0 623.65 293.37 0 350.00 193.76
45 3 0 355.00 194.99 0 574.38 298.92 0 628.10 294.32
46 3 0 628.69 292.46 0 356.13 191.24 0 573.75 296.27
47 3 0 623.74 296.25 0 566.24 298.77 0 353.75 193.74
48 4 0 628.67 298.76 0 358.11 197.48 0 571.26 301.25 0 80.57 388.47
49 3 0 357.50 195.01 0 623.74 298.50 0 566.26 298.76
50 1 0 357.50 202.52
