1 0
2 1 0 486.23 363.74
3 4 0 484.99 365.02 0 172.52 525.00 0 468.82 613.70 0 566.23 283.82
4 5 0 172.48 521.26 0 470.00 610.00 0 486.23 358.74 0 568.76 283.75 0 566.27 283.73
5 2 0 482.49 357.51 0 561.26 288.75
6 3 0 482.50 355.01 0 561.26 293.78 0 166.24 516.34
7 4 0 562.50 292.50 0 483.78 349.33 0 171.88 513.68 0 460.32 602.49
8 4 0 561.27 293.74 0 458.75 598.74 0 483.72 343.74 0 170.03 507.12
9 2 0 555.27 300.54 0 476.61 343.75
10 4 0 482.51 340.00 0 558.73 303.65 0 618.76 598.73 0 453.76 598.71
11 4 0 450.00 595.01 0 612.54 598.75 0 551.22 306.24 0 477.49 338.74
12 4 0 612.51 595.01 0 450.00 589.99 0 553.73 303.74 0 478.72 331.25
13 5 0 610.02 595.01 0 553.75 307.48 0 478.72 328.74 0 446.25 588.73 0 165.03 492.53
14 6 0 606.24 596.25 0 442.51 587.50 0 164.96 492.50 0 551.21 311.53 0 478.73 328.74 0 552.36 312.38
15 2 0 546.24 311.25 0 598.73 593.75
16 4 0 543.73 318.75 0 596.08 596.26 0 436.24 583.74 0 473.77 323.02
17 5 0 596.25 593.76 0 546.23 321.26 0 477.48 317.50 0 437.50 581.21 0 162.48 482.51
18 5 0 543.72 321.24 0 435.01 578.74 0 162.49 477.50 0 593.76 591.25 0 476.24 311.25
19 5 0 588.76 591.23 0 541.25 321.25 0 475.01 307.53 0 161.25 473.76 0 431.24 573.74
20 5 0 537.28 325.01 0 427.49 571.27 0 157.49 470.00 0 581.24 589.36 0 471.07 302.31
21 5 0 534.99 326.24 0 578.74 588.75 0 469.98 300.01 0 158.71 466.25 0 423.68 568.76
22 4 0 532.48 332.50 0 468.75 301.26 0 576.24 591.25 0 421.70 569.52
23 4 0 532.52 331.23 0 573.75 586.30 0 471.06 293.82 0 574.98 587.48
24 3 0 529.94 334.57 0 568.80 586.31 0 466.43 290.01
25 5 0 527.52 340.02 0 566.23 591.24 0 155.02 460.01 0 621.26 31.24 0 466.24 291.26
26 5 0 525.03 343.71 0 562.51 590.00 0 620.41 36.24 0 466.25 288.77 0 169.52 469.99
27 6 0 562.50 588.74 0 527.29 344.87 0 621.25 36.26 0 468.72 284.99 0 162.52 108.82 0 157.49 452.49
28 6 0 522.50 347.44 0 556.26 589.27 0 163.74 109.70 0 409.99 556.27 0 616.28 41.25 0 466.24 281.24
29 4 0 521.25 350.00 0 553.75 588.73 0 616.25 41.71 0 466.24 278.76
30 4 0 551.24 583.74 0 520.95 347.72 0 613.76 41.70 0 153.80 441.27
31 6 0 513.95 350.00 0 608.76 43.76 0 546.24 583.75 0 401.24 546.23 0 461.25 267.75 0 151.26 437.48
32 6 0 149.98 437.49 0 511.27 354.88 0 458.65 267.57 0 541.24 586.27 0 608.75 46.40 0 553.78 381.26
33 6 0 512.81 358.77 0 541.25 586.26 0 608.73 53.75 0 556.23 383.75 0 463.68 266.29 0 153.80 435.14
34 6 0 509.94 356.26 0 605.11 51.24 0 396.23 536.28 0 536.26 581.26 0 460.03 258.75 0 551.19 378.76
35 7 0 506.24 363.74 0 602.50 58.76 0 148.59 428.70 0 532.97 586.26 0 458.75 258.76 0 393.74 538.79 0 392.49 539.65
36 7 0 531.28 580.00 0 506.23 361.26 0 393.75 533.84 0 459.52 251.81 0 149.97 421.25 0 409.99 541.20 0 601.25 56.29
37 5 0 502.59 362.50 0 388.75 531.05 0 598.73 58.75 0 150.01 418.75 0 404.30 538.75
38 6 0 498.75 366.27 0 521.27 580.02 0 595.64 62.38 0 536.25 386.26 0 456.32 245.85 0 383.73 528.74
39 6 0 500.00 368.77 0 523.58 580.00 0 540.01 390.01 0 458.77 243.75 0 598.71 66.24 0 386.23 526.25
40 6 0 497.52 369.84 0 593.77 67.21 0 518.72 578.75 0 458.70 237.54 0 383.72 523.76 0 148.75 408.75
41 6 0 516.25 578.75 0 496.25 373.67 0 147.50 409.99 0 381.55 523.74 0 532.51 390.01 0 458.71 237.52
42 8 0 491.26 372.49 0 511.24 576.25 0 376.27 518.75 0 525.04 390.01 0 209.74 97.18 0 146.24 403.76 0 454.76 230.42 0 588.75 73.73
43 6 0 487.52 380.04 0 506.48 580.01 0 372.53 521.25 0 212.52 100.00 0 452.49 234.01 0 583.75 78.78
44 8 0 483.76 378.75 0 369.11 517.50 0 501.26 577.53 0 583.73 78.74 0 517.50 397.01 0 212.52 98.73 0 450.00 227.52 0 141.21 397.52
45 7 0 498.76 578.76 0 482.42 383.01 0 370.00 517.01 0 581.26 84.97 0 218.75 98.76 0 451.25 226.23 0 517.53 398.72
46 5 0 578.76 86.25 0 478.77 383.71 0 480.00 385.05 0 513.76 398.74 0 496.25 578.75
47 7 0 226.26 93.77 0 478.75 381.25 0 493.74 573.73 0 514.99 397.51 0 578.77 83.76 0 366.21 506.33 0 452.50 213.90
48 6 0 228.72 93.76 0 491.24 572.50 0 476.24 384.19 0 363.74 503.75 0 141.17 381.73 0 510.01 397.48
49 7 0 446.20 211.52 0 358.75 503.73 0 471.54 389.71 0 228.73 96.26 0 484.88 573.73 0 571.23 93.72 0 503.66 401.30
50 8 0 468.73 391.25 0 501.23 403.78 0 568.80 96.25 0 356.23 503.67 0 481.28 576.24 0 446.10 206.63 0 233.77 96.26 0 446.15 208.29
