1 0
2 0
3 0
4 1 0 557.49 227.50
5 2 0 556.25 227.31 0 533.74 16.26
6 1 0 556.25 226.36
7 2 0 556.26 226.30 0 569.87 16.26
8 3 0 568.75 16.26 0 553.74 226.26 0 202.56 27.49
9 3 0 553.75 227.66 0 566.26 18.76 0 568.45 18.76
10 2 0 549.99 226.25 0 566.27 18.76
11 3 0 564.98 18.79 0 549.98 226.25 0 536.25 23.71
12 3 0 563.77 19.99 0 536.26 26.16 0 548.74 226.23
13 3 0 562.54 21.28 0 547.52 223.74 0 536.29 26.24
14 2 0 562.52 21.28 0 546.26 223.74
15 2 0 558.74 21.25 0 542.61 223.73
16 2 0 16.49 38.74 0 558.74 23.73
17 3 0 557.94 23.74 0 18.76 38.74 0 541.25 223.74
18 3 0 18.76 38.76 0 556.25 23.73 0 541.24 223.70
19 4 0 18.75 38.78 0 538.73 221.86 0 556.24 23.74 0 132.50 307.47
20 2 0 553.77 26.27 0 21.26 41.24
21 4 0 553.74 26.25 0 536.26 221.25 0 22.57 41.25 0 552.44 27.24
22 3 0 23.72 41.30 0 553.75 28.28 0 536.28 221.26
23 3 0 551.23 28.75 0 23.75 42.34 0 532.49 220.06
24 4 0 26.25 43.75 0 549.99 29.42 0 532.52 220.01 0 18.75 584.09
25 4 0 547.78 30.00 0 26.52 43.74 0 19.95 583.33 0 532.47 220.03
26 3 0 547.48 30.00 0 28.75 44.98 0 19.99 582.51
27 3 0 21.26 582.23 0 29.99 45.00 0 546.26 31.25
28 4 0 22.51 580.00 0 31.22 46.25 0 543.91 31.24 0 546.27 31.25
29 4 0 543.74 33.76 0 22.51 578.88 0 31.28 46.25 0 33.39 46.26
30 5 0 23.74 578.75 0 543.73 33.76 0 33.75 46.71 0 33.75 48.56 0 622.06 369.83
31 3 0 33.73 48.77 0 25.01 577.49 0 541.25 33.76
32 5 0 33.74 48.76 0 541.25 35.03 0 26.26 576.34 0 25.01 577.25 0 618.75 370.00
33 4 0 37.49 50.01 0 27.49 576.26 0 539.99 36.25 0 616.25 370.03
34 4 0 27.48 574.67 0 37.51 50.01 0 538.77 36.25 0 616.19 370.05
35 6 0 28.74 573.75 0 37.52 51.25 0 613.77 370.13 0 547.24 58.75 0 536.25 36.26 0 615.86 370.08
36 6 0 29.97 572.50 0 612.51 369.97 0 536.26 38.77 0 41.25 51.25 0 546.25 61.21 0 92.49 90.02
37 4 0 29.97 571.26 0 41.26 53.77 0 611.26 370.00 0 546.24 63.71
38 4 0 42.50 53.76 0 31.24 571.25 0 610.00 372.51 0 546.25 63.71
39 4 0 43.76 53.75 0 32.68 569.98 0 531.04 41.24 0 546.23 66.25
40 5 0 43.75 53.78 0 33.74 568.76 0 546.20 66.28 0 32.46 568.11 0 267.47 589.62
41 4 0 33.80 567.51 0 547.49 67.48 0 46.23 56.28 0 605.02 372.50
42 4 0 34.99 566.24 0 546.30 68.91 0 47.04 56.26 0 603.77 376.33
43 5 0 36.23 566.20 0 48.73 56.28 0 546.34 71.23 0 603.74 376.28 0 453.65 36.29
44 3 0 36.37 566.23 0 51.24 58.75 0 547.55 71.24
45 3 0 37.49 565.00 0 51.25 58.76 0 547.52 73.75
46 4 0 547.51 73.77 0 52.51 58.76 0 38.70 562.62 0 598.72 376.26
47 2 0 548.66 76.27 0 52.51 59.30
48 4 0 548.74 76.26 0 41.25 563.78 0 56.26 60.12 0 54.52 60.00
49 4 0 548.75 78.75 0 56.26 61.25 0 43.73 568.74 0 43.74 566.25
50 3 0 43.75 561.23 0 549.94 81.24 0 58.70 61.27
