1 0
2 2 0 503.75 416.25 0 238.70 37.52
3 2 0 503.74 417.50 0 241.25 41.27
4 2 0 243.75 41.26 0 506.25 418.18
5 2 0 246.22 41.23 0 505.01 413.77
6 2 0 502.50 417.49 0 243.93 43.78
7 2 0 498.76 412.81 0 241.25 41.28
8 3 0 261.25 18.35 0 496.25 413.77 0 241.27 43.78
9 3 0 262.50 17.48 0 242.52 44.30 0 495.01 412.52
10 3 0 266.25 18.74 0 497.53 412.49 0 246.26 46.26
11 4 0 496.26 411.26 0 266.25 20.00 0 246.17 46.22 0 248.81 46.24
12 3 0 263.71 21.27 0 492.31 411.26 0 246.25 48.77
13 3 0 263.74 22.46 0 491.25 410.00 0 246.23 48.77
14 3 0 491.26 413.75 0 265.14 28.76 0 248.77 53.76
15 3 0 265.01 29.98 0 488.74 413.75 0 246.21 56.24
16 4 0 262.48 28.72 0 484.99 411.25 0 555.01 315.04 0 245.03 53.77
17 4 0 488.77 411.26 0 267.48 30.86 0 557.49 315.02 0 251.19 56.25
18 3 0 266.25 29.98 0 486.23 409.83 0 251.18 56.26
19 3 0 485.00 410.01 0 267.50 32.49 0 251.84 58.76
20 2 0 478.73 410.02 0 262.49 35.01
21 3 0 267.43 35.02 0 482.30 408.76 0 252.50 60.01
22 3 0 267.48 36.29 0 481.25 408.76 0 253.74 61.27
23 4 0 262.51 38.75 0 474.99 408.76 0 248.80 63.71 0 547.50 308.65
24 3 0 476.25 406.24 0 266.24 37.49 0 252.51 61.44
25 3 0 262.51 41.21 0 472.57 406.62 0 251.29 63.74
26 4 0 267.51 43.41 0 475.07 407.51 0 547.50 307.16 0 256.24 66.21
27 4 0 263.71 46.25 0 618.74 431.23 0 469.96 408.75 0 251.24 68.70
28 5 0 262.49 46.22 0 468.35 406.26 0 617.48 428.76 0 252.49 69.97 0 467.63 407.51
29 4 0 263.72 46.23 0 466.25 406.24 0 616.26 428.74 0 252.45 70.02
30 4 0 267.50 49.99 0 618.75 431.20 0 469.95 408.75 0 256.32 74.91
31 4 0 263.74 48.78 0 613.77 427.46 0 463.76 404.99 0 253.74 73.74
32 5 0 267.67 53.77 0 467.47 406.25 0 616.26 430.28 0 258.74 76.24 0 540.01 301.15
33 4 0 266.22 56.25 0 613.76 431.25 0 463.74 406.40 0 256.53 78.65
34 4 0 264.99 57.52 0 610.04 431.26 0 460.99 406.75 0 256.30 78.77
35 4 0 268.74 57.50 0 612.10 428.76 0 462.50 405.96 0 259.99 77.75
36 5 0 267.48 60.02 0 608.79 431.23 0 459.98 406.25 0 258.75 81.32 0 538.84 284.89
37 4 0 266.23 56.27 0 458.14 401.27 0 607.50 425.84 0 258.95 78.70
38 4 0 603.75 428.75 0 264.99 62.41 0 453.76 405.01 0 258.81 85.02
39 4 0 606.22 428.76 0 267.82 63.78 0 456.34 403.75 0 261.25 85.39
40 4 0 451.25 401.28 0 601.26 426.26 0 264.96 61.48 0 258.81 84.84
41 4 0 450.01 403.74 0 263.72 66.26 0 598.74 428.64 0 258.72 88.76
42 4 0 268.76 65.06 0 601.27 426.23 0 452.95 400.90 0 263.60 86.25
43 4 0 269.97 67.72 0 601.24 426.26 0 451.27 402.52 0 263.72 88.78
44 3 0 268.74 66.26 0 598.74 423.79 0 449.07 399.07
45 3 0 269.97 71.09 0 598.74 426.26 0 448.75 401.28
46 3 0 596.23 426.29 0 269.99 72.50 0 446.47 401.24
47 3 0 269.97 73.75 0 596.24 426.26 0 446.25 400.01
48 4 0 269.99 73.79 0 445.03 398.76 0 593.75 426.11 0 266.23 96.29
49 3 0 268.75 78.74 0 442.49 401.28 0 591.24 426.20
50 5 0 270.00 76.25 0 441.26 397.54 0 591.22 423.76 0 266.25 98.77 0 60.41 218.54
