0 0
1 0
2 0
3 0
4 0
5 1 0 307.73 428.18
6 0
7 0
8 0
9 0
10 0
11 0
12 0
13 0
14 1 0 445.15 330.80
15 1 0 445.02 330.71
16 0
17 0
18 0
19 0
20 0
21 0
22 0
23 0
24 0
25 0
26 0
27 0
28 0
29 0
30 1 0 435.24 325.33
31 1 0 435.10 339.78
32 0
33 0
34 0
35 0
36 0
37 0
38 0
39 0
40 1 0 364.25 309.26
41 0
42 0
43 0
44 0
45 0
46 0
47 0
48 0
49 0
50 0
51 0
52 1 0 356.46 300.51
53 0
54 2 0 420.54 317.25 0 355.07 299.27
55 1 0 419.71 317.22
56 0
57 0
58 0
59 0
60 0
61 1 0 411.71 333.23
62 0
63 0
64 0
65 0
66 0
67 0
68 0
69 0
70 1 0 404.81 331.23
71 1 0 403.83 330.86
72 0
73 0
74 0
75 0
76 0
77 0
78 0
79 0
80 0
81 0
82 0
83 0
84 0
85 0
86 0
87 0
88 0
89 0
90 0
91 0
92 0
93 0
94 0
95 0
96 1 0 316.29 468.75
97 0
98 0
99 0
100 1 0 380.99 324.59
101 1 0 380.15 324.59
102 1 0 378.91 324.31
103 1 0 378.78 324.12
104 1 0 389.52 299.45
105 1 0 389.25 298.85
106 1 0 388.28 298.46
107 0
108 0
109 0
110 0
111 0
112 0
113 0
114 0
115 0
116 0
117 0
118 0
119 0
120 0
121 0
122 0
123 0
124 0
125 0
126 0
127 0
128 0
129 0
130 0
131 0
132 0
133 0
134 0
135 0
136 0
137 0
138 0
139 0
140 1 0 349.16 316.17
141 1 0 348.52 315.94
142 1 0 347.57 315.52
143 1 0 347.12 315.50
144 0
145 0
146 0
147 0
148 0
149 0
150 0
151 0
152 0
153 0
154 0
155 0
156 0
157 0
158 0
159 0
160 0
161 0
162 0
163 0
164 0
165 0
166 0
167 0
168 0
169 1 0 349.32 275.13
170 0
171 1 0 325.08 309.21
172 1 0 324.09 309.26
173 1 0 323.27 309.03
174 1 0 322.78 308.65
175 0
176 0
177 0
178 0
179 0
180 1 0 276.64 210.99
181 1 0 317.20 307.13
182 1 0 316.43 306.81
183 1 0 315.60 306.66
184 1 0 339.32 269.32
185 0
186 1 0 338.58 267.96
187 0
188 0
189 0
190 0
191 0
192 0
193 0
194 0
195 0
196 0
197 0
198 0
199 0
200 0
201 0
202 0
203 0
204 0
205 0
206 0
207 0
208 1 0 325.19 259.52
209 0
210 1 0 323.63 258.58
211 1 0 323.03 258.63
212 1 0 292.57 300.43
213 1 0 291.30 300.63
214 1 0 290.84 300.11
215 0
216 0
217 0
218 0
219 0
220 0
221 1 0 285.36 299.16
222 1 0 284.94 298.68
223 1 0 283.77 298.47
224 1 0 314.91 253.31
225 1 0 252.32 395.97
226 0
227 0
228 0
229 0
230 0
231 0
232 0
233 1 0 243.11 172.91
234 0
235 0
236 0
237 0
238 0
239 0
240 0
241 0
242 0
243 0
244 0
245 0
246 1 0 301.31 244.49
247 1 0 300.81 244.23
248 1 0 299.74 243.18
249 1 0 299.14 242.94
250 1 0 298.78 242.90
251 0
252 1 0 261.10 292.28
253 1 0 260.70 292.22
254 1 0 259.12 291.34
255 1 0 258.54 291.55
256 0
257 0
258 0
259 0
260 0
261 0
262 0
263 1 0 290.88 237.38
264 0
265 0
266 0
267 0
268 0
269 0
270 0
271 0
272 0
273 0
274 0
275 1 0 227.61 363.20
276 0
277 0
278 0
279 0
280 0
281 0
282 0
283 0
284 1 0 235.64 285.40
285 1 0 277.07 228.34
286 1 0 276.61 227.79
287 1 0 275.35 227.03
288 1 0 274.91 226.80
289 1 0 274.66 226.86
290 0
291 0
292 1 0 229.35 283.94
293 1 0 228.65 283.51
294 1 0 227.42 283.25
295 1 0 226.75 283.14
296 0
297 0
298 0
299 0
300 0
301 0
302 0
303 0
304 0
305 0
306 1 0 212.84 340.78
307 0
308 0
309 0
310 0
311 0
312 0
313 0
314 0
315 0
316 0
317 1 0 379.91 244.58
318 0
319 0
320 0
321 0
322 0
323 2 0 253.37 212.17 0 204.97 277.42
324 1 0 253.05 211.44
325 0
326 1 0 251.41 210.67
327 0
328 0
329 0
330 0
331 0
332 0
333 1 0 197.16 275.55
334 1 0 196.25 274.98
335 1 0 195.03 274.80
336 0
