1 0
2 1 0 281.23 108.67
3 1 0 277.50 107.50
4 2 0 281.22 110.40 0 223.71 156.46
5 2 0 279.62 106.69 0 222.39 156.24
6 2 0 223.74 157.68 0 278.95 110.36
7 2 0 281.25 108.73 0 223.75 156.67
8 3 0 227.49 162.53 0 286.14 113.76 0 245.00 138.78
9 3 0 282.47 113.77 0 243.77 140.04 0 223.73 161.34
10 2 0 229.94 161.25 0 286.24 112.97
11 1 0 283.75 114.99
12 3 0 227.49 164.99 0 284.98 117.48 0 243.77 143.73
13 2 0 286.25 113.78 0 227.49 162.52
14 2 0 288.75 114.93 0 231.23 162.90
15 2 0 291.25 121.25 0 231.22 169.75
16 3 0 234.93 167.40 0 293.10 118.78 0 293.72 120.33
17 3 0 292.51 122.52 0 233.73 169.99 0 248.78 149.92
18 4 0 237.48 170.01 0 293.76 121.25 0 250.00 147.49 0 109.97 187.66
19 2 0 291.24 123.74 0 231.26 171.26
20 2 0 237.49 172.51 0 296.25 123.76
21 2 0 293.58 122.48 0 237.50 170.02
22 2 0 296.36 127.43 0 238.73 176.26
23 2 0 238.73 173.75 0 296.32 123.76
24 2 0 237.50 172.50 0 296.28 124.29
25 1 0 237.43 176.26
26 0
27 1 0 301.26 128.75
28 3 0 242.50 180.00 0 586.26 17.63 0 301.65 131.23
29 3 0 583.71 21.26 0 302.33 133.73 0 243.14 181.92
30 4 0 242.98 180.00 0 303.74 131.26 0 583.75 18.64 0 584.99 17.95
31 3 0 242.51 180.01 0 581.25 18.76 0 301.24 132.50
32 3 0 581.25 18.83 0 301.24 133.82 0 245.01 181.17
33 1 0 582.49 21.27
34 3 0 583.74 23.76 0 307.50 136.27 0 250.04 186.26
35 3 0 250.01 187.49 0 583.74 26.27 0 308.74 138.57
36 4 0 578.77 28.75 0 306.25 141.27 0 248.75 191.17 0 255.03 171.12
37 2 0 577.54 28.76 0 306.25 141.27
38 3 0 252.50 190.00 0 310.07 141.28 0 581.55 28.74
39 2 0 576.27 28.76 0 307.49 141.25
40 2 0 581.25 28.76 0 252.52 189.97
41 1 0 581.24 28.94
42 4 0 578.74 31.25 0 253.76 191.26 0 311.31 142.73 0 313.71 142.81
43 4 0 309.99 146.26 0 576.07 34.40 0 574.72 33.79 0 250.01 196.29
44 3 0 580.00 36.24 0 316.21 147.48 0 256.28 196.25
45 3 0 252.52 197.50 0 576.28 38.74 0 313.75 149.92
46 4 0 573.76 36.24 0 314.28 147.53 0 253.75 197.50 0 326.24 482.56
47 4 0 315.01 147.52 0 573.75 36.27 0 326.23 482.52 0 256.27 198.70
48 2 0 576.25 41.27 0 317.82 153.77
49 4 0 317.51 155.01 0 576.25 42.61 0 326.23 482.53 0 258.53 203.76
50 3 0 578.74 41.26 0 321.24 153.76 0 261.21 202.47
