1 0
2 0
3 2 0 586.26 513.69 0 586.26 511.26
4 1 0 594.83 513.74
5 1 0 591.22 508.81
6 2 0 268.74 20.01 0 591.24 513.76
7 2 0 263.74 24.40 0 586.25 518.75
8 2 0 266.24 16.25 0 586.28 506.53
9 2 0 265.00 27.50 0 583.74 516.01
10 2 0 262.49 20.03 0 578.75 506.29
11 2 0 268.75 22.47 0 583.74 506.28
12 3 0 267.49 31.28 0 581.29 513.75 0 381.26 31.23
13 3 0 264.97 33.72 0 578.74 513.75 0 380.29 33.78
14 3 0 269.94 30.55 0 581.25 507.52 0 386.24 31.28
15 2 0 269.95 31.24 0 578.75 506.29
16 2 0 264.95 28.61 0 573.74 501.25
17 4 0 260.00 33.74 0 566.21 503.75 0 376.24 33.78 0 566.24 505.85
18 3 0 260.01 36.24 0 564.16 506.25 0 565.01 504.50
19 3 0 265.00 43.14 0 568.75 511.25 0 383.73 43.74
20 2 0 260.00 40.00 0 562.49 504.32
21 4 0 267.48 45.02 0 568.77 508.52 0 387.51 44.99 0 626.24 98.76
22 3 0 261.25 46.27 0 561.25 506.26 0 383.72 46.26
23 3 0 260.07 41.24 0 558.74 498.76 0 616.25 93.75
24 3 0 262.48 41.26 0 558.74 497.61 0 616.26 91.25
25 3 0 267.86 51.27 0 620.00 98.78 0 563.75 503.76
26 4 0 263.74 53.74 0 612.49 101.19 0 558.69 505.96 0 558.05 504.47
27 2 0 269.97 52.50 0 562.49 501.24
28 4 0 262.44 47.52 0 609.45 91.72 0 553.76 493.73 0 387.48 48.83
29 4 0 264.95 48.73 0 553.76 493.77 0 610.01 90.00 0 389.99 50.00
30 3 0 269.97 54.91 0 558.75 497.63 0 613.27 93.75
31 3 0 263.73 51.26 0 549.99 492.49 0 603.61 92.52
32 3 0 260.00 60.03 0 387.49 60.01 0 598.74 98.76
33 3 0 267.50 63.77 0 551.25 498.76 0 606.24 100.01
34 4 0 261.26 65.01 0 597.49 99.00 0 543.74 498.76 0 390.02 66.29
35 6 0 266.25 68.36 0 547.50 498.76 0 397.50 67.48 0 601.27 101.21 0 539.18 622.09 0 539.53 623.58
36 6 0 261.24 67.98 0 540.62 496.25 0 533.14 618.76 0 593.76 98.75 0 391.25 68.89 0 442.52 178.75
37 5 0 595.00 92.50 0 265.00 61.25 0 542.56 488.75 0 396.23 61.30 0 536.26 608.91
38 3 0 594.99 91.24 0 266.25 62.49 0 542.48 486.26
39 3 0 542.52 487.19 0 595.00 92.48 0 266.26 64.04
40 3 0 536.26 486.25 0 589.99 92.51 0 261.37 66.32
41 4 0 260.00 71.27 0 531.25 490.02 0 523.77 610.00 0 583.77 96.28
42 4 0 539.98 492.52 0 268.10 76.31 0 532.50 612.48 0 402.51 77.51
43 5 0 268.76 78.66 0 531.27 611.27 0 538.75 491.28 0 405.00 78.02 0 590.01 98.75
44 5 0 530.01 483.77 0 522.51 603.79 0 262.47 73.77 0 398.73 73.76 0 581.26 92.50
45 4 0 269.96 78.77 0 536.28 488.75 0 588.73 96.27 0 408.81 81.21
46 4 0 261.23 78.73 0 525.15 485.01 0 517.49 602.48 0 397.49 77.49
47 5 0 262.50 86.26 0 527.08 491.26 0 403.76 86.27 0 576.28 101.26 0 518.73 609.66
48 3 0 268.06 86.26 0 531.26 488.76 0 581.25 101.29
49 5 0 266.25 90.00 0 406.23 90.01 0 527.50 490.01 0 518.73 606.24 0 576.96 101.31
50 5 0 263.75 81.26 0 515.01 597.49 0 573.73 91.26 0 402.49 82.55 0 522.55 479.66
