1 0
2 0
3 2 0 510.03 197.51 0 551.23 70.80
4 3 0 508.78 196.26 0 551.22 69.63 0 216.51 476.25
5 5 0 508.74 196.30 0 551.24 71.21 0 397.47 572.66 0 89.99 514.99 0 218.77 476.26
6 4 0 508.74 198.73 0 218.75 476.24 0 551.25 71.25 0 90.01 513.78
7 6 0 507.49 197.51 0 397.48 569.99 0 219.99 475.05 0 551.11 71.24 0 550.47 72.67 0 90.05 513.77
8 4 0 506.25 197.97 0 397.48 570.01 0 220.00 475.00 0 550.00 72.73
9 6 0 219.99 475.02 0 548.74 73.76 0 506.17 198.76 0 397.48 570.00 0 504.99 197.91 0 88.75 509.97
10 5 0 547.49 73.78 0 396.25 568.73 0 504.49 198.75 0 221.25 475.01 0 89.98 510.08
11 5 0 503.69 198.75 0 546.26 73.81 0 223.23 473.75 0 89.53 507.48 0 396.25 566.25
12 5 0 502.51 198.77 0 546.26 73.82 0 223.74 473.76 0 88.76 506.24 0 396.24 566.27
13 5 0 501.26 198.75 0 394.97 565.01 0 546.25 76.24 0 88.73 506.24 0 223.74 473.76
14 4 0 501.25 198.76 0 394.98 564.99 0 545.29 76.26 0 500.57 199.99
15 5 0 500.00 198.75 0 394.98 564.99 0 226.26 471.24 0 543.75 76.25 0 88.77 503.73
16 4 0 542.50 77.51 0 395.01 563.77 0 498.75 200.00 0 226.25 471.19
17 5 0 542.48 77.52 0 227.49 471.23 0 497.50 199.99 0 394.99 562.50 0 88.79 501.26
18 6 0 541.25 78.73 0 227.49 469.99 0 497.50 200.00 0 18.73 500.01 0 88.79 501.25 0 391.26 562.49
19 5 0 541.25 78.75 0 496.26 201.26 0 227.50 468.77 0 88.79 500.02 0 18.75 500.00
20 6 0 18.76 500.96 0 539.99 78.74 0 495.02 201.26 0 229.71 468.74 0 89.49 499.35 0 394.57 558.76
21 7 0 231.23 468.75 0 493.75 201.25 0 21.23 498.76 0 538.76 81.24 0 393.79 558.75 0 88.76 498.75 0 539.42 79.97
22 7 0 493.74 202.49 0 231.23 466.32 0 538.55 81.26 0 20.01 498.76 0 393.76 557.51 0 537.86 79.99 0 88.78 498.75
23 5 0 537.49 81.27 0 492.49 201.24 0 21.25 498.33 0 231.24 466.28 0 394.95 557.51
24 8 0 491.25 202.51 0 536.30 81.27 0 18.79 165.01 0 176.26 621.26 0 21.26 496.27 0 231.24 466.26 0 391.23 556.23 0 88.94 494.98
25 7 0 490.08 202.77 0 536.28 83.72 0 233.75 466.28 0 176.26 621.27 0 22.79 496.24 0 390.24 555.01 0 535.01 82.66
26 6 0 490.04 202.65 0 233.89 466.25 0 534.98 82.71 0 389.99 555.01 0 23.74 496.25 0 176.26 618.74
27 9 0 488.75 203.75 0 533.75 83.74 0 23.74 493.75 0 20.00 165.01 0 90.08 493.73 0 391.26 553.77 0 176.30 618.74 0 234.80 463.76 0 233.78 466.09
28 7 0 533.75 83.76 0 236.23 463.74 0 89.98 492.50 0 488.28 203.74 0 391.22 553.77 0 24.97 493.69 0 21.26 164.82
29 7 0 486.25 203.76 0 533.69 84.61 0 26.25 492.62 0 236.24 463.74 0 89.99 492.40 0 391.24 551.24 0 176.25 616.26
30 7 0 485.00 203.74 0 531.40 83.83 0 237.49 463.76 0 26.25 492.67 0 90.95 490.47 0 23.75 163.75 0 391.22 551.25
31 8 0 485.01 203.76 0 531.26 86.25 0 89.99 490.00 0 389.15 549.90 0 26.69 491.36 0 236.66 463.70 0 23.74 165.86 0 176.25 613.76
32 8 0 483.74 203.77 0 27.66 491.25 0 530.53 86.27 0 389.98 548.25 0 238.74 463.74 0 26.24 164.34 0 91.25 488.76 0 176.28 613.73
33 6 0 483.75 203.77 0 27.50 489.99 0 528.78 86.27 0 389.94 547.50 0 27.50 162.49 0 91.19 486.23
34 8 0 481.29 204.99 0 28.74 489.38 0 389.99 547.51 0 90.81 486.24 0 27.50 164.96 0 241.25 461.27 0 528.73 88.38 0 176.27 611.25
35 8 0 481.25 205.02 0 241.26 461.25 0 29.99 162.54 0 91.27 485.02 0 29.98 488.77 0 528.76 88.65 0 173.75 611.24 0 171.30 212.49
36 7 0 481.25 206.25 0 30.01 162.51 0 90.00 484.99 0 242.50 461.24 0 526.24 88.74 0 479.98 204.97 0 31.12 486.25
37 7 0 242.49 460.01 0 526.24 88.74 0 479.99 206.26 0 90.02 483.74 0 31.23 487.19 0 30.01 162.52 0 386.24 543.75
38 7 0 478.73 206.27 0 243.77 460.00 0 525.04 88.75 0 90.83 482.49 0 31.23 486.21 0 388.74 543.75 0 31.25 161.29
39 7 0 477.50 206.25 0 245.00 459.99 0 525.00 90.00 0 31.25 486.24 0 33.76 161.25 0 176.26 606.27 0 387.47 541.23
40 8 0 523.76 90.02 0 476.52 206.24 0 34.98 162.50 0 246.26 458.43 0 91.27 481.22 0 173.75 605.86 0 33.75 484.81 0 386.25 543.75
41 8 0 33.74 483.76 0 522.42 91.25 0 476.23 206.25 0 34.99 162.51 0 92.52 477.51 0 387.50 541.22 0 246.25 458.73 0 173.74 603.75
42 8 0 521.27 90.41 0 33.78 483.76 0 475.00 207.47 0 387.49 540.01 0 36.24 161.27 0 91.28 477.52 0 173.75 603.77 0 248.74 456.33
43 8 0 521.26 91.25 0 34.99 482.50 0 37.48 162.51 0 92.51 477.50 0 473.74 207.32 0 386.30 540.00 0 173.76 601.23 0 246.24 456.27
44 7 0 36.25 482.51 0 473.76 207.46 0 90.94 477.50 0 519.99 92.55 0 173.75 601.24 0 249.11 456.62 0 386.26 539.04
45 7 0 36.45 482.48 0 92.51 475.20 0 519.98 93.49 0 472.51 207.51 0 250.03 458.31 0 383.73 538.75 0 38.73 158.76
46 7 0 471.24 208.77 0 518.74 93.73 0 91.06 475.00 0 37.37 481.26 0 251.24 456.30 0 173.75 598.76 0 383.75 536.25
47 7 0 470.08 208.76 0 517.50 93.76 0 172.49 596.27 0 251.26 456.25 0 38.72 479.36 0 92.47 474.94 0 383.75 536.25
48 7 0 468.74 208.75 0 38.75 478.75 0 172.52 595.03 0 516.25 93.73 0 251.24 453.77 0 91.15 473.72 0 517.13 95.03
49 8 0 468.74 208.76 0 38.75 478.76 0 252.51 453.75 0 42.49 158.74 0 173.64 595.03 0 516.24 94.01 0 91.23 471.25 0 383.47 533.74
50 8 0 467.49 208.74 0 252.51 452.51 0 173.74 593.77 0 92.49 471.24 0 515.02 94.55 0 43.74 158.74 0 40.06 478.74 0 381.28 533.73
