1 0
2 0
3 1 0 573.61 288.79
4 0
5 2 0 139.99 437.52 0 573.76 293.75
6 3 0 141.26 436.24 0 573.75 293.76 0 576.22 293.77
7 2 0 572.52 289.98 0 139.99 431.24
8 1 0 141.24 434.83
9 1 0 621.24 28.73
10 2 0 618.76 26.27 0 141.26 431.24
11 3 0 621.24 31.24 0 570.04 298.67 0 143.73 431.24
12 2 0 621.24 28.47 0 143.75 426.25
13 3 0 618.76 33.75 0 143.72 429.40 0 376.26 626.29
14 3 0 372.49 621.24 0 616.26 31.26 0 141.25 423.73
15 3 0 371.25 621.24 0 141.24 423.74 0 616.24 32.97
16 3 0 371.26 621.17 0 616.27 32.00 0 141.89 421.26
17 3 0 372.50 620.01 0 618.75 33.76 0 146.29 421.18
18 3 0 613.75 36.28 0 366.24 621.24 0 143.71 421.29
19 3 0 616.25 36.23 0 146.24 418.75 0 368.76 618.75
20 3 0 368.79 621.25 0 147.07 421.27 0 616.25 38.75
21 4 0 612.48 36.29 0 366.25 616.27 0 143.75 416.26 0 557.50 300.02
22 3 0 363.77 621.23 0 611.24 42.44 0 146.35 418.82
23 4 0 613.76 43.75 0 363.76 621.22 0 147.47 418.75 0 285.06 10.05
24 4 0 362.50 620.01 0 611.25 46.23 0 530.01 625.03 0 146.26 416.70
25 4 0 608.76 46.26 0 529.82 623.85 0 361.26 618.75 0 146.26 416.26
26 5 0 147.50 411.25 0 358.73 616.25 0 527.31 620.18 0 608.76 43.90 0 606.25 44.03
27 4 0 527.52 617.49 0 358.74 613.74 0 608.74 43.73 0 147.51 410.01
28 4 0 527.52 622.22 0 608.77 48.74 0 150.00 412.51 0 358.75 618.75
29 4 0 526.48 615.58 0 357.48 612.49 0 149.98 405.14 0 606.21 45.74
30 4 0 523.98 615.45 0 355.00 612.49 0 148.46 406.27 0 606.09 46.20
31 4 0 524.14 614.99 0 150.02 404.99 0 353.77 611.26 0 606.18 46.94
32 5 0 522.85 613.74 0 150.00 402.51 0 603.76 48.74 0 605.00 47.49 0 547.50 308.99
33 4 0 520.01 615.01 0 349.98 612.51 0 148.47 404.99 0 601.24 51.27
34 3 0 519.99 612.49 0 350.00 610.52 0 150.00 402.53
35 5 0 522.49 612.48 0 606.10 53.76 0 351.26 611.26 0 153.76 401.27 0 546.27 311.29
36 2 0 519.98 614.98 0 151.25 403.74
37 3 0 517.50 615.00 0 347.49 613.79 0 601.25 58.76
38 4 0 519.97 610.00 0 348.72 608.74 0 155.00 396.25 0 603.84 56.27
39 3 0 519.00 612.00 0 347.50 612.48 0 155.01 397.49
40 3 0 515.02 612.51 0 343.72 611.23 0 153.75 398.73
41 4 0 516.25 606.42 0 156.26 394.02 0 515.83 607.46 0 343.73 606.29
42 3 0 517.47 608.77 0 157.49 395.01 0 343.74 608.78
43 3 0 515.03 605.01 0 597.53 59.99 0 341.24 605.00
44 4 0 515.00 607.21 0 598.72 63.75 0 157.52 393.79 0 341.24 606.27
45 5 0 509.98 604.95 0 336.25 603.85 0 153.76 391.22 0 591.22 63.75 0 593.40 63.71
46 5 0 509.99 602.52 0 336.26 603.75 0 155.06 389.55 0 593.74 63.74 0 591.27 63.73
47 4 0 507.49 602.48 0 157.50 387.51 0 336.26 601.26 0 591.23 63.73
48 4 0 509.98 604.97 0 594.99 69.95 0 338.75 606.25 0 158.71 389.99
49 5 0 509.99 603.75 0 593.74 70.66 0 336.26 606.24 0 532.58 323.79 0 155.00 389.65
50 5 0 509.98 602.52 0 593.73 69.87 0 162.48 387.50 0 532.51 325.00 0 336.27 603.76
