1 0
2 0
3 1 0 388.74 591.23
4 1 0 393.74 588.74
5 2 0 393.82 583.75 0 618.91 201.41
6 1 0 396.24 576.27
7 1 0 396.21 576.24
8 1 0 393.74 566.25
9 1 0 396.25 562.53
10 1 0 401.24 561.26
11 1 0 403.91 554.99
12 1 0 403.44 547.48
13 1 0 406.23 546.24
14 0
15 2 0 589.18 321.54 0 406.25 538.73
16 1 0 406.25 528.75
17 2 0 158.73 626.22 0 411.26 526.25
18 2 0 153.74 621.62 0 408.81 521.32
19 2 0 412.87 517.50 0 153.74 617.77
20 2 0 151.23 613.76 0 416.26 513.76
21 2 0 412.52 508.65 0 146.22 608.76
22 2 0 146.25 600.29 0 416.35 500.02
23 2 0 141.24 596.28 0 413.71 496.27
24 2 0 138.62 591.01 0 418.75 491.25
25 2 0 136.25 588.77 0 418.75 488.75
26 2 0 136.25 581.56 0 421.26 481.28
27 2 0 133.75 582.29 0 423.73 481.26
28 4 0 128.76 574.93 0 423.30 473.76 0 534.39 285.61 0 536.28 286.08
29 1 0 128.78 571.25
30 2 0 126.23 566.24 0 528.73 282.46
31 2 0 428.76 461.28 0 126.77 563.74
32 3 0 122.50 555.00 0 428.73 451.25 0 522.50 273.77
33 3 0 123.72 553.77 0 431.24 453.76 0 520.50 276.23
34 1 0 122.50 547.51
35 2 0 116.31 543.64 0 431.21 441.84
36 2 0 437.47 437.50 0 121.25 536.31
37 2 0 116.25 533.75 0 436.26 433.75
38 3 0 441.25 426.25 0 118.73 528.74 0 441.24 424.23
39 2 0 116.24 521.30 0 438.72 418.76
40 3 0 442.50 419.08 0 493.76 256.27 0 116.25 518.77
41 2 0 109.99 510.37 0 441.31 410.39
42 1 0 441.30 406.20
43 1 0 443.72 405.01
44 2 0 445.01 396.30 0 67.50 323.36
45 0
46 2 0 448.74 390.85 0 443.92 52.49
47 1 0 450.11 386.30
48 1 0 456.25 381.27
49 1 0 452.51 371.27
50 1 0 451.27 226.24
