1 0
2 0
3 2 0 473.75 298.77 0 471.25 298.76
4 3 0 476.24 298.77 0 518.66 376.26 0 66.24 336.26
5 3 0 473.78 293.76 0 62.71 331.25 0 513.77 373.77
6 3 0 63.74 336.26 0 471.24 296.27 0 473.54 296.26
7 3 0 513.75 373.74 0 66.25 333.76 0 471.24 292.50
8 4 0 66.25 338.74 0 507.50 564.99 0 201.27 623.73 0 513.76 376.27
9 5 0 68.74 338.75 0 513.75 377.96 0 202.53 620.01 0 473.76 293.73 0 507.49 565.01
10 3 0 68.74 338.76 0 511.23 378.75 0 470.17 293.76
11 3 0 68.74 339.10 0 470.00 293.76 0 202.52 620.00
12 4 0 508.94 373.75 0 71.22 333.74 0 201.26 612.52 0 468.80 288.74
13 4 0 69.50 336.26 0 197.52 612.51 0 506.25 373.74 0 468.75 288.74
14 3 0 73.76 338.75 0 471.25 289.54 0 508.74 378.54
15 5 0 73.76 337.48 0 202.52 612.50 0 506.27 376.25 0 469.03 286.26 0 469.16 288.23
16 3 0 76.24 338.75 0 202.50 612.50 0 506.28 378.76
17 3 0 76.25 338.76 0 470.00 283.77 0 506.25 376.25
18 4 0 76.30 341.26 0 503.73 378.75 0 501.24 561.29 0 468.74 286.24
19 3 0 76.25 341.29 0 501.24 380.38 0 466.28 286.22
20 4 0 501.24 381.12 0 463.73 286.26 0 78.71 341.27 0 197.50 610.77
21 4 0 196.18 610.00 0 498.75 381.27 0 76.26 341.42 0 463.74 286.24
22 4 0 566.24 621.25 0 78.74 338.76 0 501.25 376.25 0 465.86 278.77
23 5 0 566.25 618.74 0 81.25 338.75 0 463.70 278.76 0 198.02 602.50 0 498.74 376.23
24 4 0 83.75 341.24 0 197.49 605.01 0 568.75 621.25 0 501.25 378.77
25 7 0 563.76 621.22 0 79.48 342.52 0 13.75 76.29 0 493.74 378.75 0 193.76 603.77 0 496.24 378.76 0 461.15 280.88
26 7 0 81.28 343.75 0 563.76 621.22 0 493.75 381.26 0 16.26 78.75 0 193.75 603.76 0 458.86 278.77 0 459.92 280.12
27 5 0 86.25 343.75 0 197.52 605.02 0 496.27 381.26 0 568.77 618.73 0 566.20 618.74
28 6 0 458.75 278.76 0 491.26 381.27 0 82.50 344.01 0 563.76 618.75 0 85.02 482.50 0 16.34 78.74
29 7 0 496.28 378.76 0 490.00 557.50 0 87.92 342.55 0 568.75 615.36 0 462.80 276.25 0 23.74 76.26 0 195.02 598.72
30 6 0 461.26 273.76 0 87.36 341.26 0 567.39 613.75 0 193.74 597.51 0 21.25 75.03 0 492.65 378.71
31 4 0 88.78 343.75 0 461.24 276.24 0 492.60 379.36 0 23.74 78.74
32 8 0 460.00 276.30 0 88.75 346.24 0 491.25 382.47 0 567.44 616.22 0 557.52 82.51 0 486.15 557.50 0 193.73 601.22 0 332.52 483.76
33 5 0 87.41 341.20 0 566.23 611.27 0 457.45 271.27 0 488.77 378.75 0 23.74 76.44
34 5 0 489.59 378.76 0 568.75 608.77 0 27.50 77.50 0 90.95 343.73 0 458.76 271.25
35 4 0 88.76 346.28 0 485.39 383.55 0 565.03 611.35 0 452.51 271.25
36 4 0 452.51 270.01 0 88.75 346.27 0 482.52 381.22 0 566.26 609.87
37 6 0 568.76 606.26 0 93.92 346.29 0 486.22 379.58 0 458.75 268.73 0 94.46 345.06 0 482.54 553.77
38 4 0 568.74 606.25 0 486.25 379.99 0 95.02 345.75 0 458.56 267.29
39 5 0 93.76 348.75 0 453.77 271.26 0 482.51 386.26 0 566.30 608.69 0 568.77 608.74
40 4 0 96.27 350.01 0 481.26 386.26 0 566.26 608.70 0 453.28 270.01
41 3 0 98.77 348.74 0 569.99 605.02 0 483.74 383.76
42 5 0 481.25 386.26 0 566.25 606.27 0 98.31 351.27 0 480.00 385.41 0 568.04 606.28
43 4 0 101.24 348.74 0 571.23 602.52 0 481.96 383.71 0 456.28 266.91
44 6 0 101.24 348.75 0 569.98 601.23 0 481.49 382.09 0 38.77 78.74 0 188.75 587.52 0 453.74 263.74
45 3 0 566.26 598.74 0 96.64 348.72 0 476.24 381.26
46 3 0 98.75 348.75 0 566.25 598.75 0 475.00 381.27
47 3 0 474.99 383.73 0 566.21 598.74 0 98.75 349.85
48 3 0 101.25 348.75 0 566.19 596.26 0 473.77 382.35
49 4 0 101.25 351.25 0 566.22 596.81 0 471.22 383.74 0 446.24 261.17
50 5 0 566.25 596.26 0 102.51 351.26 0 471.23 386.26 0 446.23 261.22 0 38.72 82.49
