1 0
2 0
3 1 0 33.72 41.27
4 1 0 589.95 283.74
5 1 0 490.05 277.50
6 0
7 0
8 1 0 573.76 16.25
9 1 0 476.23 610.03
10 0
11 0
12 0
13 0
14 1 0 623.73 356.24
15 0
16 0
17 0
18 0
19 0
20 0
21 0
22 0
23 0
24 0
25 0
26 1 0 573.77 16.26
27 0
28 1 0 258.76 443.78
29 2 0 233.75 52.74 0 86.32 588.86
30 0
31 0
32 0
33 0
34 2 0 153.76 491.26 0 151.28 491.27
35 1 0 566.20 18.71
36 2 0 603.74 283.76 0 452.54 18.76
37 0
38 0
39 0
40 0
41 1 0 490.08 273.76
42 0
43 0
44 0
45 0
46 0
47 0
48 0
49 1 0 93.75 213.74
50 0
