1 0
2 2 0 582.51 297.37 0 98.90 269.90
3 2 0 583.69 301.28 0 103.71 273.75
4 3 0 578.74 297.55 0 96.97 269.36 0 98.22 3.26
5 3 0 586.26 301.46 0 106.26 276.22 0 108.84 3.65
6 4 0 586.22 306.29 0 108.63 3.43 0 585.63 304.94 0 106.24 278.75
7 2 0 586.28 313.75 0 108.73 286.25
8 2 0 588.75 323.05 0 110.49 293.75
9 2 0 110.76 298.77 0 588.77 327.01
10 3 0 580.11 330.99 0 98.52 6.18 0 103.28 303.76
11 3 0 582.43 331.81 0 98.84 3.32 0 106.26 303.73
12 5 0 590.59 338.69 0 116.24 313.73 0 616.27 77.49 0 116.25 311.91 0 579.81 598.73
13 4 0 586.25 348.76 0 110.00 322.47 0 621.22 541.20 0 102.78 8.56
14 4 0 107.51 322.51 0 98.50 4.72 0 583.66 348.73 0 612.55 532.51
15 4 0 117.48 332.50 0 589.55 358.70 0 566.25 596.24 0 616.26 536.28
16 3 0 588.52 364.81 0 116.24 338.74 0 609.99 536.25
17 3 0 593.74 361.28 0 122.47 333.77 0 563.14 581.97
18 3 0 122.51 340.00 0 594.09 367.14 0 557.48 578.76
19 3 0 586.24 371.26 0 113.74 343.74 0 590.00 525.06
20 4 0 117.52 350.01 0 587.49 523.79 0 585.07 377.52 0 541.24 571.25
21 5 0 595.09 386.05 0 548.63 572.51 0 125.39 358.77 0 591.24 528.74 0 569.99 85.09
22 5 0 596.24 391.24 0 586.23 526.27 0 126.24 363.76 0 584.27 526.29 0 563.78 86.29
23 6 0 593.76 388.74 0 579.99 517.50 0 126.25 362.53 0 557.49 77.50 0 102.08 2.93 0 538.74 558.71
24 5 0 587.49 398.77 0 122.51 371.25 0 568.74 521.26 0 98.58 5.93 0 147.01 4.32
25 4 0 598.74 401.24 0 572.51 517.51 0 131.25 373.77 0 108.77 4.57
26 5 0 557.50 517.47 0 123.67 379.99 0 588.75 407.53 0 170.01 435.88 0 523.25 549.94
27 3 0 597.33 408.42 0 562.51 509.98 0 130.51 382.90
28 4 0 558.74 511.24 0 599.95 416.30 0 134.68 388.74 0 536.31 83.77
29 4 0 555.02 514.19 0 600.14 423.71 0 136.25 396.26 0 521.26 543.76
30 4 0 593.78 431.26 0 132.51 405.01 0 543.71 516.24 0 513.79 543.74
31 3 0 130.01 403.87 0 591.27 430.22 0 536.25 508.74
32 5 0 138.89 404.54 0 600.52 433.21 0 538.74 503.75 0 511.10 526.25 0 107.69 3.70
33 3 0 603.72 441.28 0 536.26 506.26 0 143.71 413.75
34 4 0 596.27 450.24 0 523.77 508.94 0 498.75 528.77 0 136.67 423.43
35 4 0 602.51 447.50 0 501.25 517.48 0 143.74 421.30 0 530.04 517.53
36 4 0 603.73 453.75 0 498.75 516.16 0 146.26 426.30 0 522.75 501.26
37 4 0 594.51 461.10 0 508.74 501.32 0 136.27 433.75 0 136.37 431.24
38 5 0 603.74 468.76 0 147.49 442.51 0 511.23 502.79 0 482.51 92.49 0 491.25 513.78
39 4 0 598.74 474.99 0 143.72 446.26 0 412.47 489.99 0 503.62 503.07
40 3 0 597.41 478.09 0 141.25 451.27 0 496.26 498.76
41 5 0 606.23 481.27 0 607.50 481.90 0 153.74 453.74 0 151.24 453.73 0 499.35 497.32
42 4 0 598.75 488.74 0 146.24 461.25 0 471.17 501.26 0 599.96 487.54
43 4 0 606.24 493.76 0 488.94 496.26 0 473.85 496.28 0 153.78 466.85
44 5 0 606.25 490.14 0 452.50 90.01 0 156.24 461.65 0 483.77 488.75 0 483.77 486.43
45 2 0 156.26 467.46 0 606.81 495.33
46 3 0 158.72 476.25 0 609.36 503.75 0 478.29 488.77
47 3 0 431.24 91.25 0 603.76 503.76 0 466.27 481.33
48 3 0 603.75 517.51 0 153.90 490.02 0 461.26 488.75
49 4 0 162.50 492.51 0 610.06 521.13 0 463.74 486.29 0 526.22 533.22
50 4 0 608.90 518.43 0 161.25 491.13 0 456.29 476.26 0 448.87 463.73
