1 0
2 2 0 436.25 589.93 0 586.26 291.25
3 2 0 437.53 581.27 0 586.30 285.03
4 3 0 428.74 582.49 0 576.25 288.73 0 576.26 286.83
5 2 0 429.85 576.67 0 573.75 283.75
6 2 0 428.73 576.66 0 571.27 286.25
7 2 0 432.49 570.89 0 573.74 283.74
8 2 0 431.23 568.78 0 570.60 283.74
9 2 0 436.25 576.11 0 573.75 292.49
10 3 0 437.47 568.75 0 21.25 302.50 0 573.77 286.27
11 3 0 432.26 572.51 0 18.73 308.70 0 566.85 293.75
12 4 0 436.23 563.75 0 568.76 286.25 0 23.76 299.85 0 25.17 298.79
13 3 0 427.49 562.52 0 18.69 298.75 0 558.73 286.23
14 3 0 435.00 558.75 0 563.77 286.27 0 26.27 296.26
15 3 0 432.50 554.98 0 26.26 293.74 0 561.24 285.03
16 3 0 428.73 553.77 0 553.75 286.26 0 23.74 293.75
17 4 0 435.03 554.98 0 558.74 288.77 0 33.75 296.28 0 559.98 287.51
18 3 0 435.01 555.40 0 33.75 298.57 0 557.52 291.26
19 3 0 435.02 553.78 0 556.27 292.58 0 36.25 297.50
20 3 0 431.23 555.00 0 551.24 296.26 0 33.76 298.76
21 3 0 435.01 548.75 0 553.73 291.25 0 41.27 293.76
22 3 0 432.50 541.66 0 548.74 288.75 0 38.75 288.73
23 3 0 427.49 548.75 0 35.10 296.25 0 541.25 296.26
24 3 0 425.00 539.98 0 36.22 288.77 0 538.77 290.78
25 3 0 426.23 536.25 0 538.76 288.76 0 37.56 286.24
26 2 0 423.75 537.45 0 38.70 288.78
27 4 0 429.95 531.25 0 46.25 283.75 0 231.25 18.25 0 536.23 288.72
28 4 0 429.98 539.09 0 48.76 293.75 0 536.20 298.75 0 533.73 298.76
29 3 0 433.73 532.53 0 53.76 288.77 0 53.76 286.79
30 4 0 425.00 533.73 0 46.22 288.75 0 526.24 298.74 0 231.22 30.01
31 5 0 426.25 523.75 0 187.50 277.50 0 236.26 23.70 0 49.92 281.24 0 526.23 290.00
32 2 0 424.57 530.01 0 51.26 288.78
33 3 0 432.54 523.93 0 60.00 282.51 0 245.01 28.80
34 3 0 422.49 522.36 0 51.35 281.46 0 518.73 296.27
35 4 0 428.03 525.02 0 58.74 286.26 0 244.99 37.50 0 147.50 277.51
36 4 0 423.72 516.25 0 56.25 278.74 0 242.46 30.01 0 515.03 296.26
37 5 0 423.71 519.99 0 243.72 36.29 0 58.74 283.74 0 513.76 301.24 0 197.47 290.01
38 4 0 424.95 519.99 0 61.25 283.76 0 513.40 303.66 0 511.25 303.58
39 4 0 426.24 517.49 0 65.88 283.77 0 63.89 283.75 0 511.21 306.27
40 3 0 427.50 506.25 0 68.75 272.50 0 513.76 296.25
41 3 0 421.26 511.26 0 63.73 278.75 0 506.26 301.25
42 3 0 421.26 509.99 0 66.26 278.74 0 250.01 45.00
43 4 0 421.26 507.46 0 67.49 276.24 0 501.24 303.73 0 251.25 46.27
44 3 0 422.47 500.02 0 69.98 271.07 0 501.88 299.33
45 4 0 421.24 503.81 0 252.52 49.97 0 498.75 307.51 0 71.24 277.38
46 3 0 429.98 501.19 0 82.48 274.03 0 263.74 48.73
47 4 0 423.72 502.35 0 77.49 276.25 0 258.78 53.76 0 496.60 311.26
48 5 0 421.30 499.97 0 77.48 274.91 0 493.17 310.02 0 218.57 301.26 0 257.49 53.89
49 1 0 428.73 496.26
50 3 0 422.51 496.05 0 81.25 273.76 0 492.50 311.24
