1 0
2 3 0 233.75 473.77 0 58.93 404.99 0 93.74 63.74
3 3 0 238.75 456.25 0 75.00 395.01 0 98.75 65.72
4 4 0 237.51 454.91 0 98.74 83.75 0 84.08 398.79 0 84.55 400.30
5 5 0 228.74 441.26 0 86.25 391.25 0 91.26 88.76 0 58.79 401.31 0 91.25 86.98
6 3 0 233.75 436.25 0 102.39 393.76 0 96.25 103.73
7 3 0 227.49 421.61 0 90.13 108.73 0 503.72 220.00
8 2 0 226.23 413.75 0 91.58 118.66
9 2 0 234.99 403.75 0 103.74 129.19
10 2 0 233.75 393.75 0 103.71 138.76
11 3 0 232.47 386.27 0 482.50 242.50 0 103.73 148.80
12 3 0 222.49 373.76 0 463.76 246.23 0 97.35 158.55
13 1 0 225.05 370.04
14 2 0 228.75 353.76 0 108.75 176.26
15 3 0 218.74 346.27 0 103.74 186.26 0 170.01 467.50
16 4 0 227.53 333.82 0 115.00 195.00 0 186.24 458.72 0 202.51 354.99
17 3 0 217.49 325.01 0 107.69 203.75 0 183.73 451.26
18 4 0 226.25 315.01 0 198.74 441.28 0 121.24 213.78 0 221.19 346.30
19 4 0 117.48 229.05 0 217.50 312.51 0 221.25 349.98 0 198.74 441.24
20 5 0 223.74 296.25 0 238.73 341.25 0 126.73 230.55 0 213.76 428.92 0 21.25 408.83
21 4 0 218.74 293.76 0 218.75 428.75 0 26.57 410.37 0 246.22 343.75
22 4 0 226.24 422.36 0 218.76 283.77 0 256.26 341.27 0 33.76 403.76
23 4 0 218.75 266.27 0 42.51 386.43 0 266.25 330.12 0 233.59 406.25
24 5 0 218.74 263.75 0 242.47 407.51 0 50.02 387.49 0 276.26 333.81 0 553.74 396.63
25 2 0 208.79 250.22 0 239.37 396.24
26 4 0 210.01 238.27 0 248.74 385.11 0 288.76 318.73 0 56.26 366.28
27 5 0 212.51 236.25 0 259.97 387.37 0 522.50 410.02 0 301.25 323.82 0 66.25 368.75
28 3 0 206.25 221.23 0 262.45 373.75 0 306.79 317.49
29 5 0 213.73 217.49 0 322.49 317.49 0 276.24 372.52 0 227.51 277.51 0 506.24 501.27
30 5 0 208.79 208.75 0 329.60 316.04 0 90.00 394.99 0 278.94 366.25 0 207.55 207.59
31 6 0 206.23 198.76 0 284.99 357.51 0 91.28 338.75 0 337.21 311.33 0 481.25 423.70 0 481.27 426.25
32 4 0 211.25 187.43 0 237.49 261.20 0 298.78 348.79 0 353.77 306.26
33 4 0 202.60 178.75 0 101.24 323.68 0 297.59 343.76 0 354.10 303.74
34 3 0 208.76 168.77 0 197.49 355.01 0 313.74 336.28
35 5 0 203.75 161.25 0 316.20 331.25 0 118.71 310.02 0 236.56 498.82 0 202.51 362.51
36 2 0 318.72 321.26 0 198.86 147.71
37 3 0 198.70 140.90 0 427.50 443.77 0 327.15 315.04
38 2 0 196.23 128.72 0 332.48 306.25
39 3 0 202.49 122.50 0 346.25 302.51 0 413.72 453.81
40 3 0 203.75 108.77 0 356.26 292.50 0 406.24 453.76
41 4 0 198.24 103.69 0 358.73 288.76 0 243.73 405.00 0 161.26 267.85
42 3 0 193.92 85.03 0 165.02 250.00 0 362.61 273.78
43 1 0 202.26 79.91
44 1 0 197.01 65.53
45 5 0 476.22 266.97 0 197.48 64.98 0 277.49 489.99 0 391.16 258.75 0 190.96 237.48
46 2 0 188.75 48.83 0 477.58 256.29
47 4 0 187.45 41.04 0 397.47 241.23 0 197.21 218.74 0 486.25 256.26
48 5 0 191.23 26.35 0 208.73 206.24 0 406.23 229.05 0 326.23 476.25 0 501.72 248.70
49 5 0 193.75 26.14 0 418.97 231.08 0 322.48 490.00 0 218.75 208.75 0 218.76 206.64
50 5 0 191.17 8.77 0 523.76 241.26 0 258.82 523.75 0 425.48 214.89 0 223.69 191.38
