1 0
2 0
3 0
4 0
5 1 0 92.51 275.00
6 0
7 2 0 612.64 26.28 0 92.47 271.23
8 3 0 613.35 27.03 0 93.76 271.26 0 285.02 164.95
9 2 0 92.49 269.98 0 612.51 28.71
10 2 0 612.50 29.98 0 96.26 266.39
11 2 0 612.50 30.00 0 96.25 266.30
12 2 0 286.25 171.26 0 96.23 266.26
13 2 0 610.40 34.32 0 98.38 263.76
14 1 0 98.74 263.74
15 3 0 98.75 262.49 0 288.76 173.77 0 286.30 173.75
16 1 0 99.96 261.25
17 2 0 101.25 260.01 0 285.02 176.27
18 3 0 285.03 178.75 0 101.25 260.00 0 609.99 41.29
19 1 0 103.73 258.74
20 4 0 401.28 623.74 0 105.64 256.38 0 286.27 181.24 0 103.75 256.73
21 4 0 106.24 256.27 0 349.98 35.05 0 400.82 622.41 0 286.27 181.25
22 3 0 401.26 621.25 0 106.24 253.73 0 286.25 183.75
23 3 0 107.50 252.51 0 402.46 621.20 0 286.24 186.27
24 3 0 403.75 620.71 0 107.51 252.50 0 288.75 186.26
25 5 0 403.76 618.75 0 108.74 250.09 0 608.74 52.52 0 286.24 188.75 0 122.50 275.00
26 4 0 406.24 618.76 0 111.22 249.93 0 516.42 623.15 0 288.76 189.75
27 4 0 109.99 250.00 0 518.68 621.24 0 406.26 617.57 0 587.51 460.24
28 3 0 517.50 621.23 0 406.82 616.25 0 111.24 248.75
29 5 0 408.75 616.26 0 517.51 618.74 0 111.24 246.24 0 286.26 193.74 0 606.23 56.25
30 5 0 113.74 246.25 0 288.74 193.76 0 411.07 614.80 0 610.00 58.79 0 517.49 620.00
31 5 0 113.75 245.00 0 410.00 613.76 0 288.75 196.26 0 518.73 616.24 0 588.75 48.81
32 4 0 115.00 243.55 0 412.00 612.66 0 517.97 616.27 0 288.76 197.45
33 5 0 116.25 242.53 0 412.51 612.26 0 516.23 612.51 0 288.74 198.75 0 606.25 63.75
34 5 0 517.49 612.50 0 117.49 242.52 0 88.76 621.25 0 413.74 611.28 0 288.75 201.25
35 6 0 88.76 621.23 0 517.49 611.25 0 117.50 242.45 0 289.04 201.55 0 413.79 611.26 0 606.22 66.24
36 5 0 88.74 618.75 0 517.46 610.01 0 416.26 608.76 0 288.78 202.52 0 118.72 238.75
37 6 0 288.77 203.75 0 516.25 609.99 0 88.75 618.75 0 409.08 619.95 0 416.78 608.75 0 121.25 238.74
38 7 0 122.51 237.50 0 288.75 206.26 0 88.77 616.25 0 605.02 69.94 0 418.73 607.50 0 406.22 618.75 0 408.60 618.71
39 6 0 517.48 605.02 0 122.50 236.45 0 418.76 606.37 0 406.27 618.74 0 288.76 206.25 0 88.77 616.24
40 5 0 517.48 605.00 0 418.77 606.26 0 122.51 234.98 0 405.02 618.77 0 88.80 613.76
41 7 0 421.22 606.25 0 90.01 612.50 0 516.22 603.78 0 125.00 235.01 0 291.25 208.77 0 605.00 75.01 0 403.79 616.72
42 7 0 422.46 603.72 0 90.02 611.26 0 517.47 602.52 0 291.26 209.99 0 401.28 618.78 0 126.23 231.24 0 605.03 74.98
43 7 0 88.77 608.76 0 292.50 212.49 0 423.74 602.66 0 605.01 76.03 0 401.26 616.28 0 516.44 601.28 0 126.25 231.29
44 7 0 292.50 212.49 0 423.75 602.43 0 88.76 608.73 0 517.51 598.77 0 398.74 616.27 0 602.50 78.76 0 128.75 231.25
45 6 0 517.48 597.50 0 398.74 616.27 0 425.10 601.05 0 291.25 212.94 0 603.77 81.42 0 128.71 231.23
46 7 0 515.00 597.49 0 92.52 605.02 0 426.27 599.98 0 604.99 82.45 0 397.76 616.25 0 291.25 216.26 0 126.23 228.74
47 9 0 426.24 598.76 0 515.18 595.01 0 90.00 603.70 0 130.00 227.50 0 603.67 81.46 0 396.23 614.15 0 396.23 615.94 0 428.72 29.45 0 291.27 216.27
48 7 0 427.51 598.75 0 393.76 613.74 0 515.00 594.13 0 603.69 85.00 0 131.27 227.54 0 88.80 602.58 0 291.28 218.76
49 7 0 428.74 596.26 0 393.75 613.74 0 131.26 226.16 0 90.09 601.27 0 602.87 86.28 0 293.75 218.75 0 442.51 164.99
50 7 0 428.73 596.04 0 516.24 591.25 0 91.25 598.75 0 292.51 220.01 0 391.25 613.76 0 132.88 225.02 0 602.49 88.73
