1 0
2 5 0 370.02 581.26 0 342.49 538.76 0 513.72 128.76 0 456.38 588.87 0 511.35 128.78
3 4 0 371.25 576.24 0 341.24 533.73 0 511.21 133.73 0 456.25 586.25
4 4 0 372.50 571.25 0 338.75 530.91 0 511.24 138.34 0 453.73 583.74
5 5 0 373.75 566.52 0 336.26 526.23 0 511.22 142.51 0 397.50 37.50 0 451.34 578.36
6 4 0 375.01 562.47 0 333.76 521.23 0 511.22 147.44 0 449.99 572.50
7 3 0 376.26 557.53 0 332.51 517.50 0 511.23 153.73
8 4 0 377.51 552.47 0 330.00 512.96 0 511.23 156.28 0 446.22 563.76
9 5 0 378.76 547.92 0 327.52 508.74 0 446.23 558.75 0 511.24 161.28 0 370.02 210.31
10 4 0 379.99 543.57 0 511.22 166.25 0 442.50 555.03 0 326.25 504.16
11 4 0 381.23 538.75 0 323.75 500.06 0 511.22 171.27 0 442.67 550.47
12 6 0 382.50 533.76 0 510.68 176.26 0 322.50 495.06 0 441.39 546.08 0 509.98 175.00 0 356.25 88.73
13 5 0 383.60 530.01 0 509.95 181.24 0 320.50 492.56 0 596.24 322.50 0 438.76 541.84
14 4 0 511.01 186.27 0 383.76 525.00 0 318.73 488.25 0 438.74 536.84
15 5 0 385.58 520.01 0 316.24 482.51 0 509.99 191.23 0 433.75 533.76 0 433.76 163.76
16 7 0 386.28 515.04 0 315.00 478.71 0 511.21 196.24 0 433.69 530.62 0 428.75 168.76 0 432.28 531.24 0 16.24 66.29
17 5 0 387.47 510.00 0 312.50 474.95 0 509.28 200.97 0 21.24 67.51 0 536.30 27.53
18 5 0 387.50 506.27 0 309.99 469.98 0 510.00 205.00 0 26.25 69.56 0 430.01 521.24
19 6 0 387.50 501.25 0 509.99 208.77 0 427.88 516.25 0 307.51 466.18 0 30.27 71.25 0 525.01 322.54
20 7 0 389.96 496.26 0 509.96 213.77 0 35.96 74.79 0 306.25 461.27 0 427.48 509.99 0 412.53 178.76 0 570.67 162.51
21 6 0 389.97 491.25 0 410.00 181.06 0 37.49 77.48 0 509.15 218.75 0 303.76 457.50 0 423.74 506.25
22 6 0 389.99 486.24 0 508.75 223.73 0 302.50 453.30 0 42.50 77.49 0 423.75 503.74 0 406.23 183.76
23 6 0 390.02 481.28 0 508.73 227.54 0 402.50 186.49 0 300.08 448.72 0 46.22 81.25 0 422.60 496.33
24 5 0 298.74 443.76 0 391.25 476.24 0 52.51 82.50 0 508.75 233.60 0 396.24 188.78
25 6 0 508.74 238.03 0 391.24 472.52 0 395.00 189.96 0 296.56 439.94 0 53.80 86.24 0 56.21 86.25
26 6 0 508.75 242.51 0 293.77 436.26 0 392.50 467.46 0 58.76 89.84 0 390.00 193.76 0 416.26 486.17
27 6 0 293.71 431.25 0 392.50 462.46 0 508.73 248.76 0 63.74 91.26 0 383.74 196.23 0 386.23 196.24
28 5 0 508.74 252.53 0 67.48 92.50 0 392.42 457.48 0 290.05 426.31 0 381.24 197.50
29 7 0 392.52 452.51 0 508.73 256.29 0 288.76 423.63 0 376.27 201.26 0 326.25 623.70 0 73.15 93.73 0 71.26 93.74
30 6 0 508.76 261.25 0 392.48 447.48 0 326.24 618.75 0 286.27 418.76 0 76.22 98.76 0 410.02 467.49
31 9 0 508.74 266.28 0 392.58 442.58 0 323.75 613.75 0 284.98 414.19 0 26.35 289.99 0 368.73 203.73 0 78.75 100.03 0 366.55 203.75 0 408.75 463.78
32 6 0 392.49 437.50 0 323.74 608.76 0 283.75 410.04 0 508.73 272.66 0 363.75 206.28 0 86.21 103.63
33 11 0 321.26 603.76 0 507.59 276.25 0 392.51 432.75 0 281.26 405.69 0 404.26 453.76 0 358.73 208.78 0 90.01 107.49 0 562.51 389.98 0 155.00 467.50 0 279.98 405.00 0 405.18 456.25
34 8 0 278.73 401.24 0 401.28 451.27 0 355.01 210.01 0 507.51 281.24 0 392.48 428.73 0 92.50 106.35 0 321.24 598.76 0 366.25 566.24
35 6 0 392.50 423.62 0 276.28 397.50 0 508.74 286.26 0 318.72 593.81 0 96.29 108.73 0 351.13 213.74
36 6 0 391.28 418.76 0 273.79 393.78 0 507.51 290.01 0 318.75 588.74 0 100.76 109.96 0 398.78 441.25
37 11 0 391.23 413.73 0 273.69 388.76 0 398.62 436.55 0 272.49 389.36 0 506.25 296.25 0 106.27 113.74 0 341.24 213.76 0 506.27 293.99 0 317.73 583.89 0 318.73 585.53 0 341.26 216.15
38 8 0 390.18 408.76 0 316.25 580.01 0 110.00 116.25 0 507.21 300.00 0 270.00 384.93 0 608.76 323.76 0 337.36 216.65 0 508.80 282.82
39 7 0 391.24 403.74 0 267.48 380.00 0 506.27 303.75 0 114.99 117.50 0 316.24 573.74 0 331.26 216.36 0 30.00 36.36
40 6 0 389.98 398.77 0 266.26 376.26 0 314.99 569.96 0 506.48 308.84 0 118.53 121.25 0 330.00 220.04
41 7 0 388.95 395.01 0 263.75 372.39 0 122.50 122.50 0 508.75 313.76 0 323.83 221.25 0 313.75 563.82 0 389.99 49.99
42 7 0 388.73 389.99 0 507.55 318.75 0 262.50 367.45 0 313.66 558.76 0 317.50 221.22 0 126.24 126.26 0 420.00 30.01
43 7 0 261.25 363.74 0 387.57 384.95 0 507.51 322.48 0 131.26 128.76 0 313.74 554.24 0 313.09 225.39 0 311.22 555.27
44 6 0 258.75 358.74 0 387.49 380.01 0 506.26 328.74 0 313.74 549.68 0 133.76 128.77 0 307.37 223.74
45 6 0 386.23 376.19 0 138.75 131.25 0 506.26 333.74 0 256.36 353.76 0 383.67 403.19 0 311.25 546.26
46 8 0 386.24 370.03 0 311.24 540.18 0 143.75 134.22 0 381.23 398.14 0 506.25 338.75 0 255.08 350.01 0 298.73 226.49 0 133.61 28.94
47 7 0 384.95 365.01 0 252.93 346.27 0 147.51 136.28 0 311.24 536.27 0 506.26 343.56 0 522.51 292.51 0 293.62 226.35
48 7 0 383.74 361.27 0 250.14 341.25 0 151.22 138.83 0 310.69 528.83 0 378.77 389.87 0 289.33 229.56 0 506.25 347.65
49 8 0 382.51 356.11 0 156.24 141.27 0 248.76 337.41 0 309.93 524.18 0 284.98 229.99 0 505.89 351.00 0 377.37 385.63 0 596.24 26.27
50 8 0 381.25 351.23 0 246.24 333.75 0 506.26 356.24 0 161.24 143.73 0 382.23 352.45 0 309.92 520.65 0 373.72 379.14 0 282.22 229.34
