1 0
2 1 0 529.84 266.27
3 1 0 526.22 266.51
4 1 0 524.85 268.73
5 2 0 18.76 623.75 0 526.25 266.13
6 3 0 522.50 263.75 0 14.69 620.03 0 122.52 402.53
7 2 0 518.73 268.75 0 13.76 623.69
8 2 0 13.75 618.75 0 517.33 266.28
9 4 0 517.48 270.93 0 16.24 621.24 0 233.85 618.75 0 468.96 78.63
10 3 0 516.24 271.24 0 16.25 618.76 0 162.50 170.00
11 3 0 516.24 271.25 0 17.48 617.57 0 233.75 616.26
12 3 0 516.25 271.26 0 18.76 616.26 0 235.00 613.74
13 2 0 511.25 270.00 0 16.24 611.25
14 3 0 511.22 273.77 0 18.03 613.76 0 233.79 612.51
15 2 0 511.25 273.77 0 18.76 611.25
16 2 0 16.28 606.27 0 507.49 270.02
17 2 0 21.25 606.25 0 509.39 271.23
18 2 0 21.25 603.77 0 508.74 271.22
19 2 0 21.26 601.28 0 507.51 271.25
20 2 0 21.27 601.27 0 506.27 273.75
21 3 0 18.75 601.25 0 501.23 273.80 0 227.50 602.51
22 2 0 503.74 276.26 0 21.73 601.27
23 2 0 23.75 598.76 0 501.26 276.26
24 3 0 18.75 596.25 0 497.58 275.60 0 227.48 595.01
25 3 0 22.62 597.60 0 498.74 278.76 0 231.25 597.30
26 3 0 18.75 593.78 0 493.75 278.73 0 227.49 594.99
27 3 0 21.25 594.99 0 227.52 595.02 0 493.74 281.28
28 3 0 493.75 281.25 0 229.98 595.00 0 22.53 593.75
29 4 0 21.25 591.23 0 489.99 279.99 0 29.96 555.02 0 226.26 591.26
30 3 0 488.76 278.75 0 21.25 588.67 0 226.25 588.76
31 5 0 488.70 278.42 0 487.41 277.55 0 22.50 586.20 0 223.76 586.27 0 226.24 586.29
32 2 0 488.73 277.51 0 23.74 583.13
33 3 0 488.75 281.23 0 228.75 586.32 0 26.25 586.28
34 3 0 483.74 281.27 0 21.24 583.72 0 226.24 583.73
35 3 0 486.24 283.76 0 26.24 583.75 0 226.24 586.28
36 4 0 226.24 578.77 0 26.24 578.75 0 483.75 281.21 0 483.74 278.89
37 3 0 481.25 281.24 0 23.74 576.26 0 223.08 579.47
38 3 0 478.74 281.27 0 23.74 574.74 0 223.74 576.24
39 3 0 481.26 282.37 0 28.74 573.75 0 228.24 369.36
40 2 0 475.23 285.01 0 25.80 576.26
41 3 0 476.24 286.25 0 26.25 576.27 0 222.35 578.73
42 3 0 26.25 568.75 0 473.77 283.75 0 221.23 572.50
43 3 0 26.27 571.25 0 472.72 287.49 0 46.20 16.27
44 4 0 28.20 566.24 0 473.01 283.75 0 223.74 569.99 0 523.72 115.46
45 2 0 28.75 563.77 0 471.22 283.78
46 3 0 26.25 566.27 0 467.49 287.76 0 220.01 568.77
47 3 0 28.73 566.24 0 469.93 288.74 0 223.74 571.24
48 2 0 26.26 564.99 0 466.24 288.74
49 2 0 463.75 288.75 0 26.25 561.27
50 2 0 28.76 558.74 0 463.73 286.26
