1 0
2 0
3 1 0 477.49 89.98
4 1 0 478.72 91.25
5 0
6 3 0 473.74 86.26 0 483.76 326.45 0 483.77 328.67
7 3 0 487.51 326.26 0 478.72 86.24 0 165.00 450.26
8 3 0 483.73 328.75 0 473.57 91.09 0 328.78 602.52
9 2 0 486.23 325.32 0 476.24 88.75
10 2 0 482.51 323.77 0 469.92 88.70
11 3 0 482.67 321.28 0 471.18 86.26 0 328.77 593.80
12 2 0 482.59 321.23 0 470.10 88.79
13 2 0 481.26 322.50 0 466.26 91.26
14 2 0 481.25 322.50 0 466.52 92.51
15 2 0 481.26 321.26 0 466.25 93.72
16 2 0 483.76 316.26 0 466.26 91.24
17 3 0 463.74 88.76 0 480.02 313.89 0 325.02 587.51
18 3 0 463.75 93.75 0 482.49 317.51 0 51.39 18.75
19 2 0 477.48 314.99 0 458.75 93.72
20 2 0 477.50 311.25 0 458.76 91.25
21 2 0 478.72 309.80 0 460.56 90.47
22 3 0 477.51 308.75 0 458.76 91.25 0 53.76 18.85
23 3 0 459.62 92.48 0 478.76 307.47 0 58.74 21.27
24 3 0 478.74 308.75 0 458.77 95.00 0 56.61 26.27
25 3 0 477.48 305.01 0 456.25 92.52 0 56.27 21.43
26 3 0 451.26 93.76 0 473.77 306.28 0 53.75 25.99
27 4 0 476.23 306.44 0 58.75 28.75 0 453.75 98.74 0 523.09 603.42
28 4 0 477.47 303.73 0 58.77 28.75 0 453.75 96.26 0 410.00 610.01
29 6 0 59.99 28.75 0 477.50 302.45 0 453.00 96.26 0 29.98 354.99 0 27.47 252.51 0 321.25 576.26
30 4 0 471.25 301.26 0 56.26 31.24 0 448.67 96.25 0 446.87 96.25
31 5 0 58.76 28.74 0 473.75 298.75 0 448.75 94.05 0 27.49 349.99 0 317.49 572.50
32 3 0 446.14 100.00 0 57.33 34.97 0 472.50 301.25
33 4 0 61.25 31.26 0 448.75 96.25 0 473.77 296.26 0 317.50 572.51
34 3 0 473.76 298.77 0 63.68 36.26 0 448.16 98.75
35 4 0 446.26 98.75 0 63.72 36.18 0 473.77 295.27 0 317.49 572.49
36 3 0 443.77 101.27 0 61.25 38.76 0 471.24 298.75
37 4 0 471.24 291.26 0 441.25 96.27 0 63.71 36.25 0 34.99 347.53
38 3 0 471.25 290.43 0 441.27 97.52 0 66.25 37.71
39 4 0 471.24 289.65 0 441.25 98.28 0 66.25 38.76 0 314.99 565.01
40 4 0 436.26 98.76 0 468.68 288.74 0 467.87 287.49 0 62.51 39.14
41 3 0 436.23 98.76 0 467.51 286.23 0 63.74 40.93
42 4 0 470.00 286.24 0 68.73 42.38 0 438.71 100.03 0 313.77 563.77
43 4 0 63.74 43.76 0 466.24 286.23 0 433.73 101.26 0 464.96 285.26
44 3 0 469.96 286.26 0 68.75 46.26 0 436.24 103.76
45 3 0 66.25 44.99 0 431.22 102.49 0 465.67 283.10
46 3 0 467.51 281.29 0 71.18 45.03 0 433.77 101.25
47 4 0 463.73 282.52 0 428.74 103.75 0 66.24 48.76 0 64.97 47.48
48 3 0 427.90 106.28 0 67.49 51.26 0 462.92 282.45
49 3 0 465.02 276.27 0 68.76 49.99 0 428.74 102.27
50 4 0 428.75 108.73 0 466.25 279.97 0 73.60 53.76 0 309.74 557.50
