1 0
2 2 0 61.30 23.74 0 381.24 68.73
3 2 0 61.24 28.74 0 376.26 71.25
4 2 0 66.26 34.68 0 376.25 76.25
5 3 0 370.01 82.51 0 63.75 41.30 0 64.98 42.40
6 2 0 70.47 48.56 0 371.25 88.76
7 2 0 69.99 53.76 0 366.23 92.50
8 1 0 73.75 56.26
9 3 0 362.50 100.01 0 147.51 20.02 0 73.80 63.73
10 3 0 73.76 63.74 0 357.50 100.01 0 141.26 21.26
11 3 0 356.25 107.50 0 143.73 31.20 0 77.48 73.11
12 3 0 81.24 76.25 0 355.00 111.25 0 143.75 33.75
13 3 0 77.39 81.24 0 347.51 113.77 0 139.24 37.51
14 3 0 140.00 45.02 0 347.51 121.27 0 81.25 88.74
15 3 0 82.49 91.26 0 343.72 123.78 0 138.69 48.94
16 3 0 338.75 126.27 0 81.59 96.25 0 136.53 52.41
17 3 0 86.28 98.75 0 340.02 128.73 0 138.74 56.27
18 3 0 88.75 101.25 0 136.26 58.77 0 338.74 131.26
19 3 0 90.02 107.49 0 333.76 136.27 0 133.75 63.74
20 4 0 330.00 140.01 0 133.52 69.18 0 91.26 113.76 0 91.25 111.24
21 3 0 91.27 121.25 0 131.24 77.51 0 326.23 148.75
22 4 0 42.55 13.77 0 133.39 81.23 0 96.57 122.90 0 326.28 147.55
23 4 0 132.51 83.75 0 46.24 16.25 0 98.74 126.33 0 323.76 153.76
24 4 0 96.25 132.08 0 318.73 156.32 0 47.98 18.77 0 128.75 88.78
25 4 0 52.50 20.01 0 101.24 136.24 0 128.76 93.76 0 318.72 158.76
26 5 0 316.21 165.01 0 103.45 141.25 0 126.26 98.76 0 128.73 98.77 0 58.74 22.51
27 4 0 315.01 170.02 0 63.74 26.28 0 106.23 148.18 0 128.78 106.24
28 4 0 66.49 27.50 0 309.99 172.52 0 106.25 151.23 0 126.26 108.75
29 4 0 67.50 33.75 0 122.50 117.51 0 306.26 180.95 0 105.51 161.24
30 4 0 76.25 33.75 0 111.23 162.52 0 306.27 181.28 0 126.25 118.75
31 4 0 111.25 171.25 0 78.75 40.02 0 303.73 188.73 0 123.75 126.24
32 4 0 82.05 38.75 0 298.76 189.85 0 111.26 171.25 0 121.31 128.75
33 4 0 116.24 178.75 0 298.76 196.25 0 87.50 45.02 0 122.49 136.29
34 4 0 91.25 45.02 0 118.73 183.74 0 296.25 198.75 0 266.69 210.01
35 4 0 118.75 188.75 0 292.47 204.37 0 95.93 48.76 0 122.52 146.61
36 4 0 98.76 52.36 0 289.04 209.99 0 118.87 196.26 0 117.56 153.76
37 5 0 118.74 153.75 0 122.49 196.26 0 102.51 52.49 0 288.75 208.77 0 286.30 208.77
38 4 0 123.75 205.00 0 117.50 161.27 0 106.25 57.48 0 285.57 216.25
39 5 0 108.73 61.25 0 122.49 209.46 0 278.74 221.26 0 114.04 166.63 0 113.93 168.34
40 3 0 125.01 210.00 0 276.69 220.01 0 111.24 58.76
41 3 0 116.26 61.66 0 126.25 213.74 0 113.75 171.27
42 4 0 128.76 220.00 0 273.78 228.19 0 121.24 64.34 0 119.97 64.98
43 4 0 121.24 71.04 0 267.10 237.50 0 128.77 228.70 0 108.76 186.15
44 4 0 129.01 231.25 0 126.24 71.26 0 106.16 188.72 0 263.74 238.72
45 5 0 131.26 76.27 0 133.75 238.73 0 107.21 196.95 0 265.93 243.82 0 263.62 243.71
46 4 0 136.30 243.76 0 136.27 81.25 0 107.52 202.50 0 261.26 248.78
47 3 0 141.25 83.06 0 261.26 252.51 0 138.76 248.68
48 3 0 141.24 82.49 0 136.26 249.72 0 253.75 252.51
49 4 0 138.75 253.75 0 144.98 85.02 0 103.74 213.74 0 253.72 257.04
50 3 0 143.73 263.64 0 151.24 91.95 0 106.18 218.79
