1 0
2 0
3 0
4 0
5 1 0 587.49 77.50
6 0
7 0
8 0
9 0
10 1 0 602.48 597.50
11 0
12 0
13 2 0 101.23 386.53 0 534.53 210.11
14 0
15 1 0 467.50 442.53
16 0
17 0
18 0
19 0
20 0
21 1 0 67.54 253.74
22 0
23 1 0 597.49 522.51
24 1 0 463.72 206.25
25 1 0 467.50 210.04
26 0
27 1 0 201.25 623.75
28 1 0 198.74 614.27
29 3 0 203.72 611.27 0 446.24 201.26 0 50.40 456.25
30 1 0 200.04 610.01
31 1 0 203.59 610.32
32 2 0 206.25 606.27 0 427.50 202.49
33 1 0 208.74 598.74
34 3 0 217.34 591.26 0 422.24 191.25 0 557.55 37.49
35 1 0 217.53 597.53
36 2 0 221.23 583.75 0 411.24 190.00
37 3 0 228.74 581.25 0 412.51 190.00 0 51.24 457.44
38 3 0 223.73 582.89 0 401.25 193.77 0 569.97 613.38
39 3 0 227.47 574.81 0 396.26 186.27 0 243.78 538.76
40 3 0 228.76 573.75 0 389.98 187.51 0 548.75 168.90
41 2 0 237.30 574.04 0 393.73 191.18
42 2 0 233.91 563.45 0 383.74 182.25
43 2 0 388.72 183.67 0 247.52 562.35
44 5 0 248.76 561.29 0 247.53 561.87 0 383.70 186.04 0 483.73 587.51 0 382.67 184.15
45 2 0 244.94 556.26 0 371.26 183.54
46 2 0 254.15 546.28 0 373.74 175.01
47 4 0 366.25 182.51 0 256.17 550.30 0 76.53 10.31 0 255.00 552.09
48 2 0 253.76 537.68 0 358.38 170.35
49 2 0 262.37 532.52 0 358.56 168.52
50 3 0 261.19 530.20 0 351.23 166.32 0 163.77 485.00
