1 0
2 3 0 338.56 528.75 0 337.81 527.49 0 518.79 583.74
3 4 0 338.75 526.37 0 517.30 583.75 0 446.26 46.28 0 448.74 46.24
4 4 0 337.51 523.75 0 517.49 581.07 0 446.24 43.77 0 447.59 44.93
5 3 0 336.14 520.59 0 445.01 43.74 0 515.00 578.75
6 4 0 443.75 45.02 0 335.01 519.97 0 513.75 576.30 0 470.01 37.45
7 4 0 335.02 522.50 0 522.49 20.01 0 441.26 49.95 0 513.75 580.00
8 7 0 332.13 517.50 0 511.18 576.28 0 438.74 46.37 0 426.41 52.44 0 521.05 18.71 0 440.17 47.53 0 519.00 18.49
9 6 0 330.01 515.01 0 518.73 18.76 0 508.73 573.75 0 438.74 46.29 0 438.72 48.76 0 507.62 575.44
10 8 0 371.26 623.74 0 327.50 517.58 0 435.04 51.31 0 516.24 23.74 0 425.54 59.83 0 423.73 60.02 0 506.24 576.29 0 504.86 577.01
11 7 0 433.77 51.33 0 372.46 621.24 0 327.52 516.24 0 515.04 23.73 0 503.72 576.25 0 516.17 25.23 0 426.32 60.89
12 5 0 328.77 517.49 0 517.49 27.49 0 506.26 576.26 0 433.78 56.24 0 376.26 621.25
13 6 0 328.78 511.27 0 518.74 26.27 0 435.01 52.49 0 377.50 616.26 0 503.75 571.23 0 506.25 571.24
14 7 0 326.21 513.81 0 376.26 618.76 0 515.43 31.25 0 431.25 58.72 0 22.48 376.27 0 503.73 573.76 0 503.72 576.22
15 5 0 322.49 510.01 0 373.74 613.74 0 498.74 569.73 0 428.14 57.31 0 511.24 31.27
16 6 0 513.74 33.76 0 322.51 511.59 0 498.75 572.49 0 376.26 616.27 0 430.03 60.18 0 428.85 71.29
17 7 0 325.15 507.66 0 381.24 611.24 0 501.25 568.78 0 516.27 31.24 0 429.92 58.79 0 516.26 33.59 0 430.03 69.81
18 10 0 381.25 608.75 0 324.97 506.23 0 513.76 33.76 0 29.96 370.01 0 428.84 58.79 0 498.76 568.79 0 498.74 566.38 0 482.49 17.09 0 431.18 70.76 0 433.90 69.84
19 7 0 322.50 502.53 0 379.98 606.26 0 481.24 16.27 0 496.26 566.23 0 511.23 33.76 0 28.75 368.76 0 426.24 58.77
20 8 0 322.49 502.51 0 381.24 606.25 0 513.75 36.23 0 496.27 566.24 0 427.49 60.02 0 482.50 20.00 0 33.74 369.53 0 31.28 369.19
21 7 0 318.74 501.26 0 508.75 36.26 0 492.52 562.51 0 378.76 603.46 0 478.72 21.25 0 421.26 61.23 0 31.22 368.74
22 7 0 510.00 36.75 0 319.83 499.98 0 381.26 601.25 0 493.74 562.48 0 36.22 368.73 0 423.66 61.24 0 481.24 21.63
23 8 0 315.00 501.26 0 378.76 601.30 0 506.23 41.25 0 477.50 26.31 0 488.79 563.55 0 418.75 66.23 0 418.75 64.37 0 33.76 368.75
24 9 0 313.75 498.60 0 381.24 598.73 0 477.50 27.48 0 506.23 41.31 0 35.45 366.24 0 417.48 66.25 0 486.27 561.25 0 429.87 77.46 0 488.76 561.25
25 8 0 381.24 598.75 0 477.48 30.01 0 312.51 498.76 0 505.00 43.78 0 37.51 365.05 0 486.24 562.49 0 416.29 66.36 0 380.07 600.01
26 9 0 37.49 365.02 0 381.25 596.26 0 503.74 46.26 0 477.47 31.21 0 413.77 66.30 0 312.51 497.46 0 486.20 561.25 0 486.19 558.73 0 415.07 67.42
27 9 0 485.01 557.51 0 503.74 46.25 0 413.67 67.43 0 477.51 31.23 0 382.50 593.76 0 312.50 494.41 0 38.73 362.57 0 431.26 83.73 0 433.73 83.74
28 9 0 483.75 556.25 0 312.50 492.52 0 412.58 68.72 0 41.26 362.53 0 383.74 591.58 0 434.97 84.16 0 503.69 46.29 0 478.72 33.76 0 478.72 31.25
29 9 0 309.97 492.51 0 501.25 48.77 0 410.02 70.01 0 476.26 36.18 0 481.25 557.49 0 42.50 363.72 0 383.73 591.25 0 433.72 86.22 0 431.28 86.26
30 9 0 386.26 593.76 0 412.49 75.01 0 503.72 53.79 0 311.27 495.07 0 45.00 366.26 0 483.03 558.74 0 478.73 41.23 0 435.01 92.50 0 384.99 594.76
31 8 0 309.99 493.74 0 410.00 76.24 0 478.73 42.50 0 481.36 557.52 0 387.12 592.50 0 501.27 55.04 0 48.77 366.25 0 435.61 92.49
32 8 0 306.25 489.99 0 476.23 42.19 0 478.73 555.09 0 406.21 75.03 0 46.20 363.78 0 383.92 588.74 0 498.76 53.76 0 431.22 93.65
33 8 0 387.46 588.75 0 307.48 491.26 0 478.74 46.23 0 501.15 58.76 0 478.74 556.50 0 50.02 366.24 0 406.26 76.70 0 407.82 76.60
34 8 0 388.51 587.52 0 307.49 490.00 0 501.17 58.77 0 52.50 363.75 0 478.71 555.02 0 406.26 78.75 0 478.73 48.76 0 437.49 100.00
35 11 0 307.48 485.02 0 481.24 46.22 0 391.23 583.54 0 501.25 58.73 0 478.73 551.23 0 6.26 313.58 0 437.49 98.74 0 56.27 361.24 0 408.75 76.24 0 406.26 76.27 0 54.28 359.79
36 7 0 302.51 486.26 0 387.48 583.76 0 476.25 50.02 0 52.50 362.51 0 496.26 61.23 0 402.50 78.76 0 473.75 553.77
37 9 0 306.25 485.00 0 476.25 551.23 0 481.22 51.28 0 500.01 62.53 0 404.20 81.24 0 391.29 581.23 0 405.04 79.96 0 57.33 361.24 0 438.73 101.27
38 8 0 473.77 551.25 0 304.97 485.00 0 402.51 82.50 0 58.74 361.26 0 392.45 581.27 0 478.75 53.76 0 498.73 65.29 0 438.77 103.73
39 9 0 476.27 51.25 0 300.28 480.01 0 469.98 546.27 0 389.97 576.25 0 496.10 62.42 0 58.74 357.89 0 398.74 78.75 0 398.72 81.16 0 437.44 103.65
40 8 0 300.00 482.50 0 391.25 578.76 0 469.98 549.99 0 398.75 86.24 0 437.50 107.49 0 476.26 58.76 0 494.54 68.76 0 61.13 358.74
41 11 0 299.99 477.49 0 397.50 82.51 0 437.47 107.51 0 478.74 53.73 0 61.25 354.84 0 393.74 573.70 0 496.25 65.34 0 494.66 65.06 0 468.85 543.76 0 392.46 572.50 0 469.47 546.22
42 9 0 298.76 475.00 0 493.76 66.30 0 396.25 82.82 0 477.50 56.25 0 466.26 543.73 0 437.48 107.51 0 393.75 571.25 0 63.72 353.75 0 476.30 55.04
43 9 0 391.24 573.52 0 490.11 71.23 0 475.03 61.39 0 295.02 477.50 0 61.25 357.50 0 466.27 546.29 0 391.25 88.71 0 393.15 86.95 0 436.44 111.25
44 9 0 396.25 571.26 0 300.00 476.26 0 67.49 356.26 0 493.81 72.51 0 396.24 88.76 0 478.74 62.37 0 441.29 113.75 0 468.05 546.30 0 466.20 544.50
45 10 0 293.69 474.88 0 389.99 88.72 0 391.22 568.76 0 473.77 63.61 0 488.78 73.72 0 461.24 543.32 0 66.23 355.87 0 437.48 113.76 0 63.71 356.23 0 472.40 64.85
46 8 0 297.52 474.95 0 396.23 568.75 0 492.13 76.23 0 69.76 355.03 0 442.50 117.50 0 478.72 66.15 0 466.26 543.76 0 393.74 91.25
47 8 0 393.75 566.26 0 292.50 472.49 0 387.50 92.47 0 473.77 68.13 0 437.50 117.50 0 69.99 355.00 0 487.47 76.24 0 458.75 541.25
48 8 0 398.74 563.76 0 477.66 68.71 0 294.98 470.03 0 491.28 77.46 0 391.26 91.54 0 442.58 117.51 0 461.76 540.01 0 76.27 353.76
49 8 0 292.52 467.50 0 476.31 68.76 0 488.82 76.21 0 442.51 117.51 0 387.49 90.00 0 397.47 561.24 0 74.48 350.00 0 459.99 536.83
50 9 0 398.74 563.75 0 292.38 470.08 0 476.25 73.90 0 75.00 355.02 0 442.49 124.75 0 458.74 540.02 0 386.98 96.59 0 486.34 82.89 0 487.84 83.68
