1 0
2 2 0 63.78 99.97 0 581.25 121.24
3 3 0 73.74 101.22 0 578.76 128.85 0 491.24 206.29
4 4 0 82.49 104.98 0 576.25 137.79 0 491.24 216.24 0 491.24 213.92
5 5 0 88.77 111.39 0 87.50 112.50 0 568.77 149.58 0 488.77 227.12 0 486.17 227.20
6 2 0 96.28 111.23 0 564.99 155.01
7 1 0 103.72 117.51
8 1 0 112.50 123.77
9 4 0 124.97 126.23 0 556.23 183.74 0 492.52 261.20 0 84.71 477.50
10 1 0 128.80 132.50
11 3 0 136.49 138.68 0 546.23 203.75 0 543.72 203.73
12 1 0 145.17 145.10
13 2 0 152.53 146.69 0 540.01 221.17
14 2 0 160.00 155.02 0 486.14 313.46
15 3 0 167.53 159.96 0 531.23 242.49 0 486.25 321.30
16 3 0 180.00 167.51 0 490.00 332.51 0 532.50 252.49
17 2 0 185.17 168.74 0 489.98 339.98
18 4 0 189.98 178.84 0 486.35 351.25 0 488.34 351.26 0 107.51 140.04
19 2 0 198.64 185.02 0 486.25 362.20
20 2 0 207.54 192.47 0 626.24 63.75
21 4 0 618.76 71.24 0 215.70 198.34 0 515.00 300.03 0 491.24 381.21
22 5 0 223.73 202.50 0 613.75 76.26 0 491.03 387.53 0 511.21 306.26 0 437.50 322.53
23 4 0 228.73 212.52 0 606.25 86.26 0 490.00 401.28 0 506.26 317.51
24 5 0 232.49 217.49 0 596.23 91.22 0 499.42 326.26 0 486.23 406.26 0 486.23 408.76
25 4 0 238.75 223.70 0 589.99 98.76 0 493.73 333.75 0 493.78 336.23
26 5 0 250.00 230.00 0 588.74 103.76 0 490.01 426.24 0 496.28 343.74 0 245.04 157.52
27 3 0 578.75 116.25 0 252.50 240.11 0 488.75 438.76
28 4 0 258.74 246.26 0 571.26 121.29 0 485.00 362.52 0 486.25 446.21
29 2 0 268.73 252.54 0 569.62 127.48
30 4 0 269.97 261.86 0 558.73 136.27 0 486.24 467.43 0 477.48 383.73
31 4 0 279.99 267.52 0 556.23 141.28 0 478.70 390.41 0 490.01 473.77
32 5 0 281.26 277.51 0 546.25 151.25 0 471.25 402.49 0 486.25 486.26 0 488.76 486.21
33 4 0 288.76 286.27 0 468.75 412.51 0 488.77 496.27 0 542.10 158.78
34 2 0 293.12 290.01 0 533.73 162.01
35 5 0 298.75 301.26 0 526.30 173.75 0 488.77 513.76 0 528.21 173.75 0 461.23 433.77
36 6 0 460.00 435.04 0 524.94 176.26 0 305.98 306.28 0 489.50 521.27 0 305.02 304.96 0 490.75 518.78
37 4 0 307.48 316.58 0 513.79 186.26 0 486.24 532.48 0 452.50 446.24
38 5 0 314.99 322.52 0 511.24 191.25 0 489.99 539.94 0 453.05 456.27 0 452.49 453.74
39 4 0 319.97 335.01 0 450.00 468.76 0 490.51 553.94 0 505.95 202.48
40 4 0 320.05 341.22 0 442.51 475.00 0 496.24 207.44 0 486.21 558.75
41 4 0 324.99 349.99 0 438.69 483.76 0 488.77 213.79 0 486.25 568.77
42 5 0 333.67 358.72 0 438.72 493.74 0 522.52 187.50 0 488.78 223.69 0 492.50 580.01
43 5 0 337.49 365.01 0 480.03 228.76 0 492.47 589.68 0 436.26 501.20 0 261.25 197.49
44 4 0 340.00 378.75 0 473.76 239.98 0 431.24 516.24 0 433.74 516.24
45 4 0 344.99 387.47 0 427.51 523.74 0 467.53 246.25 0 491.25 610.03
46 6 0 458.75 250.82 0 345.00 391.62 0 423.68 531.13 0 486.32 616.25 0 488.76 616.26 0 420.00 482.49
47 4 0 347.48 405.00 0 451.24 261.25 0 417.06 542.13 0 154.99 322.50
48 3 0 354.97 412.99 0 449.96 266.38 0 417.34 551.26
49 3 0 354.99 423.76 0 412.50 562.52 0 441.23 276.25
50 3 0 436.24 283.75 0 359.62 432.49 0 409.99 571.26
