1 0
2 2 0 212.51 489.97 0 606.23 202.56
3 6 0 27.49 282.52 0 602.50 202.50 0 208.75 61.25 0 478.73 443.78 0 213.75 488.75 0 213.76 486.28
4 6 0 31.24 283.76 0 476.23 441.38 0 598.74 201.26 0 208.80 63.75 0 213.84 483.78 0 216.28 483.77
5 6 0 216.25 481.25 0 211.21 68.76 0 33.75 285.04 0 473.74 438.74 0 596.26 201.23 0 596.25 198.80
6 6 0 210.83 71.23 0 471.23 436.24 0 591.24 198.73 0 218.76 478.73 0 37.51 288.78 0 37.02 286.58
7 6 0 218.75 476.26 0 589.99 197.51 0 211.25 73.77 0 470.01 433.77 0 38.75 288.76 0 41.12 288.75
8 7 0 586.24 196.26 0 42.50 291.21 0 212.49 77.51 0 218.84 473.75 0 466.25 431.24 0 229.98 68.44 0 490.00 267.51
9 6 0 221.25 471.24 0 45.01 291.26 0 212.76 81.26 0 581.27 196.25 0 466.27 428.75 0 463.78 428.75
10 7 0 580.01 196.23 0 48.74 292.50 0 16.25 393.67 0 223.69 467.07 0 463.60 426.25 0 213.77 83.76 0 216.29 83.75
11 7 0 19.99 391.25 0 223.74 463.75 0 51.26 293.76 0 576.35 193.77 0 460.02 423.72 0 593.77 180.57 0 224.97 464.98
12 8 0 23.74 390.63 0 226.25 462.49 0 458.74 421.21 0 216.27 91.25 0 53.74 296.25 0 573.44 193.76 0 623.74 558.76 0 632.94 627.16
13 7 0 26.26 388.77 0 226.25 458.76 0 620.00 557.50 0 218.74 93.75 0 58.75 296.29 0 570.03 191.22 0 456.27 418.75
14 6 0 29.99 387.50 0 60.00 300.00 0 453.74 416.25 0 566.23 191.24 0 227.75 456.24 0 218.74 96.27
15 8 0 229.98 452.51 0 220.00 100.00 0 562.50 189.71 0 63.74 301.28 0 450.09 413.73 0 612.50 557.50 0 33.75 386.24 0 298.20 4.43
16 7 0 221.26 103.74 0 231.20 451.23 0 36.24 386.25 0 610.00 557.50 0 66.26 303.73 0 561.10 188.74 0 448.75 411.25
17 7 0 38.75 383.74 0 556.24 187.89 0 446.22 409.85 0 231.25 448.07 0 71.24 306.29 0 221.47 106.22 0 605.84 557.27
18 8 0 41.24 382.49 0 233.74 443.87 0 604.98 555.03 0 553.77 187.29 0 221.25 108.75 0 443.75 406.27 0 73.75 306.36 0 71.32 307.08
19 7 0 46.20 381.25 0 73.75 308.75 0 233.76 442.16 0 601.25 555.06 0 550.02 186.26 0 441.26 405.01 0 223.74 111.29
20 7 0 437.49 402.51 0 48.75 380.00 0 236.25 438.74 0 78.44 310.04 0 226.27 115.08 0 597.52 553.79 0 546.24 183.75
21 7 0 51.24 378.74 0 236.26 436.24 0 593.75 553.76 0 543.72 183.76 0 81.24 312.98 0 435.03 398.76 0 226.27 118.76
22 7 0 238.74 433.76 0 83.75 314.74 0 55.00 377.50 0 540.05 182.49 0 228.75 121.27 0 433.75 397.54 0 591.23 553.78
23 7 0 58.75 377.41 0 430.01 396.38 0 230.01 123.65 0 86.21 316.24 0 536.28 181.24 0 238.75 431.23 0 588.29 553.79
24 6 0 241.26 428.72 0 90.00 318.35 0 61.26 376.27 0 427.49 393.76 0 533.76 181.24 0 231.24 126.26
25 9 0 530.20 178.84 0 64.99 374.81 0 233.76 128.76 0 91.41 321.01 0 242.56 423.78 0 582.12 551.23 0 423.76 391.24 0 426.20 391.23 0 241.35 425.93
26 8 0 67.48 373.72 0 243.75 421.27 0 234.99 132.49 0 93.75 321.26 0 526.27 178.76 0 578.77 551.23 0 423.65 388.78 0 95.05 322.44
27 7 0 71.24 371.63 0 245.91 418.75 0 418.74 387.50 0 98.76 323.76 0 237.37 136.27 0 523.76 177.87 0 576.27 551.26
28 8 0 73.75 370.06 0 101.24 326.26 0 572.50 550.01 0 246.24 416.25 0 416.25 386.27 0 521.26 176.26 0 237.51 138.74 0 4.16 246.03
29 9 0 76.24 368.75 0 103.73 328.75 0 413.77 383.74 0 568.77 550.45 0 248.77 413.75 0 516.28 173.74 0 241.24 141.24 0 517.40 175.24 0 238.81 141.24
30 7 0 106.26 331.26 0 248.76 411.24 0 411.23 381.19 0 565.34 549.99 0 513.75 173.74 0 80.41 368.69 0 243.74 143.73
31 8 0 83.75 366.26 0 108.75 332.51 0 511.22 173.75 0 563.74 548.68 0 250.73 408.77 0 244.92 146.28 0 406.99 379.43 0 408.54 378.75
32 8 0 252.50 406.22 0 508.74 171.26 0 86.27 366.26 0 246.24 149.94 0 111.22 333.78 0 561.28 549.97 0 404.99 378.76 0 132.48 170.03
33 7 0 91.22 363.77 0 557.47 547.61 0 253.75 401.41 0 401.31 376.25 0 113.76 336.27 0 503.74 171.25 0 248.75 151.24
34 8 0 93.75 363.74 0 501.25 171.24 0 554.96 547.50 0 250.00 155.01 0 116.26 338.73 0 253.95 398.74 0 398.75 373.95 0 398.75 376.23
35 7 0 96.62 361.29 0 256.26 396.25 0 396.30 371.24 0 498.75 168.77 0 251.29 156.28 0 551.24 546.21 0 118.71 341.24
36 8 0 394.99 371.25 0 98.76 361.24 0 547.49 546.37 0 121.27 343.63 0 257.40 393.75 0 493.76 168.74 0 253.75 161.30 0 493.75 166.74
37 6 0 390.01 369.94 0 102.50 359.89 0 258.74 391.22 0 124.98 346.27 0 256.25 162.24 0 491.27 166.26
38 8 0 259.01 165.00 0 106.24 358.75 0 260.03 388.74 0 104.98 357.82 0 126.28 346.28 0 386.27 368.76 0 540.23 546.28 0 486.24 166.25
39 9 0 108.74 356.26 0 131.25 348.76 0 485.01 164.99 0 261.26 385.19 0 42.51 547.35 0 261.24 168.75 0 538.78 546.27 0 383.77 366.26 0 385.65 366.26
40 7 0 131.28 351.21 0 381.25 363.75 0 481.26 163.76 0 113.25 356.17 0 261.76 381.26 0 263.11 168.76 0 536.24 546.26
41 8 0 116.24 354.97 0 263.72 378.76 0 478.73 163.58 0 378.75 363.50 0 134.29 353.76 0 263.74 171.27 0 136.30 353.74 0 531.26 546.25
42 9 0 118.74 353.76 0 475.00 162.51 0 266.26 376.26 0 138.49 356.27 0 51.06 546.28 0 268.74 173.75 0 373.94 361.25 0 376.24 361.27 0 528.76 543.74
43 7 0 121.59 351.48 0 471.25 161.25 0 266.25 373.76 0 140.22 358.74 0 372.13 358.83 0 268.76 176.27 0 526.24 543.76
44 9 0 268.73 371.24 0 370.00 357.51 0 125.03 351.26 0 143.69 361.27 0 468.74 158.89 0 522.53 543.70 0 468.73 161.07 0 273.73 178.75 0 271.23 178.76
45 10 0 366.23 356.45 0 59.99 549.31 0 127.48 348.73 0 143.71 363.81 0 268.75 368.72 0 273.76 181.24 0 157.51 27.52 0 518.73 543.72 0 466.25 157.85 0 463.74 158.72
46 6 0 131.27 348.33 0 362.50 355.01 0 271.22 365.01 0 146.58 365.00 0 276.31 183.74 0 461.25 157.48
47 9 0 271.23 362.47 0 134.57 347.35 0 458.75 156.24 0 67.51 547.49 0 149.98 368.80 0 278.73 186.26 0 513.77 541.21 0 361.28 353.81 0 359.14 353.83
48 10 0 137.56 346.25 0 273.75 358.76 0 283.75 187.49 0 508.81 540.07 0 151.24 370.00 0 71.00 548.89 0 456.26 156.24 0 356.26 353.78 0 113.69 340.43 0 356.26 351.24
49 7 0 273.78 356.26 0 141.26 344.99 0 285.00 189.81 0 451.23 155.00 0 155.02 372.51 0 507.50 540.02 0 353.74 351.22
50 8 0 276.24 353.77 0 145.01 343.74 0 448.76 153.76 0 350.00 350.13 0 156.27 376.26 0 75.02 550.01 0 288.75 191.22 0 286.22 191.23
