1 0
2 1 0 101.26 570.00
3 1 0 610.02 458.74
4 1 0 52.53 524.99
5 1 0 411.51 3.16
6 0
7 0
8 1 0 132.44 250.01
9 1 0 98.79 563.75
10 0
11 0
12 0
13 0
14 1 0 101.44 566.28
15 0
16 0
17 4 0 92.52 566.26 0 606.21 283.76 0 603.71 321.36 0 157.53 602.49
18 0
19 2 0 93.62 564.99 0 636.92 342.02
20 0
21 0
22 0
23 1 0 103.74 568.77
24 3 0 21.24 269.98 0 361.31 606.25 0 361.62 608.73
25 2 0 23.56 276.23 0 114.95 242.50
26 2 0 28.73 269.97 0 236.12 37.51
27 2 0 362.51 589.95 0 29.95 269.99
28 2 0 29.95 277.50 0 427.52 117.52
29 2 0 366.26 588.74 0 38.70 283.76
30 5 0 363.75 583.73 0 37.51 285.00 0 93.75 571.25 0 96.22 571.26 0 603.77 326.26
31 5 0 371.70 581.15 0 48.83 288.72 0 26.23 546.29 0 48.87 286.27 0 23.74 546.31
32 4 0 50.01 282.51 0 403.74 221.21 0 368.81 567.32 0 482.50 322.51
33 6 0 58.74 290.02 0 376.28 571.24 0 117.51 242.53 0 52.36 541.21 0 413.73 228.98 0 101.15 572.53
34 4 0 101.25 566.28 0 379.99 561.27 0 63.73 286.26 0 41.32 538.74
35 5 0 373.76 556.25 0 92.51 565.01 0 602.48 459.00 0 42.52 290.33 0 61.49 288.76
36 6 0 383.75 554.20 0 73.73 296.25 0 73.74 294.49 0 384.99 554.98 0 503.14 572.47 0 103.75 569.76
37 4 0 69.99 298.74 0 377.49 552.49 0 48.74 543.75 0 603.76 326.27
38 3 0 386.83 547.71 0 76.27 482.52 0 81.78 301.26
39 4 0 381.26 541.24 0 77.56 301.28 0 635.35 349.28 0 477.57 427.25
40 5 0 81.29 303.75 0 93.71 571.53 0 381.97 538.75 0 133.75 501.28 0 636.66 350.23
41 3 0 386.86 526.23 0 70.04 533.77 0 91.25 298.61
42 3 0 391.25 529.97 0 96.25 311.25 0 96.33 573.76
43 5 0 396.27 518.77 0 397.04 519.98 0 101.28 566.28 0 358.58 547.03 0 52.46 532.73
44 4 0 393.75 521.64 0 82.49 310.00 0 101.25 316.22 0 86.23 543.75
45 5 0 393.73 516.26 0 90.14 541.24 0 458.75 263.63 0 106.24 316.25 0 103.76 316.23
46 6 0 117.50 317.50 0 402.50 509.99 0 101.26 570.06 0 388.80 521.47 0 468.74 266.26 0 491.36 428.39
47 5 0 401.26 498.75 0 117.49 310.02 0 103.74 531.26 0 100.01 563.11 0 471.21 259.97
48 4 0 397.07 498.75 0 469.99 267.48 0 92.52 570.00 0 116.23 317.51
49 2 0 398.73 493.80 0 92.47 568.76
50 5 0 401.26 488.74 0 93.46 566.24 0 111.22 533.74 0 476.27 271.26 0 93.66 568.52
