1 0
2 2 0 218.76 18.59 0 141.25 273.74
3 3 0 218.77 19.25 0 93.73 134.13 0 93.74 136.26
4 3 0 219.99 20.01 0 93.73 136.26 0 621.24 541.26
5 3 0 219.99 21.22 0 93.74 136.25 0 620.00 541.25
6 3 0 221.27 22.50 0 618.75 540.02 0 95.02 137.94
7 3 0 222.48 23.74 0 96.39 138.76 0 616.26 538.76
8 3 0 222.49 24.97 0 97.80 141.22 0 616.26 538.73
9 2 0 223.73 26.24 0 98.75 141.26
10 3 0 225.00 27.56 0 98.77 142.49 0 613.16 536.27
11 3 0 225.06 30.02 0 101.25 143.75 0 611.27 536.28
12 3 0 226.25 30.01 0 611.22 536.27 0 101.25 145.94
13 4 0 227.50 32.49 0 102.49 146.26 0 611.23 533.75 0 611.22 536.25
14 4 0 227.50 32.55 0 103.75 148.57 0 608.82 533.71 0 607.55 532.81
15 3 0 230.00 35.02 0 606.21 532.49 0 106.15 148.74
16 3 0 229.98 35.85 0 606.24 531.26 0 106.25 150.00
17 3 0 231.04 37.48 0 106.27 151.25 0 603.75 529.99
18 4 0 232.50 37.85 0 602.50 529.99 0 108.72 151.22 0 108.72 153.60
19 3 0 232.49 40.01 0 109.98 153.75 0 601.24 528.77
20 4 0 233.75 40.22 0 109.99 154.02 0 598.81 526.26 0 599.79 527.50
21 3 0 234.98 42.51 0 111.23 156.25 0 598.74 526.25
22 4 0 235.00 43.05 0 597.51 526.25 0 112.50 156.27 0 530.01 427.52
23 3 0 237.48 45.02 0 113.75 158.75 0 595.00 525.00
24 3 0 237.48 46.27 0 593.77 523.77 0 113.75 159.97
25 5 0 237.68 47.50 0 114.98 161.20 0 16.25 123.76 0 593.77 523.77 0 592.51 523.16
26 5 0 116.23 161.26 0 238.76 48.76 0 18.59 125.02 0 591.24 522.11 0 239.46 47.54
27 4 0 239.99 50.01 0 117.54 163.74 0 19.89 125.00 0 590.00 521.27
28 4 0 21.24 126.25 0 118.75 163.76 0 241.27 51.28 0 588.75 521.25
29 5 0 242.37 52.48 0 22.48 126.25 0 81.35 623.75 0 120.02 165.27 0 588.73 518.76
30 5 0 242.50 53.88 0 121.25 166.26 0 586.26 518.76 0 23.74 128.75 0 82.54 621.26
31 7 0 243.75 54.97 0 26.24 128.74 0 121.24 168.77 0 83.77 621.26 0 121.93 167.50 0 585.61 516.45 0 25.00 127.47
32 5 0 245.01 56.29 0 26.26 128.75 0 123.74 168.77 0 83.77 620.00 0 583.47 516.25
33 5 0 245.81 57.48 0 28.74 130.01 0 123.76 170.00 0 86.25 618.76 0 583.71 516.26
34 5 0 124.82 171.25 0 247.47 59.88 0 29.99 130.54 0 581.25 513.75 0 88.75 618.73
35 6 0 126.25 172.50 0 247.48 60.00 0 31.23 131.26 0 581.25 513.77 0 88.74 616.26 0 581.22 511.66
36 5 0 248.80 61.30 0 32.55 132.50 0 127.54 173.74 0 577.53 513.69 0 88.75 613.75
37 5 0 249.97 62.48 0 34.93 132.50 0 89.96 613.76 0 578.40 511.26 0 128.75 176.27
38 6 0 249.98 64.29 0 36.26 133.75 0 128.77 176.25 0 91.28 612.49 0 576.25 511.14 0 573.81 510.79
39 5 0 252.46 64.98 0 37.50 134.19 0 92.47 610.95 0 131.22 176.28 0 573.76 508.77
40 5 0 252.50 66.30 0 131.26 178.75 0 38.76 134.99 0 92.51 610.01 0 573.75 507.51
41 6 0 253.70 67.54 0 132.42 180.00 0 572.52 507.51 0 41.25 136.26 0 40.02 135.04 0 96.23 608.78
42 5 0 255.01 68.78 0 42.50 137.49 0 133.76 181.25 0 570.14 506.27 0 93.73 606.24
43 5 0 43.74 137.48 0 255.00 70.01 0 134.71 181.28 0 96.21 606.21 0 568.90 503.76
44 5 0 257.52 71.24 0 45.00 138.76 0 136.27 182.49 0 568.74 503.76 0 98.62 603.80
45 5 0 257.50 72.45 0 46.25 138.74 0 136.26 183.76 0 98.75 602.51 0 566.25 503.74
46 5 0 258.75 74.98 0 47.50 140.02 0 137.52 185.72 0 100.00 601.24 0 566.25 503.09
47 5 0 50.01 141.25 0 260.01 75.00 0 138.75 186.25 0 565.00 501.21 0 101.24 601.22
48 5 0 260.00 76.25 0 51.26 141.24 0 562.51 500.00 0 139.98 188.75 0 101.25 598.75
49 5 0 262.49 77.52 0 52.48 142.50 0 562.50 499.95 0 141.25 188.79 0 101.27 596.48
50 5 0 262.49 78.76 0 53.73 143.17 0 141.25 191.23 0 103.74 596.25 0 561.26 498.76
