1 0
2 0
3 2 0 456.29 599.88 0 155.00 395.04
4 3 0 456.27 598.73 0 155.00 395.03 0 372.54 157.51
5 3 0 455.01 597.50 0 157.51 395.03 0 69.46 331.29
6 4 0 453.74 596.26 0 157.51 395.02 0 70.52 332.46 0 602.52 450.00
7 3 0 453.75 596.25 0 158.76 396.24 0 70.01 332.92
8 3 0 452.50 595.01 0 161.26 396.25 0 71.24 333.75
9 4 0 452.50 594.99 0 161.26 396.25 0 73.74 333.76 0 71.35 333.74
10 3 0 163.75 396.26 0 450.00 593.53 0 75.02 333.76
11 4 0 165.02 397.51 0 77.50 332.50 0 449.86 591.25 0 20.02 307.45
12 3 0 449.06 591.26 0 166.24 397.53 0 78.77 333.77
13 2 0 448.73 590.89 0 166.24 398.75
14 3 0 446.24 588.75 0 170.01 398.59 0 81.24 336.26
15 4 0 446.25 588.75 0 170.45 397.50 0 81.45 336.25 0 357.52 19.99
16 4 0 444.97 587.51 0 357.50 19.99 0 172.52 398.75 0 82.50 336.36
17 4 0 442.54 586.28 0 173.76 398.77 0 420.00 507.49 0 85.02 336.28
18 4 0 442.52 586.03 0 86.24 338.72 0 173.77 398.77 0 173.75 401.21
19 4 0 441.23 584.98 0 176.26 401.28 0 88.74 338.75 0 86.30 338.76
20 4 0 441.26 583.75 0 16.25 620.02 0 90.00 338.76 0 177.76 401.24
21 5 0 17.52 618.92 0 90.26 340.00 0 178.77 401.27 0 440.01 582.51 0 347.79 23.72
22 4 0 18.74 618.74 0 438.74 581.26 0 180.00 402.48 0 91.66 340.00
23 3 0 18.75 616.87 0 438.70 580.02 0 181.93 401.27
24 5 0 20.00 616.26 0 438.52 578.75 0 183.73 401.25 0 93.76 341.27 0 96.26 341.31
25 6 0 436.24 578.76 0 21.23 614.26 0 20.06 614.99 0 183.74 401.30 0 16.29 467.88 0 343.76 26.27
26 4 0 21.24 613.76 0 434.99 577.50 0 186.25 402.50 0 98.77 341.28
27 6 0 22.48 612.51 0 435.00 577.50 0 187.50 402.51 0 341.25 27.50 0 20.00 470.00 0 98.75 341.30
28 3 0 22.51 611.26 0 433.75 576.25 0 187.50 402.50
29 4 0 23.72 610.02 0 190.38 403.74 0 432.53 574.76 0 101.45 343.71
30 5 0 431.24 573.77 0 23.74 608.76 0 191.24 403.76 0 101.25 343.72 0 23.74 471.24
31 5 0 25.01 607.52 0 429.98 572.51 0 602.49 532.48 0 193.73 403.77 0 191.26 403.76
32 6 0 428.74 571.26 0 26.26 607.42 0 193.75 404.88 0 106.25 343.74 0 26.26 471.22 0 26.23 473.78
33 6 0 27.48 605.01 0 428.73 571.26 0 195.00 403.96 0 107.49 346.28 0 26.68 471.23 0 27.47 473.78
34 5 0 27.49 605.02 0 197.48 405.01 0 427.48 570.02 0 107.50 347.53 0 28.70 473.79
35 6 0 28.73 603.11 0 427.47 568.74 0 198.70 405.02 0 108.76 347.51 0 28.74 474.94 0 612.50 309.98
36 5 0 28.75 602.52 0 426.26 567.53 0 198.74 406.25 0 109.99 347.03 0 30.01 475.03
37 6 0 29.99 601.27 0 423.73 566.26 0 31.25 474.98 0 425.01 567.52 0 201.24 406.24 0 199.34 406.25
38 5 0 31.23 600.01 0 423.74 566.28 0 201.24 406.26 0 34.99 476.23 0 115.01 347.38
39 5 0 32.49 598.75 0 423.62 565.00 0 115.00 348.75 0 203.76 406.25 0 33.75 476.26
40 6 0 32.49 597.51 0 421.25 563.76 0 117.51 349.97 0 36.43 477.50 0 204.95 406.24 0 204.30 408.82
41 4 0 33.68 596.30 0 420.56 563.75 0 206.24 408.75 0 118.68 349.35
42 4 0 34.92 594.99 0 419.99 562.50 0 206.25 408.75 0 118.19 350.00
43 4 0 34.99 595.01 0 418.75 561.25 0 208.76 408.77 0 121.27 349.99
44 6 0 36.25 592.52 0 42.51 477.49 0 211.25 408.75 0 418.75 560.39 0 122.51 350.03 0 445.02 155.01
45 4 0 36.25 592.49 0 418.42 559.17 0 211.48 408.78 0 121.85 351.24
46 4 0 37.49 590.28 0 416.26 558.75 0 213.71 408.85 0 124.98 351.20
47 7 0 37.54 589.98 0 415.05 557.50 0 213.75 408.75 0 45.02 481.61 0 126.25 351.21 0 315.02 37.50 0 126.26 353.77
48 4 0 413.75 555.36 0 38.73 588.73 0 216.25 411.18 0 46.24 481.30
49 6 0 39.99 587.51 0 413.74 554.99 0 128.77 353.74 0 218.77 411.27 0 314.99 38.75 0 48.78 481.30
50 4 0 411.26 553.76 0 40.00 587.48 0 218.76 408.77 0 129.98 354.98
