1 0
2 6 0 81.25 108.75 0 31.23 221.28 0 130.70 290.00 0 350.01 67.51 0 618.73 467.53 0 418.76 136.23
3 7 0 86.22 108.75 0 36.25 223.74 0 132.52 293.76 0 347.51 71.23 0 413.74 138.72 0 173.75 169.99 0 613.76 467.42
4 6 0 91.26 108.78 0 41.26 226.27 0 343.75 76.25 0 408.74 139.14 0 133.74 298.75 0 178.55 173.76
5 6 0 96.27 108.76 0 46.23 228.74 0 136.26 301.26 0 403.78 141.22 0 341.25 78.76 0 179.85 177.96
6 7 0 101.25 108.73 0 339.92 83.78 0 48.78 231.22 0 138.74 306.26 0 401.27 143.74 0 598.75 466.26 0 183.62 181.25
7 8 0 106.24 108.76 0 622.46 573.77 0 141.25 310.03 0 393.80 146.27 0 336.26 88.75 0 186.26 186.27 0 595.00 467.50 0 56.26 233.76
8 8 0 111.26 108.76 0 618.71 573.76 0 60.00 236.24 0 187.37 188.71 0 391.23 148.75 0 142.50 314.01 0 589.95 466.24 0 336.26 91.25
9 9 0 116.28 108.74 0 612.78 572.61 0 332.53 96.26 0 64.97 237.46 0 386.24 149.98 0 144.74 318.76 0 586.16 466.28 0 610.42 459.98 0 584.03 466.24
10 9 0 121.24 108.74 0 146.25 323.75 0 330.00 100.04 0 607.23 573.73 0 579.99 466.26 0 68.74 240.55 0 193.76 196.25 0 381.24 151.23 0 358.55 113.53
11 9 0 126.23 108.76 0 602.50 572.50 0 148.74 326.25 0 73.11 242.42 0 196.26 201.26 0 378.74 153.78 0 576.26 466.27 0 328.74 103.74 0 326.53 103.77
12 8 0 131.27 108.76 0 597.48 573.74 0 324.53 108.75 0 78.73 243.77 0 151.16 331.25 0 197.49 205.00 0 372.52 156.39 0 570.06 466.23
13 10 0 136.27 108.75 0 592.48 573.75 0 83.75 246.25 0 368.76 158.74 0 322.54 111.26 0 153.76 336.26 0 565.02 466.27 0 201.27 208.77 0 182.65 172.69 0 35.00 580.00
14 8 0 141.25 108.73 0 587.48 572.52 0 153.75 339.53 0 202.50 212.52 0 363.73 161.25 0 320.66 116.25 0 86.89 248.77 0 561.25 466.24
15 9 0 146.25 108.72 0 582.45 572.52 0 92.41 251.25 0 156.27 343.74 0 206.12 216.25 0 317.46 120.05 0 556.24 466.26 0 358.75 161.59 0 317.50 602.52
16 9 0 151.25 108.78 0 158.74 348.73 0 577.53 572.71 0 313.78 123.93 0 354.99 164.16 0 96.51 253.76 0 209.04 220.09 0 553.75 466.29 0 551.26 466.28
17 8 0 156.30 108.73 0 572.48 572.49 0 351.24 166.25 0 101.26 256.26 0 161.25 351.24 0 211.24 223.75 0 546.25 463.75 0 313.75 128.77
18 7 0 161.25 108.81 0 163.75 356.27 0 566.69 572.54 0 106.25 258.74 0 212.46 227.60 0 308.89 131.28 0 346.26 168.74
19 8 0 166.24 108.74 0 562.12 572.50 0 111.24 260.70 0 308.73 136.27 0 341.24 171.27 0 163.77 361.28 0 213.74 233.72 0 213.75 231.25
20 10 0 171.66 108.76 0 556.76 572.52 0 16.30 564.98 0 166.23 363.76 0 338.76 173.75 0 116.25 262.51 0 216.24 236.27 0 531.28 463.74 0 306.23 138.75 0 303.69 138.75
21 11 0 176.27 108.77 0 551.26 572.51 0 168.75 368.76 0 21.26 565.03 0 333.06 173.75 0 303.73 143.75 0 528.75 463.76 0 121.26 263.80 0 216.89 241.23 0 119.99 265.02 0 267.42 12.51
22 10 0 182.34 109.93 0 546.25 572.51 0 124.27 266.25 0 220.01 245.04 0 171.28 373.71 0 300.61 148.72 0 26.29 564.32 0 328.75 176.25 0 523.77 463.76 0 69.95 125.02
23 10 0 187.49 109.63 0 323.75 178.75 0 541.25 572.55 0 129.49 268.77 0 173.76 377.50 0 31.24 563.77 0 221.25 248.86 0 297.51 151.21 0 518.72 463.75 0 32.49 564.95
24 10 0 536.25 572.54 0 36.20 563.79 0 191.25 109.98 0 318.73 181.24 0 133.74 271.23 0 223.72 253.72 0 176.26 381.28 0 296.24 156.24 0 513.75 466.24 0 513.75 463.84
25 9 0 197.07 109.94 0 531.28 572.52 0 138.76 273.75 0 41.26 563.72 0 291.25 161.19 0 177.59 386.22 0 313.82 183.74 0 508.76 463.74 0 223.73 258.76
26 10 0 202.53 110.01 0 526.26 572.51 0 46.24 564.92 0 291.21 163.76 0 311.11 186.29 0 178.87 388.80 0 143.71 276.25 0 226.24 263.69 0 606.81 350.11 0 503.72 463.74
27 11 0 181.25 393.77 0 148.73 278.74 0 206.98 110.01 0 521.24 572.50 0 51.25 563.80 0 227.50 267.51 0 306.23 186.54 0 288.77 168.80 0 498.85 463.71 0 287.54 167.56 0 130.01 314.98
28 11 0 212.17 109.99 0 516.23 572.51 0 286.22 171.29 0 228.74 271.23 0 183.74 398.73 0 301.22 189.51 0 153.75 281.26 0 53.74 563.77 0 493.75 463.71 0 496.28 463.72 0 152.45 280.01
29 9 0 216.27 110.02 0 511.23 572.50 0 156.34 283.63 0 58.75 563.77 0 231.23 276.25 0 283.74 176.26 0 186.24 401.28 0 296.85 191.25 0 489.99 463.73
30 12 0 222.49 109.98 0 506.22 572.50 0 161.26 286.26 0 187.49 406.26 0 291.85 193.79 0 281.23 178.81 0 64.60 564.36 0 486.26 463.74 0 258.47 3.45 0 231.25 281.27 0 90.15 477.08 0 292.51 192.34
31 10 0 226.94 109.91 0 500.00 572.54 0 68.81 563.78 0 189.16 410.91 0 278.73 183.72 0 235.00 284.21 0 481.25 463.72 0 286.31 196.17 0 166.29 288.76 0 288.43 196.30
32 9 0 231.47 109.99 0 496.26 572.51 0 171.26 288.77 0 276.26 188.42 0 73.77 565.91 0 235.00 289.07 0 283.74 197.51 0 476.24 463.75 0 192.83 414.86
33 12 0 237.48 109.97 0 490.00 572.51 0 193.74 418.76 0 78.73 563.78 0 176.27 293.75 0 273.78 191.28 0 236.24 293.74 0 604.67 572.47 0 274.28 192.81 0 281.07 198.96 0 471.24 463.73 0 272.46 192.35
34 10 0 242.51 109.99 0 485.00 572.52 0 181.25 293.75 0 83.74 565.00 0 373.72 622.49 0 271.66 196.99 0 236.23 298.73 0 195.85 423.69 0 273.48 201.06 0 492.52 469.67
35 9 0 247.52 109.97 0 268.72 201.26 0 369.99 618.76 0 88.76 563.76 0 481.24 572.51 0 198.68 427.49 0 238.74 301.75 0 185.46 296.25 0 461.24 463.39
36 10 0 252.48 109.99 0 266.23 205.00 0 474.99 572.43 0 190.01 298.75 0 93.75 564.99 0 199.37 430.62 0 238.73 307.41 0 366.23 615.63 0 456.27 461.29 0 367.52 614.98
37 9 0 257.50 110.02 0 363.75 612.50 0 194.98 301.26 0 469.99 572.49 0 202.50 435.01 0 262.50 207.56 0 98.75 563.76 0 452.46 461.25 0 238.75 311.11
38 9 0 262.50 109.99 0 103.72 563.77 0 465.02 571.63 0 259.53 211.18 0 199.25 303.70 0 361.22 607.55 0 205.11 439.69 0 448.77 461.28 0 241.23 316.31
39 10 0 357.52 603.75 0 267.49 110.00 0 459.99 571.33 0 108.73 563.79 0 251.64 211.77 0 203.75 306.25 0 206.25 443.75 0 241.28 322.50 0 442.55 461.20 0 258.47 216.26
40 12 0 272.48 109.99 0 208.76 307.62 0 454.82 572.46 0 355.00 600.03 0 241.28 325.00 0 256.29 221.22 0 112.49 563.82 0 438.72 461.24 0 246.18 213.92 0 206.88 448.73 0 198.18 332.57 0 254.87 220.41
41 11 0 277.45 109.99 0 450.01 571.26 0 213.73 309.97 0 117.48 565.01 0 351.25 596.25 0 211.24 451.56 0 253.71 223.78 0 241.61 329.23 0 433.76 461.27 0 244.02 216.81 0 243.91 214.89
42 11 0 282.54 109.96 0 444.99 571.26 0 349.95 592.73 0 251.27 228.81 0 218.74 311.23 0 121.27 564.77 0 238.70 218.40 0 211.35 456.26 0 428.75 461.27 0 241.27 336.24 0 241.26 334.27
43 9 0 346.25 588.74 0 287.50 109.99 0 213.75 461.25 0 439.95 571.23 0 222.43 315.22 0 242.52 339.99 0 126.25 565.01 0 248.75 231.25 0 423.73 461.26
44 10 0 433.75 571.26 0 292.49 109.97 0 227.16 316.25 0 131.26 565.01 0 343.74 585.07 0 246.28 236.20 0 216.26 463.76 0 231.20 221.24 0 418.74 461.24 0 242.93 343.74
45 10 0 297.52 110.03 0 429.45 571.26 0 340.20 580.34 0 243.75 348.75 0 218.75 468.75 0 136.26 563.77 0 231.23 318.74 0 243.81 241.29 0 412.63 461.29 0 197.49 430.00
46 10 0 302.49 109.99 0 337.55 576.29 0 236.23 321.26 0 241.26 243.77 0 141.24 565.66 0 423.75 571.25 0 408.75 461.24 0 220.56 473.22 0 219.99 226.25 0 243.73 353.80
47 10 0 419.98 570.97 0 241.26 323.75 0 307.46 110.10 0 335.02 572.51 0 243.76 358.74 0 405.02 459.98 0 146.24 565.54 0 238.70 248.80 0 222.08 476.31 0 216.66 227.65
48 11 0 413.76 571.26 0 312.49 110.15 0 332.51 568.75 0 246.23 326.21 0 236.29 251.26 0 151.25 565.01 0 242.63 362.51 0 226.17 481.27 0 211.78 233.37 0 211.92 231.25 0 398.80 461.30
49 12 0 317.51 111.19 0 329.99 565.01 0 251.22 328.75 0 408.78 571.24 0 156.23 563.76 0 226.26 486.25 0 233.76 256.26 0 243.74 366.26 0 393.99 461.24 0 206.26 233.73 0 131.30 554.92 0 452.64 555.04
50 11 0 322.54 110.85 0 403.74 571.25 0 228.74 491.22 0 231.26 260.73 0 161.25 564.47 0 327.58 559.97 0 243.82 371.16 0 202.51 235.00 0 390.00 459.99 0 256.24 331.26 0 427.70 475.93
