1 0
2 2 0 483.75 283.73 0 131.23 294.78
3 2 0 491.25 285.00 0 138.74 297.49
4 2 0 491.14 285.00 0 140.05 297.50
5 4 0 489.91 282.35 0 141.25 296.24 0 141.24 294.46 0 318.73 623.70
6 1 0 480.06 283.74
7 3 0 132.52 301.27 0 481.26 288.44 0 479.96 287.46
8 3 0 138.76 303.69 0 486.25 289.21 0 627.28 374.11
9 3 0 478.74 283.77 0 132.51 297.15 0 602.53 420.00
10 2 0 133.74 306.24 0 478.73 291.25
11 3 0 132.47 301.27 0 475.20 286.23 0 475.19 288.38
12 2 0 141.24 299.91 0 481.25 283.87
13 3 0 478.75 283.74 0 136.57 299.99 0 618.80 363.73
14 3 0 482.50 289.19 0 143.72 304.49 0 623.75 366.27
15 5 0 136.27 301.26 0 475.13 286.25 0 613.74 363.73 0 317.46 610.03 0 616.21 363.31
16 3 0 133.77 306.27 0 611.55 364.98 0 472.83 289.97
17 5 0 133.75 306.34 0 611.18 363.75 0 471.18 290.02 0 165.65 15.09 0 135.00 307.45
18 4 0 164.98 20.01 0 469.97 293.73 0 133.74 311.24 0 135.03 312.51
19 5 0 138.75 306.26 0 322.50 605.00 0 167.54 13.74 0 473.74 288.76 0 613.04 358.75
20 4 0 139.93 307.52 0 167.57 14.75 0 473.76 290.32 0 612.45 357.51
21 3 0 142.49 318.63 0 475.02 300.01 0 170.05 24.90
22 5 0 171.04 23.74 0 476.13 299.52 0 143.76 317.49 0 170.07 24.99 0 308.76 503.75
23 5 0 142.51 320.70 0 167.60 26.25 0 473.77 301.81 0 18.73 26.26 0 18.70 23.93
24 6 0 169.85 25.36 0 473.77 301.25 0 143.86 319.89 0 21.24 23.75 0 382.87 6.21 0 612.59 362.67
25 4 0 170.00 22.36 0 146.24 316.28 0 473.74 298.75 0 23.71 19.97
26 4 0 145.00 323.42 0 471.23 303.74 0 166.83 28.75 0 21.25 26.26
27 6 0 163.76 31.23 0 142.49 325.01 0 21.25 26.26 0 468.61 305.89 0 467.76 304.80 0 608.77 363.73
28 6 0 471.24 301.26 0 146.25 321.25 0 167.37 26.29 0 26.24 21.26 0 612.48 357.51 0 129.32 637.37
29 5 0 147.17 323.74 0 468.78 303.73 0 166.39 28.74 0 610.02 358.76 0 27.51 23.69
30 5 0 141.26 328.76 0 463.72 308.37 0 161.25 32.44 0 23.74 26.28 0 149.95 618.73
31 5 0 156.27 27.48 0 458.77 301.46 0 138.75 323.75 0 19.13 21.26 0 591.26 361.56
32 5 0 147.49 323.67 0 164.99 26.27 0 30.00 18.80 0 466.26 301.27 0 448.77 14.83
33 6 0 146.24 331.25 0 28.76 27.51 0 162.50 34.98 0 446.25 23.75 0 463.74 310.00 0 602.51 357.53
34 9 0 148.74 329.80 0 466.26 307.49 0 21.23 298.75 0 604.99 355.01 0 164.01 32.78 0 448.76 21.47 0 33.75 23.75 0 31.44 23.73 0 336.25 598.77
35 7 0 29.99 27.04 0 602.51 357.49 0 146.23 333.74 0 160.01 37.53 0 461.24 311.25 0 443.75 26.28 0 18.73 301.26
36 6 0 141.25 326.23 0 28.75 18.77 0 16.26 291.25 0 440.00 17.51 0 457.52 302.48 0 155.08 28.74
37 6 0 142.48 326.25 0 441.27 18.75 0 156.25 28.75 0 16.27 291.24 0 29.98 18.76 0 457.13 303.74
38 11 0 453.75 308.75 0 140.05 333.74 0 151.25 35.40 0 436.26 26.24 0 14.21 296.28 0 16.24 296.28 0 28.69 23.75 0 599.47 408.72 0 601.30 423.69 0 437.44 24.85 0 391.25 503.74
39 7 0 148.73 337.51 0 37.48 28.71 0 23.74 298.77 0 444.36 29.67 0 460.16 313.75 0 159.96 39.60 0 598.71 355.01
40 7 0 142.48 338.74 0 437.49 29.99 0 452.91 313.77 0 152.51 40.03 0 18.76 298.77 0 33.77 28.74 0 31.23 28.74
41 8 0 453.74 306.26 0 33.94 19.99 0 155.00 32.11 0 21.44 291.24 0 438.78 23.69 0 144.94 329.98 0 271.22 489.99 0 301.26 496.25
42 8 0 151.24 337.49 0 445.01 29.96 0 158.77 38.76 0 42.50 26.25 0 28.74 296.26 0 458.76 313.74 0 458.75 311.28 0 160.00 40.02
43 7 0 142.22 338.21 0 433.79 30.02 0 149.95 38.75 0 448.75 313.76 0 21.24 293.74 0 21.27 296.20 0 33.77 26.27
44 6 0 150.00 36.26 0 449.00 308.76 0 436.26 27.52 0 143.74 334.96 0 36.23 21.28 0 23.75 291.24
45 7 0 151.24 45.01 0 145.25 344.93 0 437.49 37.50 0 37.50 30.00 0 449.80 318.73 0 26.12 298.76 0 589.99 349.94
46 8 0 152.50 342.44 0 46.24 27.37 0 442.49 34.09 0 157.92 42.99 0 453.75 316.25 0 33.74 293.75 0 31.53 293.94 0 31.70 295.63
47 7 0 157.49 42.51 0 152.46 342.95 0 442.50 35.00 0 35.02 293.76 0 46.24 26.27 0 454.10 316.25 0 455.96 316.24
48 10 0 152.51 341.26 0 155.13 41.30 0 453.73 313.77 0 35.00 290.01 0 441.27 31.24 0 441.25 33.71 0 46.20 23.75 0 48.77 23.73 0 452.82 312.51 0 593.76 341.20
49 8 0 149.97 340.00 0 152.42 38.77 0 437.47 31.25 0 45.29 21.25 0 448.76 313.76 0 448.77 311.53 0 31.23 288.73 0 587.36 339.97
50 8 0 146.24 42.87 0 442.51 315.63 0 143.73 343.61 0 27.50 290.05 0 431.22 34.93 0 41.26 23.75 0 338.74 581.23 0 581.25 341.23
