1 0
2 0
3 0
4 3 0 113.74 46.25 0 129.98 542.01 0 166.18 378.74
5 3 0 113.76 51.25 0 165.03 382.93 0 111.24 51.26
6 3 0 18.75 18.75 0 113.76 50.56 0 166.24 381.04
7 3 0 165.00 379.99 0 114.96 51.99 0 18.75 18.74
8 3 0 117.50 52.50 0 21.26 19.99 0 168.74 378.75
9 3 0 21.24 16.29 0 118.74 48.78 0 168.75 373.78
10 4 0 348.78 625.24 0 169.97 376.23 0 23.74 21.23 0 121.25 53.78
11 5 0 346.25 623.75 0 21.25 21.93 0 117.67 53.74 0 168.74 373.73 0 168.75 376.22
12 5 0 26.25 21.28 0 122.52 52.50 0 173.75 373.74 0 353.73 621.24 0 351.26 621.24
13 5 0 169.99 371.32 0 348.74 620.03 0 23.75 21.25 0 121.23 52.51 0 118.84 53.76
14 6 0 353.76 621.26 0 26.26 23.74 0 126.26 56.27 0 130.01 300.03 0 176.28 373.74 0 162.51 372.48
15 6 0 401.26 16.25 0 356.24 620.54 0 29.40 26.27 0 178.44 371.24 0 29.19 23.76 0 128.74 56.23
16 6 0 401.27 17.52 0 357.50 620.51 0 178.75 371.26 0 129.96 56.27 0 31.24 23.74 0 31.22 26.27
17 5 0 398.74 21.25 0 28.73 28.75 0 356.26 621.29 0 176.27 371.45 0 126.25 58.75
18 6 0 401.34 21.25 0 179.98 369.98 0 33.76 26.26 0 361.25 618.75 0 131.25 58.74 0 45.01 485.03
19 5 0 398.74 18.75 0 358.71 616.27 0 31.22 26.28 0 178.77 366.26 0 131.08 56.27
20 5 0 402.49 21.23 0 34.99 27.52 0 363.74 616.29 0 181.97 366.22 0 132.56 57.27
21 7 0 180.01 364.26 0 398.84 21.23 0 361.25 613.75 0 132.49 58.72 0 33.75 26.74 0 31.18 26.71 0 126.69 541.48
22 6 0 403.75 25.29 0 37.51 29.21 0 366.14 616.25 0 212.46 187.49 0 136.35 59.99 0 186.24 365.00
23 7 0 37.80 29.10 0 403.76 26.27 0 366.24 613.74 0 402.64 24.97 0 136.31 60.00 0 349.96 620.85 0 183.72 363.63
24 5 0 398.73 29.93 0 363.74 617.63 0 36.25 33.75 0 182.07 365.00 0 133.77 63.58
25 6 0 399.12 27.93 0 36.25 31.27 0 364.65 613.73 0 136.26 61.28 0 183.72 362.43 0 125.02 542.81
26 5 0 398.74 30.56 0 365.01 613.75 0 136.27 61.27 0 183.73 361.26 0 37.39 33.74
27 5 0 37.50 35.02 0 400.08 33.75 0 366.24 616.21 0 138.64 63.75 0 186.47 362.07
28 5 0 372.51 612.51 0 43.75 33.76 0 404.62 31.27 0 190.70 358.65 0 143.73 61.30
29 6 0 248.77 15.00 0 372.50 612.49 0 43.76 33.77 0 403.75 33.66 0 190.00 357.47 0 143.65 62.39
30 5 0 250.00 20.05 0 406.22 36.27 0 44.98 37.51 0 373.75 613.84 0 147.49 66.90
31 6 0 245.01 18.75 0 401.25 36.26 0 42.50 37.51 0 372.46 612.52 0 188.74 357.50 0 143.74 66.27
32 6 0 403.75 36.25 0 247.52 18.75 0 45.00 37.38 0 373.74 608.77 0 146.26 63.76 0 190.77 356.10
33 6 0 251.24 22.46 0 406.26 41.26 0 150.00 67.51 0 379.93 610.03 0 195.03 357.67 0 48.83 38.74
34 8 0 248.75 26.25 0 403.76 43.74 0 149.97 70.00 0 378.75 613.75 0 193.76 358.76 0 48.73 43.74 0 46.73 43.73 0 127.52 547.55
35 7 0 248.78 22.65 0 403.74 41.26 0 379.99 608.77 0 48.76 38.74 0 193.75 351.25 0 151.05 67.45 0 193.81 353.74
36 5 0 403.76 42.46 0 248.75 25.02 0 378.75 608.75 0 149.99 67.51 0 48.75 41.27
37 6 0 248.75 30.01 0 403.75 48.77 0 50.02 45.00 0 381.25 612.51 0 197.13 355.02 0 153.74 73.78
38 8 0 248.76 27.51 0 403.76 45.96 0 51.26 41.25 0 197.47 350.05 0 153.76 68.75 0 381.24 606.26 0 381.25 608.57 0 151.23 68.72
39 5 0 408.75 48.78 0 252.51 31.27 0 56.26 46.23 0 386.26 608.74 0 386.26 606.44
40 6 0 252.49 29.99 0 56.25 43.76 0 387.50 605.01 0 157.49 70.00 0 202.52 347.89 0 407.48 47.49
41 7 0 252.50 35.10 0 407.50 53.73 0 387.49 609.52 0 57.06 48.77 0 158.74 74.96 0 203.47 351.22 0 130.07 547.25
42 5 0 248.80 35.05 0 405.03 53.75 0 157.48 75.00 0 53.75 48.75 0 201.27 348.76
43 7 0 250.03 34.97 0 406.23 51.26 0 387.51 602.52 0 56.26 46.24 0 202.51 347.16 0 159.10 73.41 0 161.06 71.24
44 7 0 252.49 35.00 0 390.00 602.51 0 406.99 52.55 0 161.25 73.77 0 56.59 46.25 0 205.01 346.32 0 161.24 71.41
45 6 0 251.29 36.25 0 162.50 75.00 0 406.28 53.75 0 391.24 602.53 0 58.76 46.26 0 205.82 345.80
46 6 0 252.51 42.48 0 61.25 52.53 0 164.97 77.52 0 408.77 61.24 0 205.00 347.53 0 391.25 606.26
47 7 0 254.99 39.92 0 410.02 57.66 0 394.98 601.24 0 63.74 50.12 0 168.78 75.02 0 209.99 343.68 0 130.03 542.24
48 6 0 252.51 44.98 0 393.75 605.01 0 408.77 63.71 0 61.26 53.74 0 208.77 347.50 0 166.25 81.24
49 6 0 255.01 46.21 0 397.51 604.72 0 411.25 63.73 0 210.52 347.51 0 66.25 56.24 0 170.74 77.96
50 6 0 256.26 43.79 0 67.50 52.50 0 411.26 61.26 0 172.50 77.50 0 212.49 340.26 0 398.74 601.24
