0 0
1 0
2 0
3 0
4 0
5 0
6 0
7 0
8 0
9 0
10 0
11 0
12 0
13 1 0 453.58 260.41
14 0
15 0
16 0
17 0
18 0
19 0
20 0
21 0
22 0
23 1 0 525.24 154.77
24 1 0 524.97 154.71
25 0
26 0
27 0
28 0
29 0
30 0
31 0
32 0
33 0
34 0
35 0
36 0
37 0
38 0
39 0
40 1 0 515.54 156.80
41 0
42 0
43 0
44 0
45 0
46 0
47 0
48 0
49 0
50 0
51 0
52 0
53 0
54 0
55 0
56 0
57 1 0 427.74 285.24
58 1 0 427.64 285.39
59 0
60 0
61 0
62 0
63 0
64 0
65 0
66 0
67 0
68 1 0 421.45 291.21
69 1 0 421.14 291.17
70 1 0 420.73 291.44
71 1 0 418.98 292.61
72 0
73 0
74 0
75 0
76 0
77 0
78 0
79 1 0 493.38 162.94
80 1 0 493.33 162.97
81 1 0 492.70 162.79
82 2 0 492.01 162.81 0 413.51 298.80
83 2 0 413.06 298.94 0 491.22 162.97
84 0
85 0
86 0
87 0
88 0
89 0
90 0
91 0
92 0
93 0
94 0
95 0
96 0
97 0
98 0
99 0
100 0
101 0
102 0
103 0
104 0
105 0
106 0
107 0
108 0
109 0
110 0
111 0
112 0
113 0
114 0
115 0
116 0
117 0
118 0
119 0
120 0
121 0
122 0
123 0
124 1 0 468.51 172.85
125 1 0 467.73 173.16
126 1 0 467.14 173.16
127 0
128 1 0 387.47 322.13
129 0
130 0
131 0
132 0
133 0
134 0
135 0
136 0
137 0
138 0
139 0
140 0
141 0
142 0
143 0
144 0
145 0
146 0
147 0
148 0
149 0
150 0
151 0
152 0
153 0
154 0
155 0
156 0
157 0
158 0
159 0
160 0
161 0
162 0
163 0
164 0
165 0
166 0
167 1 0 444.26 186.69
168 1 0 443.89 186.66
169 1 0 443.33 186.74
170 0
171 0
172 0
173 0
174 0
175 0
176 0
177 0
178 0
179 0
180 0
181 0
182 0
183 0
184 0
185 0
186 0
187 0
188 0
189 0
190 0
191 0
192 0
193 0
194 0
195 0
196 0
197 0
198 0
199 0
200 0
201 0
202 0
203 0
204 0
205 0
206 0
207 0
208 1 0 421.39 203.32
209 1 0 420.62 203.59
210 1 0 419.84 203.78
211 1 0 419.22 204.79
212 1 0 418.87 204.85
213 0
214 0
215 0
216 0
217 0
218 0
219 0
220 0
221 0
222 0
223 0
224 0
225 0
226 0
227 0
228 0
229 0
230 0
231 0
232 0
233 0
234 0
235 0
236 0
237 0
238 1 0 403.89 218.42
239 1 0 404.08 218.47
240 0
241 0
242 0
243 0
244 0
245 0
246 0
247 0
248 0
249 0
250 0
251 0
252 1 0 396.95 226.51
253 1 0 396.49 226.68
254 0
255 0
256 0
257 0
258 0
259 0
260 0
261 0
262 0
263 0
264 0
265 0
266 0
267 0
268 0
269 0
270 0
271 0
272 0
273 0
274 0
275 0
276 0
277 0
278 0
279 0
280 1 0 381.05 243.17
281 0
282 0
283 0
284 0
285 0
286 0
287 0
288 0
289 0
290 0
291 0
292 1 0 291.91 402.41
293 0
294 1 0 290.92 402.61
295 0
296 0
297 0
298 0
299 0
300 0
301 0
302 0
303 0
304 0
305 0
306 0
307 0
308 0
309 0
310 0
311 0
312 0
313 0
314 0
315 0
316 0
317 0
318 0
319 0
320 0
321 0
322 1 0 357.18 275.17
323 0
324 0
325 0
326 0
327 0
328 0
329 0
330 0
331 1 0 269.31 420.05
332 1 0 269.08 420.19
333 0
334 1 0 267.95 421.45
335 0
336 0
337 0
338 0
339 0
340 0
341 1 0 346.80 290.86
342 0
343 0
344 0
345 2 0 540.76 259.61 0 261.39 426.79
346 1 0 260.94 427.02
347 1 0 259.97 427.05
348 1 0 259.34 427.30
349 1 0 258.63 428.19
350 1 0 341.31 299.04
351 1 0 491.79 188.46
352 1 0 340.56 300.23
353 1 0 339.89 301.18
354 0
355 0
356 0
357 0
358 0
359 0
360 0
361 0
362 1 0 251.37 434.47
363 1 0 250.68 434.89
364 0
365 0
366 0
367 0
368 1 0 331.68 315.52
369 1 0 330.89 315.79
370 0
371 0
372 0
373 0
374 0
375 0
376 0
377 0
378 0
379 0
380 0
381 0
382 0
383 1 0 323.16 330.75
384 1 0 322.76 331.89
385 0
386 0
387 1 0 237.30 444.97
388 0
389 0
390 0
391 0
392 0
393 0
394 0
395 0
396 0
397 0
398 1 0 314.65 346.85
399 1 0 314.52 347.96
400 1 0 229.34 451.13
401 1 0 228.89 451.25
402 1 0 227.79 451.22
403 1 0 226.82 451.97
404 1 0 226.60 452.38
405 1 0 226.53 452.63
406 0
407 1 0 309.41 355.89
408 1 0 309.04 356.92
409 0
410 0
411 0
412 0
413 0
414 0
415 0
416 0
417 1 0 219.53 458.35
418 1 0 218.75 458.93
419 1 0 218.52 459.04
420 0
421 0
422 0
423 0
424 0
425 0
426 1 0 299.20 378.58
427 1 0 298.61 379.24
428 1 0 298.59 380.30
429 0
430 0
431 0
432 0
433 0
434 0
435 1 0 293.47 388.93
436 0
437 0
438 0
439 0
440 1 0 290.86 395.07
441 2 0 290.71 396.09 0 205.42 468.32
442 1 0 290.63 397.00
443 1 0 204.97 469.48
444 0
445 0
446 1 0 419.80 340.45
447 0
448 0
449 0
450 0
451 0
452 0
453 1 0 283.27 411.17
454 1 0 282.99 413.01
455 0
456 1 0 197.19 475.02
457 0
458 0
459 0
460 1 0 194.66 476.49
461 0
462 0
463 0
464 0
465 1 0 276.87 427.65
466 1 0 276.25 428.72
467 1 0 276.28 429.46
468 0
469 0
470 0
471 0
472 0
473 1 0 187.06 482.44
474 0
475 0
476 0
477 0
478 0
479 0
480 0
481 0
482 0
483 0
484 0
485 0
486 0
487 0
488 0
489 1 0 266.31 453.13
490 0
491 0
492 0
493 1 0 261.23 467.29
494 1 0 260.80 467.86
495 0
496 0
497 1 0 173.36 491.86
498 1 0 258.68 474.94
499 1 0 171.92 492.90
500 1 0 171.35 493.00
501 1 0 171.07 493.33
502 0
503 0
504 0
505 0
506 0
507 0
508 0
509 0
510 0
511 0
512 1 0 165.00 498.65
513 1 0 163.92 498.64
514 1 0 163.58 498.63
515 1 0 162.60 499.86
516 0
517 0
518 0
519 0
520 0
521 1 0 245.42 509.09
522 0
523 0
524 0
525 1 0 243.28 516.67
526 1 0 243.05 517.63
527 0
528 0
529 0
530 0
531 0
532 0
533 0
534 0
535 0
536 0
537 0
538 0
539 0
540 0
541 0
542 0
543 0
544 0
545 0
