1 0
2 0
3 0
4 1 0 590.02 107.51
5 1 0 298.75 618.72
6 2 0 298.76 618.72 0 59.99 74.56
7 1 0 298.76 616.27
8 1 0 299.98 616.26
9 2 0 301.25 616.01 0 301.24 614.15
10 1 0 300.02 613.76
11 1 0 301.25 612.57
12 2 0 300.09 612.51 0 353.76 528.76
13 4 0 301.25 611.27 0 445.00 210.02 0 58.82 69.02 0 482.42 60.00
14 1 0 302.86 611.24
15 1 0 303.74 609.02
16 1 0 303.74 608.76
17 1 0 303.75 608.74
18 1 0 304.40 607.00
19 3 0 623.73 551.23 0 306.24 606.27 0 303.87 606.27
20 2 0 621.25 551.27 0 306.23 606.26
21 3 0 306.24 603.75 0 621.25 551.23 0 621.24 553.74
22 2 0 306.26 603.76 0 620.00 551.25
23 1 0 307.50 605.00
24 2 0 307.50 602.51 0 618.75 553.78
25 2 0 307.50 602.52 0 618.76 553.76
26 2 0 308.76 601.29 0 616.26 553.76
27 3 0 311.24 601.28 0 613.74 553.77 0 616.24 553.79
28 2 0 613.75 553.78 0 310.86 598.75
29 2 0 311.24 598.74 0 613.75 553.78
30 2 0 612.51 553.77 0 311.24 598.75
31 3 0 18.75 273.79 0 311.25 597.44 0 611.25 553.76
32 4 0 18.77 273.75 0 610.01 555.01 0 311.24 596.43 0 313.74 596.26
33 3 0 20.00 275.04 0 608.76 553.76 0 313.74 594.26
34 3 0 20.00 275.00 0 608.75 553.79 0 313.75 593.88
35 3 0 21.25 275.75 0 314.98 595.00 0 606.25 553.72
36 3 0 22.50 276.25 0 605.00 555.00 0 314.99 593.94
37 3 0 22.51 277.18 0 605.01 555.02 0 314.82 593.76
38 3 0 23.74 277.49 0 605.02 555.03 0 316.23 591.24
39 3 0 24.99 277.49 0 605.00 556.24 0 315.04 591.23
40 3 0 314.99 589.99 0 25.07 278.72 0 603.58 555.01
41 3 0 317.49 590.00 0 26.25 278.75 0 601.26 556.25
42 3 0 27.49 278.75 0 317.49 588.76 0 601.26 556.27
43 3 0 317.51 588.49 0 28.31 280.01 0 598.71 556.27
44 3 0 317.49 587.50 0 597.50 557.25 0 28.73 280.67
45 4 0 28.94 281.26 0 597.49 556.33 0 318.75 586.27 0 29.99 280.01
46 3 0 29.99 281.44 0 597.50 557.50 0 318.75 586.27
47 3 0 31.22 283.68 0 594.99 555.03 0 318.74 583.76
48 3 0 594.99 557.51 0 32.49 282.50 0 321.24 583.75
49 3 0 32.51 283.77 0 594.98 557.50 0 321.25 583.74
50 3 0 33.76 285.01 0 321.25 581.27 0 593.75 555.21
