1 0
2 2 0 571.26 81.24 0 517.50 562.49
3 3 0 513.74 551.24 0 568.75 85.57 0 567.27 85.05
4 3 0 561.25 98.75 0 503.72 548.69 0 505.40 546.61
5 2 0 558.73 101.26 0 510.71 556.33
6 2 0 625.95 220.03 0 556.25 111.25
7 3 0 620.01 231.16 0 548.75 122.38 0 490.44 521.29
8 3 0 618.74 242.60 0 546.24 133.75 0 571.26 93.73
9 3 0 618.74 249.98 0 546.25 141.26 0 587.49 562.50
10 3 0 616.25 261.27 0 541.24 151.24 0 476.25 501.23
11 3 0 613.75 268.15 0 538.76 158.74 0 469.98 492.51
12 3 0 605.01 276.25 0 460.02 486.04 0 530.30 166.56
13 2 0 606.25 286.25 0 531.25 176.27
14 2 0 598.74 292.51 0 523.75 183.75
15 4 0 523.74 196.25 0 443.76 467.51 0 597.49 304.59 0 475.40 490.01
16 4 0 591.24 313.74 0 517.50 206.23 0 431.22 466.23 0 433.30 466.23
17 3 0 583.73 321.26 0 511.23 213.74 0 421.26 459.42
18 2 0 578.75 328.74 0 508.73 221.46
19 2 0 575.01 337.48 0 503.76 232.49
20 2 0 572.51 345.02 0 506.25 241.25
21 2 0 565.65 350.01 0 498.75 246.27
22 4 0 491.24 18.78 0 347.35 623.75 0 560.73 362.49 0 496.26 260.00
23 4 0 491.26 28.74 0 492.51 270.00 0 553.74 370.01 0 344.04 615.07
24 4 0 490.03 36.25 0 339.86 603.97 0 486.25 276.28 0 543.75 375.22
25 6 0 493.75 43.23 0 539.98 378.75 0 339.91 592.51 0 483.75 282.52 0 496.27 238.51 0 494.64 238.11
26 4 0 493.76 56.26 0 532.49 390.00 0 336.24 587.53 0 478.73 296.27
27 5 0 528.76 393.83 0 498.75 63.71 0 478.74 301.27 0 527.74 16.26 0 337.55 575.00
28 6 0 331.25 566.26 0 517.48 401.25 0 471.22 311.26 0 496.26 71.25 0 517.53 26.25 0 205.00 565.01
29 7 0 498.74 83.76 0 513.76 36.98 0 468.74 324.02 0 331.23 560.00 0 511.24 411.22 0 202.52 195.06 0 512.50 410.01
30 7 0 501.25 88.76 0 331.26 546.27 0 510.52 40.96 0 506.25 411.25 0 466.27 326.14 0 466.25 328.78 0 397.50 155.00
31 6 0 503.74 98.77 0 498.74 418.74 0 331.27 537.60 0 506.22 48.81 0 463.74 336.25 0 504.96 49.54
32 5 0 326.24 528.77 0 501.25 109.91 0 496.25 58.74 0 486.41 424.11 0 487.57 425.00
33 5 0 503.74 121.50 0 326.24 523.76 0 491.26 70.01 0 453.51 358.38 0 479.98 432.44
34 5 0 508.75 128.78 0 474.99 436.20 0 328.75 511.24 0 490.02 76.23 0 452.52 365.00
35 5 0 483.74 86.26 0 328.74 503.75 0 509.98 140.01 0 466.25 441.24 0 448.75 376.28
36 5 0 508.73 151.23 0 476.26 96.26 0 326.25 494.28 0 456.25 446.28 0 437.49 325.03
37 5 0 508.75 156.24 0 323.76 481.25 0 468.76 101.25 0 446.24 446.22 0 437.49 390.01
38 6 0 511.21 168.76 0 324.98 476.26 0 438.15 456.26 0 466.26 112.39 0 433.88 404.93 0 236.21 410.04
39 5 0 513.78 177.51 0 431.23 458.75 0 328.25 466.25 0 462.52 120.74 0 230.00 412.50
40 6 0 453.76 128.79 0 326.24 456.28 0 419.89 462.49 0 512.59 187.50 0 427.49 421.25 0 455.00 129.99
41 6 0 516.25 196.26 0 412.52 466.27 0 450.00 137.51 0 426.31 431.25 0 327.51 447.54 0 211.24 416.26
42 5 0 446.24 142.45 0 518.74 201.25 0 328.79 433.78 0 404.00 465.05 0 203.76 413.74
43 6 0 394.99 467.49 0 519.97 211.26 0 440.01 149.99 0 328.93 426.19 0 193.74 416.25 0 329.49 424.82
44 6 0 518.72 221.25 0 383.70 470.00 0 328.74 416.25 0 432.57 158.76 0 182.26 418.76 0 612.51 169.98
45 5 0 523.75 233.78 0 377.03 475.75 0 429.99 170.78 0 333.76 408.81 0 412.53 466.23
46 6 0 523.75 242.49 0 423.73 178.75 0 367.48 477.49 0 334.83 401.05 0 530.02 531.20 0 166.26 428.75
47 6 0 356.24 475.02 0 524.32 248.74 0 158.68 428.36 0 335.00 387.51 0 417.61 183.56 0 524.99 247.49
48 8 0 347.22 481.25 0 411.27 196.28 0 150.39 437.21 0 202.50 390.01 0 526.23 263.23 0 336.30 383.08 0 398.72 493.74 0 126.74 4.00
49 8 0 529.19 268.72 0 340.03 371.25 0 338.81 479.94 0 407.89 202.53 0 396.62 501.29 0 143.74 438.75 0 625.98 333.71 0 623.82 333.74
50 6 0 325.07 481.77 0 526.20 278.74 0 397.50 212.50 0 130.53 445.00 0 338.76 363.75 0 387.50 510.06
