1 0
2 0
3 6 0 508.75 566.26 0 486.94 28.75 0 211.22 536.26 0 441.52 31.27 0 441.34 32.97 0 33.75 401.29
4 6 0 508.74 566.26 0 442.44 33.76 0 211.27 536.26 0 33.75 399.23 0 486.37 30.88 0 32.44 400.02
5 6 0 441.26 33.77 0 508.72 565.55 0 486.22 31.24 0 33.74 398.90 0 211.27 536.25 0 333.73 514.61
6 7 0 486.23 31.26 0 441.77 33.76 0 507.49 563.76 0 33.74 401.28 0 333.69 513.80 0 211.25 536.24 0 211.24 533.86
7 6 0 441.25 35.00 0 507.50 563.74 0 486.24 32.36 0 332.50 515.01 0 35.05 399.11 0 212.49 533.76
8 6 0 441.25 35.38 0 507.32 562.51 0 484.99 32.48 0 213.76 533.75 0 332.42 514.84 0 36.26 400.04
9 6 0 506.24 561.27 0 484.98 33.74 0 440.00 36.25 0 213.75 533.82 0 331.26 514.98 0 37.51 401.26
10 7 0 484.97 35.01 0 506.25 561.12 0 439.99 37.51 0 38.75 400.00 0 331.25 515.03 0 213.76 531.45 0 214.97 532.54
11 6 0 484.99 35.02 0 439.76 38.76 0 506.26 559.99 0 330.00 515.01 0 38.75 400.14 0 216.06 531.27
12 7 0 483.76 35.86 0 216.26 531.25 0 438.76 39.99 0 506.24 558.75 0 330.03 515.10 0 41.25 399.95 0 505.03 559.96
13 7 0 482.50 36.38 0 438.75 39.98 0 504.98 557.50 0 217.51 531.24 0 41.26 399.75 0 328.73 516.26 0 326.34 516.26
14 9 0 482.50 37.50 0 438.75 41.24 0 505.00 557.50 0 41.34 398.75 0 217.48 531.27 0 326.25 516.29 0 42.46 399.98 0 437.58 40.02 0 328.71 516.25
15 8 0 437.50 42.49 0 482.49 38.29 0 503.76 556.25 0 218.74 528.74 0 326.25 516.25 0 43.78 398.74 0 438.74 623.75 0 212.48 485.01
16 6 0 437.49 42.48 0 481.27 39.99 0 503.74 555.03 0 218.76 528.77 0 326.23 516.24 0 43.76 398.75
17 8 0 68.74 622.85 0 503.72 554.98 0 437.45 43.78 0 481.25 40.04 0 325.01 517.08 0 46.25 398.75 0 219.69 528.78 0 220.01 527.48
18 9 0 70.00 622.97 0 503.71 553.76 0 436.24 45.02 0 480.01 41.25 0 322.50 517.48 0 46.24 398.76 0 221.25 526.24 0 221.25 528.09 0 235.00 547.47
19 10 0 71.25 622.50 0 435.36 45.05 0 479.99 42.53 0 502.51 553.58 0 221.24 526.26 0 322.51 517.09 0 46.27 398.75 0 48.51 398.75 0 441.18 618.97 0 439.10 619.62
20 8 0 434.98 46.27 0 72.48 622.54 0 479.99 42.52 0 502.53 552.50 0 48.74 398.75 0 221.24 526.28 0 321.25 517.50 0 441.26 618.76
21 8 0 501.26 551.24 0 73.74 622.50 0 478.75 43.78 0 50.57 398.75 0 435.00 47.38 0 322.51 517.50 0 222.95 525.07 0 441.66 618.75
22 8 0 74.97 622.51 0 478.73 44.98 0 501.27 550.15 0 435.01 48.78 0 51.25 398.75 0 223.74 523.74 0 321.25 518.38 0 441.27 616.27
23 8 0 74.97 622.47 0 477.50 45.03 0 433.75 48.76 0 501.25 549.97 0 223.74 523.76 0 51.26 398.76 0 317.49 517.50 0 442.50 616.30
24 9 0 76.25 622.49 0 499.99 548.73 0 433.74 50.00 0 477.47 46.26 0 53.63 398.75 0 403.75 16.26 0 317.49 517.49 0 225.36 523.76 0 441.24 613.77
25 9 0 77.46 622.48 0 477.46 47.49 0 500.01 547.51 0 433.76 50.00 0 53.75 398.75 0 442.52 612.50 0 403.76 16.27 0 226.25 523.48 0 317.49 518.74
26 9 0 78.48 622.48 0 500.00 546.26 0 432.50 51.25 0 477.48 47.86 0 53.76 398.75 0 227.37 522.50 0 442.51 612.50 0 317.48 518.74 0 403.75 18.76
27 10 0 476.24 48.77 0 499.95 546.12 0 227.50 522.52 0 432.49 52.48 0 79.01 622.55 0 403.67 18.75 0 442.51 612.48 0 56.26 398.75 0 317.50 518.67 0 46.24 621.25
28 10 0 476.24 50.02 0 80.55 622.53 0 498.73 544.99 0 432.47 52.52 0 403.26 19.91 0 56.25 398.76 0 442.51 610.00 0 49.98 621.25 0 228.74 521.28 0 313.73 518.75
29 11 0 498.74 543.75 0 81.33 621.89 0 474.99 50.00 0 431.26 54.68 0 402.54 21.28 0 50.00 620.29 0 58.76 398.73 0 228.74 520.46 0 313.75 518.75 0 101.52 364.67 0 442.37 608.78
30 9 0 498.73 543.71 0 82.53 621.52 0 475.00 51.25 0 58.75 398.74 0 431.28 55.01 0 51.29 621.03 0 403.00 21.26 0 228.75 518.76 0 313.75 521.23
31 10 0 83.78 621.37 0 474.51 52.50 0 497.89 542.44 0 431.09 56.25 0 58.76 398.75 0 51.46 621.11 0 229.98 518.76 0 429.98 55.00 0 311.31 520.96 0 403.62 22.13
32 10 0 85.01 621.66 0 473.73 52.50 0 497.53 541.23 0 429.99 56.32 0 61.24 398.75 0 229.99 517.50 0 403.73 23.75 0 442.62 605.02 0 52.47 621.27 0 311.22 521.26
33 11 0 85.05 622.36 0 429.96 57.48 0 497.53 540.77 0 473.64 53.85 0 442.53 605.02 0 231.23 517.53 0 53.63 620.85 0 61.25 398.76 0 310.00 521.28 0 472.39 55.03 0 403.33 26.24
34 11 0 429.97 58.75 0 497.51 540.01 0 86.38 621.23 0 442.51 605.00 0 472.52 55.00 0 402.52 26.27 0 308.84 521.91 0 62.54 398.75 0 56.28 621.22 0 231.25 516.24 0 233.71 516.25
35 10 0 428.73 59.88 0 496.26 538.75 0 87.49 621.23 0 472.49 55.32 0 403.41 27.42 0 233.77 516.24 0 442.52 602.52 0 63.74 398.74 0 307.49 522.51 0 56.26 621.23
36 12 0 428.74 60.00 0 88.74 621.33 0 402.51 27.51 0 235.01 515.01 0 471.24 56.26 0 496.25 538.78 0 307.49 522.50 0 442.52 602.52 0 56.31 620.08 0 66.26 398.75 0 87.52 620.47 0 63.73 398.76
37 10 0 89.99 621.25 0 427.59 61.23 0 471.24 57.50 0 235.01 515.00 0 402.50 28.63 0 496.25 536.29 0 66.25 398.75 0 306.49 522.49 0 442.51 601.97 0 57.03 619.99
38 10 0 471.23 58.03 0 427.49 62.49 0 90.05 621.04 0 402.51 29.97 0 235.01 513.71 0 67.42 398.75 0 494.89 536.24 0 58.75 619.41 0 306.25 522.50 0 442.51 601.27
39 9 0 469.96 58.75 0 427.48 62.49 0 91.75 620.22 0 402.51 29.97 0 67.52 398.75 0 494.97 534.98 0 236.26 513.78 0 60.00 618.76 0 443.75 598.76
40 11 0 426.23 63.71 0 92.50 620.02 0 469.97 59.99 0 493.77 534.96 0 68.75 397.53 0 442.52 597.49 0 61.23 618.74 0 402.50 31.24 0 236.39 513.73 0 303.73 522.55 0 236.36 511.91
41 13 0 469.99 60.01 0 93.73 620.02 0 493.75 533.73 0 69.99 397.49 0 426.24 63.78 0 442.54 597.48 0 424.97 65.00 0 402.86 33.77 0 63.56 618.75 0 238.27 513.78 0 303.71 522.52 0 238.68 511.21 0 495.06 535.04
42 11 0 468.74 61.21 0 493.75 533.72 0 95.01 620.05 0 425.11 64.96 0 445.01 597.41 0 71.23 398.65 0 402.51 34.84 0 238.72 511.25 0 301.25 522.52 0 63.68 618.75 0 494.97 533.17
43 10 0 468.74 62.49 0 492.50 532.49 0 96.24 619.99 0 425.01 66.19 0 238.74 511.25 0 71.23 398.76 0 402.52 35.01 0 445.02 595.03 0 301.25 522.51 0 63.75 618.75
44 10 0 467.52 62.86 0 97.51 620.00 0 492.50 531.29 0 425.01 67.43 0 403.74 35.44 0 300.00 522.84 0 444.51 595.00 0 238.74 510.06 0 73.76 398.75 0 66.24 618.75
45 11 0 492.51 530.01 0 97.49 619.98 0 467.50 64.54 0 403.73 36.25 0 73.76 397.50 0 423.73 68.64 0 299.90 522.50 0 425.00 68.07 0 66.26 618.74 0 239.97 509.71 0 445.01 593.79
46 10 0 98.77 620.00 0 491.26 528.76 0 423.74 68.74 0 467.51 64.97 0 403.70 37.49 0 75.00 398.75 0 241.27 508.73 0 298.75 523.75 0 67.49 618.65 0 446.15 591.25
47 11 0 467.49 65.39 0 100.01 619.92 0 423.75 70.00 0 242.49 508.40 0 76.24 398.75 0 491.25 528.76 0 402.50 38.43 0 445.00 589.97 0 298.75 523.76 0 68.74 617.63 0 370.78 427.30
48 10 0 466.25 66.25 0 100.51 619.98 0 242.50 507.50 0 422.50 71.25 0 76.25 398.75 0 491.26 527.51 0 445.02 590.00 0 403.57 38.76 0 68.75 616.27 0 296.29 525.00
49 10 0 491.24 526.26 0 102.30 619.98 0 466.24 67.48 0 242.50 507.52 0 422.50 71.26 0 78.71 398.75 0 445.00 589.98 0 296.27 523.79 0 402.78 41.23 0 69.98 618.60
50 10 0 102.47 618.75 0 490.16 525.05 0 466.19 67.53 0 78.72 398.77 0 402.50 41.27 0 243.75 506.27 0 445.01 588.94 0 422.48 71.26 0 293.75 524.04 0 70.96 616.24
