1 0
2 0
3 2 0 51.28 598.79 0 51.28 601.24
4 1 0 307.51 555.01
5 1 0 311.15 553.41
6 2 0 311.23 556.21 0 52.49 601.29
7 2 0 49.99 595.01 0 310.00 549.98
8 2 0 622.50 466.28 0 331.22 46.21
9 2 0 623.75 465.04 0 331.64 46.27
10 3 0 623.57 459.95 0 311.23 546.29 0 53.75 593.77
11 2 0 621.25 463.73 0 328.75 46.23
12 3 0 623.74 462.32 0 59.99 596.29 0 313.76 549.55
13 2 0 621.26 461.25 0 18.77 125.01
14 4 0 620.00 460.01 0 309.99 547.50 0 18.76 123.75 0 58.39 594.99
15 3 0 621.25 458.74 0 21.14 123.77 0 60.01 595.02
16 5 0 14.09 97.54 0 618.76 453.75 0 18.78 121.28 0 309.98 540.15 0 58.84 590.01
17 4 0 18.76 98.89 0 622.46 453.76 0 23.68 121.32 0 311.24 541.25
18 5 0 16.26 98.75 0 618.75 451.26 0 308.76 538.75 0 21.23 118.86 0 60.00 588.81
19 7 0 16.25 100.02 0 617.51 451.26 0 308.75 538.75 0 60.00 587.51 0 21.18 118.83 0 147.80 19.86 0 21.27 121.02
20 4 0 621.25 451.24 0 22.41 102.46 0 26.23 121.44 0 313.91 538.73
21 6 0 20.04 105.10 0 619.99 453.37 0 26.23 123.74 0 310.01 539.13 0 469.98 130.02 0 66.27 590.02
22 9 0 18.78 102.48 0 617.56 448.66 0 616.41 447.48 0 618.76 461.11 0 23.69 118.79 0 307.53 533.72 0 25.26 118.65 0 63.75 586.26 0 328.74 41.27
23 6 0 22.47 102.49 0 618.73 446.28 0 310.02 532.50 0 28.05 117.51 0 618.75 459.92 0 66.24 583.75
24 5 0 23.44 107.51 0 618.78 448.73 0 29.88 122.48 0 67.50 587.51 0 332.38 46.23
25 5 0 19.99 106.26 0 615.46 446.22 0 13.69 83.83 0 26.53 118.75 0 66.24 583.73
26 4 0 22.43 109.95 0 615.33 448.69 0 29.82 123.40 0 16.85 88.78
27 5 0 24.98 110.44 0 20.01 88.82 0 618.75 447.10 0 33.80 122.59 0 617.87 461.11
28 6 0 616.24 441.22 0 24.89 106.48 0 18.92 84.87 0 69.99 580.00 0 310.31 527.20 0 616.33 456.29
29 7 0 613.76 441.29 0 23.77 108.66 0 17.55 86.24 0 613.69 456.26 0 69.30 580.00 0 614.98 442.38 0 33.42 118.76
30 8 0 26.23 113.73 0 614.98 443.79 0 20.00 91.15 0 34.19 122.53 0 24.97 112.96 0 613.72 458.75 0 309.99 532.10 0 71.21 583.70
31 6 0 612.43 441.26 0 69.99 580.00 0 18.74 88.78 0 24.97 111.64 0 33.88 121.20 0 611.26 456.27
32 6 0 37.22 117.41 0 614.96 437.55 0 28.65 109.88 0 612.46 452.50 0 310.02 523.67 0 71.21 576.26
33 8 0 616.25 436.28 0 314.99 522.54 0 29.94 111.82 0 613.70 452.67 0 75.02 576.26 0 25.91 87.10 0 41.34 118.64 0 24.48 88.72
34 5 0 28.79 117.42 0 23.74 93.76 0 613.73 440.18 0 611.20 456.29 0 38.05 121.42
35 7 0 28.70 117.37 0 612.69 438.77 0 309.97 524.99 0 23.73 93.77 0 38.31 121.49 0 608.71 456.28 0 608.75 453.90
36 9 0 613.76 438.76 0 31.16 118.75 0 611.12 453.81 0 41.75 121.30 0 77.48 580.00 0 26.27 93.93 0 26.29 96.29 0 309.98 524.22 0 385.05 287.08
37 6 0 611.33 436.25 0 31.05 119.81 0 26.27 96.28 0 309.99 522.52 0 331.26 46.25 0 608.76 453.69
38 9 0 613.75 431.29 0 28.76 91.27 0 32.45 115.05 0 77.52 572.50 0 44.65 117.42 0 609.97 448.76 0 609.17 446.18 0 311.23 516.85 0 612.98 432.47
39 4 0 33.77 121.30 0 613.74 436.16 0 28.76 97.68 0 608.72 451.35
40 10 0 35.05 122.55 0 613.22 433.90 0 31.23 97.80 0 458.61 626.57 0 608.67 451.29 0 606.27 451.29 0 45.81 121.31 0 333.73 46.23 0 313.75 518.76 0 81.29 576.23
41 6 0 36.48 122.59 0 613.73 433.76 0 31.23 98.77 0 315.00 517.50 0 608.68 451.14 0 49.34 121.21
42 5 0 613.74 429.90 0 37.44 120.20 0 49.33 118.74 0 33.74 96.33 0 83.54 570.00
43 5 0 34.99 123.80 0 608.75 431.25 0 30.03 100.09 0 602.51 449.98 0 48.61 121.31
44 6 0 38.73 125.04 0 611.26 430.04 0 33.77 98.85 0 52.34 121.39 0 314.99 515.00 0 606.20 448.76
45 7 0 612.11 428.78 0 39.98 125.05 0 36.24 101.32 0 603.89 446.23 0 85.03 570.05 0 51.51 119.03 0 313.73 511.21
46 7 0 610.08 428.76 0 40.10 127.38 0 603.78 446.28 0 84.99 570.68 0 51.74 121.88 0 35.02 101.24 0 313.75 513.77
47 8 0 42.42 125.05 0 37.53 100.06 0 611.45 425.14 0 604.79 443.78 0 313.76 510.00 0 56.28 118.75 0 54.34 118.77 0 437.49 29.02
48 7 0 38.13 125.03 0 606.24 422.48 0 34.99 100.02 0 598.70 441.25 0 52.03 117.49 0 309.98 507.51 0 85.00 565.01
49 8 0 42.55 127.54 0 611.25 423.76 0 602.56 442.48 0 57.90 118.69 0 38.73 103.64 0 314.99 507.69 0 39.97 102.59 0 235.31 290.51
50 8 0 42.53 130.02 0 38.73 106.22 0 608.74 423.91 0 56.44 121.32 0 88.79 569.14 0 313.78 508.72 0 601.28 443.73 0 331.86 5.26
