1 0
2 0
3 1 0 34.98 501.27
4 1 0 33.77 501.28
5 2 0 602.52 234.99 0 36.19 501.20
6 1 0 33.75 498.75
7 1 0 33.84 498.75
8 3 0 602.52 237.48 0 366.21 18.77 0 33.77 496.28
9 4 0 532.50 315.03 0 366.24 18.76 0 604.19 237.54 0 35.07 496.26
10 2 0 34.00 496.26 0 365.70 19.83
11 2 0 366.19 20.00 0 33.74 493.73
12 2 0 531.25 317.50 0 35.02 492.52
13 2 0 34.99 492.51 0 530.43 317.50
14 3 0 34.99 492.49 0 530.00 317.51 0 365.00 23.28
15 2 0 35.00 490.01 0 365.01 23.73
16 4 0 37.48 490.02 0 363.76 23.76 0 363.78 26.26 0 526.24 317.46
17 3 0 35.01 489.75 0 526.11 317.51 0 18.77 244.34
18 3 0 525.00 317.48 0 35.05 486.23 0 18.78 243.61
19 4 0 34.99 485.01 0 522.64 317.50 0 362.51 27.49 0 593.74 244.96
20 4 0 34.99 485.01 0 20.00 243.77 0 522.58 317.49 0 362.53 27.50
21 6 0 36.20 485.01 0 522.49 317.48 0 21.25 242.54 0 361.26 28.74 0 625.03 166.92 0 623.69 167.83
22 5 0 34.98 485.00 0 362.51 30.01 0 622.11 168.47 0 522.48 318.76 0 22.37 242.17
23 5 0 621.25 168.75 0 34.98 482.51 0 522.51 317.50 0 23.74 241.39 0 361.27 31.25
24 3 0 35.00 482.53 0 621.59 166.98 0 23.75 241.51
25 4 0 623.74 622.52 0 620.20 168.78 0 26.24 241.26 0 517.51 317.51
26 7 0 622.49 621.31 0 27.50 242.48 0 619.35 169.33 0 517.52 318.76 0 361.26 33.76 0 361.27 31.21 0 36.26 478.77
27 5 0 622.47 620.02 0 618.74 171.28 0 27.49 241.33 0 37.26 481.26 0 358.73 34.39
28 5 0 622.46 620.02 0 35.03 477.50 0 28.75 241.25 0 617.53 170.05 0 513.98 318.76
29 4 0 621.24 618.94 0 34.98 474.99 0 616.30 171.25 0 30.00 241.26
30 5 0 620.00 617.51 0 36.24 475.03 0 616.26 171.24 0 358.72 38.72 0 31.23 238.75
31 7 0 620.00 617.52 0 37.45 475.04 0 31.23 238.74 0 358.73 38.72 0 613.80 171.25 0 616.27 171.25 0 511.25 321.29
32 7 0 619.88 616.26 0 36.23 473.77 0 613.75 172.51 0 358.73 38.75 0 511.20 321.26 0 31.24 238.75 0 614.94 172.51
33 5 0 618.75 615.00 0 612.52 173.08 0 510.01 321.27 0 33.75 238.74 0 37.47 474.20
34 5 0 617.50 615.00 0 612.50 172.50 0 508.73 322.47 0 33.79 237.32 0 37.51 460.95
35 5 0 617.52 613.74 0 611.25 172.48 0 37.51 469.99 0 508.66 322.38 0 33.82 237.50
36 5 0 617.50 612.52 0 611.25 173.76 0 36.24 238.73 0 508.76 321.24 0 581.16 256.24
37 5 0 616.27 612.50 0 37.52 470.01 0 37.52 238.74 0 608.76 172.51 0 506.25 322.49
38 5 0 614.99 612.53 0 37.49 467.50 0 37.49 237.50 0 506.26 321.27 0 608.75 173.75
39 7 0 615.01 610.07 0 37.49 237.37 0 37.48 467.52 0 506.23 321.28 0 606.67 173.87 0 578.76 258.79 0 608.36 174.96
40 7 0 614.90 609.99 0 36.46 466.28 0 355.00 45.02 0 503.73 322.23 0 606.24 173.92 0 606.24 176.24 0 41.21 236.28
41 8 0 613.76 609.98 0 42.50 237.50 0 606.21 173.77 0 36.31 463.73 0 355.11 46.25 0 503.03 322.52 0 576.48 258.78 0 36.25 466.27
42 4 0 613.75 608.74 0 41.25 236.26 0 606.14 176.25 0 501.90 323.60
43 5 0 612.51 607.51 0 42.49 236.30 0 603.76 176.25 0 618.78 532.51 0 501.25 322.52
44 6 0 612.44 606.78 0 43.75 235.00 0 603.76 176.26 0 618.75 532.51 0 501.24 322.53 0 37.47 462.20
45 7 0 611.25 606.25 0 500.01 322.53 0 355.00 50.00 0 42.78 235.02 0 35.66 460.01 0 603.72 176.28 0 618.81 532.50
46 5 0 610.62 605.01 0 44.99 235.02 0 499.98 323.72 0 37.53 461.23 0 601.83 176.26
47 7 0 610.32 604.98 0 46.25 233.75 0 601.26 178.75 0 37.46 459.25 0 353.75 51.27 0 570.45 266.24 0 498.38 323.73
48 5 0 609.01 603.75 0 46.25 233.76 0 37.48 459.29 0 497.51 324.97 0 601.25 178.75
49 6 0 608.76 602.55 0 48.75 233.74 0 598.73 178.75 0 38.71 456.29 0 612.89 529.96 0 571.24 266.59
50 7 0 608.74 602.46 0 48.77 233.77 0 36.26 456.27 0 598.70 178.75 0 493.77 323.75 0 353.73 53.72 0 351.34 53.72
