1 0
2 3 0 586.22 181.22 0 584.99 180.35 0 91.25 241.25
3 1 0 587.56 187.50
4 1 0 585.01 187.50
5 2 0 580.01 182.48 0 98.75 238.75
6 1 0 581.23 189.98
7 3 0 583.75 182.45 0 108.75 234.98 0 584.99 184.54
8 2 0 577.11 185.01 0 13.85 243.78
9 2 0 582.34 187.50 0 23.74 247.43
10 3 0 572.49 195.08 0 17.50 255.00 0 109.97 242.52
11 4 0 18.76 252.32 0 568.76 191.37 0 111.23 236.28 0 567.58 192.46
12 3 0 566.23 195.84 0 20.11 254.98 0 113.75 238.74
13 3 0 568.78 191.07 0 26.25 251.24 0 118.73 233.77
14 4 0 572.47 193.77 0 33.72 253.72 0 126.23 233.77 0 32.39 255.05
15 2 0 562.71 193.76 0 29.35 253.91
16 3 0 38.57 261.82 0 568.76 201.31 0 567.55 200.02
17 3 0 36.23 266.29 0 562.54 205.05 0 131.23 242.50
18 3 0 38.69 267.51 0 560.10 207.19 0 133.75 241.28
19 3 0 558.71 197.51 0 39.99 260.00 0 136.25 231.25
20 3 0 37.50 268.76 0 551.23 207.54 0 133.71 238.76
21 3 0 555.02 211.30 0 44.97 272.47 0 141.26 242.27
22 5 0 46.26 273.79 0 552.55 212.50 0 143.74 241.29 0 625.81 243.80 0 623.82 243.76
23 4 0 52.31 268.04 0 150.18 233.85 0 626.22 236.27 0 555.00 205.35
24 4 0 46.24 268.75 0 616.26 235.01 0 545.03 205.14 0 143.59 233.75
25 5 0 55.06 277.50 0 550.01 214.62 0 621.25 241.31 0 329.97 115.00 0 153.75 238.73
26 5 0 542.49 216.32 0 52.37 280.02 0 613.66 243.75 0 148.75 241.26 0 16.26 558.75
27 5 0 537.53 212.53 0 51.27 276.26 0 606.23 238.73 0 16.30 553.77 0 148.63 236.12
28 3 0 52.29 277.40 0 535.01 213.75 0 606.07 236.32
29 5 0 542.47 215.00 0 612.50 236.27 0 163.65 234.94 0 64.92 278.73 0 31.19 553.75
30 4 0 540.01 219.94 0 66.23 283.74 0 608.75 240.00 0 165.02 238.73
31 5 0 530.01 221.25 0 59.99 286.26 0 598.74 239.98 0 157.43 238.76 0 26.24 556.24
32 6 0 596.25 233.76 0 527.51 217.50 0 61.25 282.50 0 27.51 551.22 0 100.02 621.10 0 613.74 461.28
33 3 0 535.75 220.16 0 72.54 285.03 0 603.72 236.24
34 5 0 23.74 617.52 0 529.91 217.51 0 596.25 231.24 0 69.99 281.37 0 107.14 612.50
35 7 0 27.49 627.48 0 528.75 227.56 0 73.75 292.52 0 42.49 555.69 0 596.16 241.28 0 107.51 621.28 0 613.76 466.27
36 8 0 526.25 230.00 0 30.01 627.55 0 43.73 556.24 0 76.23 294.89 0 107.49 618.75 0 178.75 241.26 0 593.75 239.27 0 612.52 466.28
37 8 0 71.24 291.26 0 26.25 622.36 0 517.52 226.09 0 583.74 233.76 0 37.49 550.00 0 172.50 234.98 0 100.89 610.02 0 164.90 227.59
38 5 0 37.48 620.00 0 82.51 290.13 0 524.99 224.30 0 590.16 231.25 0 111.24 605.02
39 8 0 523.74 227.51 0 84.99 292.53 0 40.89 621.29 0 588.74 233.77 0 474.99 595.00 0 187.49 234.98 0 52.50 549.21 0 111.22 604.82
40 8 0 87.50 297.85 0 521.26 231.38 0 42.50 624.91 0 111.25 606.25 0 586.25 235.01 0 53.73 551.26 0 606.03 459.97 0 55.53 551.26
41 9 0 515.01 235.41 0 85.00 302.49 0 579.59 238.76 0 41.32 627.46 0 470.01 597.51 0 187.51 241.27 0 53.75 554.98 0 597.53 461.26 0 107.76 606.24
42 5 0 45.21 618.65 0 515.93 228.73 0 88.77 294.99 0 578.76 228.74 0 56.27 543.75
43 6 0 515.02 234.97 0 92.49 302.48 0 50.01 624.35 0 578.75 234.85 0 113.74 597.52 0 73.83 288.80
44 7 0 513.73 237.50 0 51.91 625.11 0 576.26 236.24 0 94.91 304.70 0 63.73 551.25 0 113.78 595.06 0 595.66 456.57
45 7 0 47.51 618.77 0 89.99 300.05 0 566.23 228.72 0 107.49 587.51 0 503.84 231.23 0 504.98 232.50 0 59.44 543.75
46 7 0 91.04 307.56 0 48.75 625.09 0 502.23 239.97 0 61.25 551.24 0 563.76 236.26 0 106.26 591.23 0 106.25 593.74
47 8 0 96.24 301.29 0 55.00 617.02 0 502.49 233.77 0 563.75 226.27 0 66.25 542.31 0 201.28 233.59 0 201.25 231.25 0 564.78 224.93
48 8 0 97.53 302.45 0 499.99 235.01 0 56.42 616.26 0 562.02 226.27 0 109.14 580.01 0 67.50 541.21 0 201.49 233.30 0 57.13 615.04
49 8 0 105.05 308.74 0 64.97 620.03 0 503.75 239.99 0 210.00 236.26 0 566.23 231.24 0 115.01 580.00 0 77.48 547.06 0 469.98 572.22
50 7 0 498.83 237.50 0 63.73 616.11 0 105.01 306.45 0 76.23 541.29 0 558.75 226.25 0 448.80 516.38 0 111.21 573.71
