1 0
2 1 0 256.30 108.73
3 1 0 256.25 111.23
4 2 0 253.76 113.80 0 255.06 112.46
5 1 0 252.51 116.54
6 1 0 251.27 121.22
7 2 0 251.01 123.74 0 236.27 49.31
8 1 0 248.76 126.25
9 2 0 27.50 531.52 0 246.25 128.76
10 1 0 245.01 132.49
11 3 0 243.75 133.82 0 243.74 135.76 0 28.12 387.52
12 1 0 243.73 138.76
13 1 0 241.26 141.25
14 2 0 241.26 143.79 0 241.27 145.98
15 2 0 238.74 148.76 0 603.51 161.27
16 2 0 237.48 150.01 0 326.24 623.58
17 3 0 236.25 153.76 0 326.72 620.80 0 328.79 620.54
18 2 0 233.78 156.24 0 330.00 618.76
19 3 0 331.25 616.26 0 18.77 296.26 0 233.74 158.75
20 3 0 333.74 613.75 0 231.23 163.75 0 21.23 292.51
21 2 0 230.01 166.25 0 336.25 611.22
22 3 0 228.74 168.76 0 338.73 608.76 0 337.58 607.51
23 2 0 338.76 606.27 0 228.73 172.76
24 2 0 341.25 603.20 0 226.25 176.26
25 3 0 37.49 285.01 0 343.61 601.26 0 226.26 178.75
26 2 0 223.74 181.25 0 343.74 598.74
27 3 0 346.26 596.25 0 221.24 183.74 0 42.49 281.28
28 2 0 221.19 187.97 0 348.67 593.73
29 2 0 218.76 191.26 0 348.75 591.23
30 2 0 218.73 193.75 0 351.23 587.56
31 3 0 216.26 196.25 0 353.86 586.28 0 50.01 412.49
32 2 0 355.09 583.73 0 213.75 201.26
33 3 0 213.65 203.74 0 358.73 580.19 0 330.67 590.09
34 4 0 211.93 206.01 0 358.74 578.76 0 361.23 578.75 0 285.02 602.53
35 4 0 361.25 576.26 0 211.26 208.77 0 211.27 206.69 0 61.29 13.72
36 2 0 362.49 572.51 0 208.86 211.25
37 3 0 365.00 570.00 0 208.73 213.73 0 231.24 66.33
38 3 0 366.22 568.78 0 208.76 218.75 0 206.23 218.76
39 3 0 368.74 566.25 0 204.39 221.27 0 77.49 260.00
40 4 0 371.23 563.74 0 203.72 223.74 0 81.25 259.89 0 307.49 612.43
41 2 0 202.48 228.73 0 372.40 561.25
42 3 0 201.29 228.81 0 373.75 558.74 0 375.00 557.59
43 2 0 376.25 556.25 0 198.74 233.73
44 3 0 378.75 553.76 0 198.72 237.47 0 92.52 250.03
45 3 0 380.00 551.25 0 197.40 238.77 0 93.67 251.16
46 4 0 194.98 243.03 0 381.25 548.74 0 98.76 248.74 0 42.48 437.50
47 3 0 383.74 546.28 0 193.76 246.23 0 75.00 347.49
48 4 0 193.75 249.70 0 386.25 543.75 0 250.00 129.99 0 102.34 245.50
49 2 0 386.25 541.27 0 191.23 251.26
50 5 0 388.76 538.75 0 191.21 256.24 0 190.29 254.88 0 522.50 578.77 0 110.01 242.52
