1 0
2 2 0 23.73 163.75 0 42.62 208.76
3 4 0 53.76 208.76 0 111.23 541.24 0 33.72 163.74 0 81.25 283.79
4 4 0 33.74 163.75 0 53.65 208.74 0 83.02 284.93 0 53.74 206.67
5 2 0 43.77 216.27 0 26.25 171.27
6 3 0 27.50 172.36 0 108.75 548.78 0 46.23 218.77
7 4 0 46.18 211.25 0 26.26 166.24 0 81.26 282.50 0 586.28 26.25
8 8 0 402.49 493.74 0 33.76 173.76 0 557.47 630.77 0 71.02 193.74 0 34.52 175.07 0 43.84 164.74 0 76.26 290.02 0 122.51 277.51
9 5 0 51.78 213.72 0 33.75 168.74 0 90.00 282.50 0 118.18 540.01 0 524.98 27.49
10 3 0 28.71 171.27 0 621.23 526.24 0 393.76 487.47
11 4 0 28.74 178.75 0 514.99 36.27 0 85.01 290.00 0 46.24 223.71
12 3 0 31.24 172.52 0 86.23 283.74 0 98.74 138.74
13 3 0 31.20 173.76 0 46.25 218.76 0 88.75 282.50
14 5 0 37.81 173.76 0 93.76 283.75 0 96.23 283.75 0 107.50 136.76 0 52.98 218.78
15 5 0 53.72 221.27 0 98.76 283.84 0 38.75 176.26 0 522.49 35.13 0 299.50 461.82
16 4 0 31.22 181.25 0 46.23 226.22 0 89.97 289.97 0 47.52 227.48
17 4 0 92.50 284.63 0 31.22 178.76 0 48.77 223.75 0 510.76 35.35
18 8 0 509.99 42.51 0 47.07 228.74 0 32.60 183.72 0 618.75 143.75 0 93.70 286.21 0 93.42 288.76 0 121.24 546.26 0 103.75 143.73
19 6 0 50.15 233.76 0 33.77 186.72 0 618.74 146.27 0 610.00 428.75 0 549.86 631.52 0 49.78 231.67
20 3 0 56.28 235.09 0 76.23 233.79 0 16.26 446.21
21 4 0 446.28 618.72 0 51.34 226.26 0 38.70 181.24 0 101.14 282.53
22 5 0 450.17 617.58 0 402.21 486.22 0 58.24 228.75 0 621.25 143.73 0 68.77 186.36
23 8 0 441.37 620.01 0 48.75 233.77 0 35.01 188.74 0 612.51 146.27 0 110.86 146.23 0 98.74 286.26 0 126.24 546.26 0 506.39 48.81
24 7 0 442.49 622.50 0 36.25 193.76 0 51.25 238.75 0 613.65 151.26 0 507.47 50.00 0 130.01 550.01 0 101.24 291.25
25 4 0 443.75 613.77 0 397.48 485.02 0 553.77 621.28 0 444.95 615.01
26 3 0 442.50 612.50 0 613.76 143.77 0 53.74 233.78
27 6 0 46.21 193.79 0 448.74 618.11 0 618.81 149.93 0 58.76 241.26 0 58.88 239.55 0 558.12 628.95
28 6 0 442.50 611.26 0 41.25 189.84 0 612.51 146.23 0 53.76 236.25 0 56.25 236.23 0 562.50 19.77
29 8 0 446.26 612.52 0 61.18 238.72 0 402.54 488.82 0 46.19 193.71 0 60.01 239.99 0 340.16 242.57 0 86.20 493.77 0 71.25 188.70
30 7 0 446.24 611.24 0 48.07 193.76 0 613.77 149.25 0 557.64 626.14 0 340.14 241.82 0 61.24 241.26 0 402.48 487.47
31 5 0 437.47 610.00 0 606.24 148.76 0 40.02 195.00 0 52.60 241.23 0 4.34 162.90
32 6 0 441.25 617.51 0 610.05 158.76 0 56.26 250.93 0 398.69 496.10 0 553.90 633.23 0 313.75 18.06
33 4 0 436.27 614.82 0 604.99 157.51 0 41.29 203.79 0 394.98 494.93
34 5 0 437.49 604.99 0 44.97 196.25 0 56.25 242.49 0 606.25 150.03 0 124.99 147.53
35 7 0 442.50 608.75 0 51.25 201.27 0 611.27 154.20 0 62.43 248.61 0 125.25 288.79 0 509.99 58.73 0 126.24 286.24
36 8 0 432.53 610.02 0 601.26 158.76 0 53.73 251.28 0 548.47 629.46 0 392.92 493.72 0 41.72 206.13 0 330.64 246.65 0 67.53 290.01
37 4 0 441.25 604.99 0 52.50 202.62 0 63.72 248.78 0 608.76 154.89
38 5 0 438.70 601.27 0 401.23 484.99 0 51.21 202.53 0 556.20 621.64 0 376.34 518.75
39 6 0 435.01 600.00 0 48.81 203.74 0 601.27 153.77 0 398.00 485.03 0 601.27 151.71 0 46.95 203.73
40 8 0 429.05 602.52 0 596.27 157.52 0 53.72 253.73 0 45.04 207.39 0 45.96 208.49 0 54.94 252.60 0 121.24 286.25 0 547.48 627.64
41 6 0 428.84 605.02 0 595.01 162.50 0 54.45 258.75 0 46.33 212.24 0 56.25 258.76 0 48.60 211.40
42 5 0 437.48 601.23 0 56.25 211.26 0 603.74 158.75 0 275.03 51.23 0 187.49 332.52
43 5 0 431.26 595.00 0 51.27 206.25 0 60.00 253.20 0 597.91 154.98 0 501.27 61.25
44 7 0 435.01 602.46 0 503.70 69.66 0 56.26 216.27 0 338.70 247.34 0 63.75 261.25 0 556.50 631.19 0 54.93 215.03
45 7 0 425.15 598.77 0 492.91 68.65 0 591.23 161.28 0 54.12 261.28 0 56.24 261.28 0 48.75 213.73 0 34.97 162.47
46 5 0 427.50 602.49 0 58.75 266.28 0 51.27 218.86 0 593.76 166.24 0 593.77 168.75
47 4 0 429.99 592.50 0 556.10 621.29 0 400.05 486.24 0 516.26 308.75
48 3 0 426.24 590.01 0 395.06 485.01 0 53.57 213.10
49 5 0 427.52 600.02 0 398.53 495.00 0 593.76 168.80 0 496.25 78.73 0 61.23 268.92
50 5 0 431.24 591.22 0 596.25 162.52 0 66.25 263.74 0 500.00 71.23 0 59.98 216.97
