1 0
2 0
3 0
4 0
5 0
6 0
7 0
8 0
9 0
10 0
11 0
12 0
13 0
14 0
15 0
16 0
17 0
18 0
19 0
20 0
21 0
22 0
23 0
24 0
25 0
26 0
27 0
28 0
29 0
30 0
31 0
32 1 0 499.07 517.22
33 0
34 0
35 0
36 0
37 1 0 491.77 516.95
38 1 0 490.80 516.70
39 0
40 0
41 0
42 1 0 485.09 515.15
43 1 0 484.00 515.01
44 1 0 482.87 514.97
45 0
46 0
47 0
48 0
49 1 0 475.50 514.76
50 0
51 0
52 0
53 0
54 0
55 0
56 0
57 0
58 0
59 0
60 0
61 0
62 0
63 0
64 0
65 0
66 0
67 0
68 1 0 451.27 509.26
69 0
70 0
71 0
72 0
73 1 0 443.90 507.04
74 1 0 442.80 506.94
75 0
76 0
77 0
78 0
79 0
80 0
81 0
82 0
83 0
84 0
85 0
86 0
87 0
88 0
89 0
90 0
91 0
92 0
93 0
94 0
95 0
96 0
97 1 0 412.15 498.67
98 1 0 410.89 498.86
99 0
100 0
101 0
102 0
103 0
104 0
105 0
106 0
107 0
108 0
109 1 0 395.79 493.28
110 1 0 394.76 492.09
111 0
112 0
113 0
114 1 0 389.39 490.85
115 1 0 388.63 490.38
116 0
117 0
118 0
119 0
120 0
121 0
122 0
123 0
124 0
125 0
126 1 0 373.38 483.76
127 1 0 372.18 482.70
128 0
129 0
130 0
131 0
132 0
133 0
134 0
135 0
136 0
137 0
138 1 0 357.00 475.08
139 1 0 356.18 475.36
140 1 0 355.09 474.69
141 0
142 0
143 0
144 0
145 0
146 0
147 0
148 0
149 0
150 1 0 340.85 467.14
151 1 0 339.84 466.67
152 0
153 0
154 0
155 0
156 0
157 1 0 330.74 461.11
158 0
159 0
160 0
161 1 0 325.00 458.63
162 1 0 324.20 458.30
163 0
164 0
165 0
166 0
167 1 0 317.48 452.86
168 1 0 316.79 451.63
169 1 0 314.56 451.07
170 0
171 0
172 0
173 0
174 0
175 0
176 0
177 0
178 0
179 1 0 301.18 442.93
180 1 0 300.22 442.55
181 0
182 0
183 0
184 0
185 0
186 0
187 0
188 0
189 0
190 0
191 0
192 0
193 0
194 0
195 0
196 1 0 276.82 426.43
197 0
198 0
199 0
200 0
201 1 0 277.86 427.10
202 1 0 269.67 420.48
203 1 0 268.78 419.02
204 0
205 0
206 0
207 0
208 1 0 260.94 413.18
209 1 0 259.77 412.61
210 1 0 258.74 412.03
211 0
212 0
213 0
214 0
215 0
216 1 0 251.05 404.61
217 0
218 0
219 0
220 0
221 0
222 1 0 242.72 396.99
223 0
224 0
225 0
226 0
227 0
228 0
229 0
230 0
231 1 0 229.35 386.82
232 0
233 0
234 0
235 0
236 1 0 229.74 386.82
237 1 0 221.57 379.09
238 0
239 0
240 0
241 0
242 0
243 1 0 212.98 371.06
244 1 0 212.15 370.40
245 0
246 0
247 0
248 0
249 1 0 204.93 362.55
250 1 0 204.06 362.49
251 0
252 0
253 0
254 1 0 197.55 355.26
255 1 0 196.76 354.81
256 0
257 0
258 0
259 1 0 197.98 356.66
260 1 0 189.74 347.02
261 1 0 188.76 346.46
262 0
263 0
264 0
265 0
266 2 0 180.83 338.48 0 189.57 346.81
267 0
268 0
269 1 0 186.10 341.96
270 0
271 1 0 182.01 338.85
272 0
273 0
274 1 0 171.31 325.79
275 2 0 170.59 324.54 0 177.86 333.04
276 0
277 0
278 0
279 0
280 2 0 170.57 325.28 0 162.79 317.27
281 0
282 0
283 0
284 0
285 2 0 155.39 309.02 0 162.58 317.69
286 2 0 154.97 306.45 0 162.28 316.58
287 0
288 0
289 0
290 1 0 147.95 299.09
291 2 0 155.63 308.32 0 147.11 298.47
292 0
293 0
294 1 0 150.36 301.95
295 1 0 141.60 291.12
296 2 0 140.34 290.58 0 147.67 299.09
297 0
298 0
299 0
300 1 0 142.20 292.31
301 1 0 132.76 282.48
302 0
303 1 0 130.89 277.60
304 0
305 0
306 0
307 0
308 2 0 123.47 269.27 0 130.64 277.94
309 1 0 122.96 266.46
310 0
311 0
312 0
313 0
314 0
315 0
316 0
317 0
318 1 0 109.04 250.40
319 0
320 0
321 1 0 106.49 243.58
322 0
323 0
324 0
325 1 0 99.22 235.27
326 2 0 106.94 245.40 0 98.92 234.42
327 1 0 105.93 243.63
328 0
329 0
330 2 0 101.43 237.57 0 92.65 226.40
331 1 0 99.04 235.32
332 2 0 97.97 234.42 0 90.87 221.71
333 0
334 0
335 0
336 0
337 1 0 82.80 212.29
338 0
339 0
340 0
341 1 0 77.44 202.59
342 0
343 1 0 82.54 211.63
344 1 0 74.55 196.58
345 0
346 0
347 0
348 0
349 1 0 74.88 198.16
350 0
351 0
352 0
353 1 0 60.83 178.48
354 0
355 0
356 0
357 0
358 0
359 0
360 2 0 51.93 162.36 0 59.26 174.42
361 0
362 0
363 0
364 0
365 2 0 43.58 149.74 0 52.72 163.22
366 1 0 42.71 146.82
367 0
368 0
369 1 0 45.90 153.93
370 1 0 37.36 138.41
371 0
372 2 0 42.66 146.86 0 34.84 133.77
