1 0
2 2 0 103.74 316.27 0 371.26 526.23
3 4 0 91.25 23.73 0 370.06 526.27 0 106.24 314.96 0 92.46 620.00
4 4 0 106.26 313.76 0 371.27 524.65 0 92.23 26.28 0 91.15 618.76
5 5 0 578.74 624.86 0 108.74 313.76 0 372.51 522.53 0 92.19 26.27 0 88.78 616.31
6 6 0 577.52 622.48 0 91.26 28.76 0 108.76 312.88 0 373.74 521.92 0 88.73 613.78 0 87.03 613.86
7 5 0 575.64 622.53 0 93.75 31.25 0 111.24 311.22 0 373.76 518.74 0 86.24 613.74
8 5 0 575.02 620.01 0 112.56 311.26 0 86.28 611.27 0 93.76 33.77 0 373.76 516.33
9 6 0 572.51 619.99 0 114.98 310.01 0 86.20 610.00 0 96.25 35.39 0 376.25 516.24 0 373.87 516.25
10 6 0 572.34 617.50 0 116.24 309.52 0 376.26 513.76 0 96.31 36.25 0 83.75 606.26 0 83.84 608.75
11 6 0 569.98 617.53 0 96.26 38.76 0 118.71 308.75 0 83.75 606.27 0 376.25 511.24 0 275.01 59.60
12 5 0 568.03 615.02 0 83.69 603.75 0 118.75 307.51 0 97.01 41.25 0 378.75 508.73
13 5 0 567.50 615.00 0 121.25 306.27 0 82.48 602.50 0 378.74 507.50 0 98.76 43.74
14 5 0 565.03 612.54 0 122.52 306.24 0 98.75 43.83 0 378.74 506.26 0 81.25 601.26
15 5 0 564.01 612.49 0 98.75 46.25 0 378.75 503.73 0 123.75 304.99 0 78.77 598.71
16 6 0 562.50 610.09 0 126.25 303.75 0 99.96 48.76 0 416.25 621.25 0 380.00 501.25 0 78.75 596.25
17 6 0 560.07 610.00 0 77.50 595.01 0 101.24 51.25 0 127.51 303.74 0 381.24 499.01 0 413.74 620.57
18 7 0 129.27 302.17 0 559.96 607.91 0 101.25 52.49 0 78.42 593.75 0 413.58 618.76 0 381.25 498.76 0 77.49 592.48
19 7 0 557.51 607.51 0 131.25 301.25 0 18.75 598.75 0 102.49 53.74 0 77.49 591.23 0 381.25 496.26 0 411.27 618.39
20 7 0 557.51 605.02 0 21.24 598.74 0 132.50 301.26 0 74.98 590.00 0 103.53 56.26 0 410.61 616.26 0 381.25 493.74
21 8 0 555.03 605.01 0 133.75 300.00 0 74.99 587.49 0 103.75 58.06 0 383.74 491.25 0 21.24 598.74 0 408.76 613.74 0 408.75 616.23
22 8 0 553.69 602.52 0 136.13 298.76 0 73.74 586.20 0 23.74 598.75 0 383.73 490.00 0 103.98 61.23 0 408.74 613.75 0 105.87 61.24
23 9 0 552.49 602.50 0 26.25 598.74 0 137.50 298.76 0 598.63 18.74 0 406.24 612.49 0 106.26 61.27 0 73.72 585.12 0 383.74 488.79 0 72.47 583.81
24 7 0 596.25 18.75 0 550.00 599.99 0 405.00 610.00 0 138.75 297.49 0 28.73 598.74 0 106.26 63.74 0 386.26 486.24
25 8 0 548.75 599.96 0 594.98 21.27 0 141.25 296.24 0 30.00 598.74 0 403.77 608.76 0 106.29 66.26 0 71.24 580.69 0 386.26 483.75
26 7 0 547.49 597.50 0 107.50 67.51 0 593.76 22.38 0 142.48 296.25 0 386.24 482.47 0 71.26 578.75 0 33.75 598.73
27 8 0 545.08 597.51 0 33.75 598.73 0 108.74 70.01 0 593.75 23.75 0 143.75 294.53 0 401.26 606.26 0 68.84 576.28 0 386.24 481.25
28 8 0 544.99 595.07 0 36.25 598.74 0 146.24 293.74 0 387.51 478.74 0 592.47 26.16 0 110.00 71.23 0 398.74 603.91 0 68.72 576.24
29 8 0 542.50 595.00 0 591.25 27.35 0 38.74 598.74 0 146.98 292.49 0 387.49 476.25 0 397.50 603.73 0 68.75 572.51 0 111.23 73.76
30 8 0 541.25 593.44 0 148.74 292.49 0 387.49 475.01 0 590.00 28.73 0 396.25 602.50 0 67.50 571.28 0 111.23 75.03 0 40.37 598.75
31 8 0 540.00 592.45 0 588.74 30.00 0 151.23 291.25 0 41.26 598.76 0 66.30 568.92 0 396.25 601.25 0 111.23 76.25 0 387.49 471.25
32 9 0 537.47 590.02 0 588.75 31.25 0 387.50 470.00 0 43.76 598.74 0 152.49 290.00 0 393.74 598.75 0 113.78 78.76 0 66.25 568.75 0 66.24 566.44
33 8 0 536.56 590.05 0 153.74 289.99 0 46.24 598.74 0 587.50 32.48 0 388.75 467.56 0 113.74 81.25 0 66.25 565.02 0 391.26 598.75
34 8 0 535.02 587.96 0 584.99 34.89 0 156.24 288.75 0 388.98 466.27 0 390.03 596.33 0 115.42 82.52 0 48.74 598.75 0 63.75 563.74
35 8 0 533.75 587.52 0 390.00 595.01 0 585.00 36.13 0 157.49 287.51 0 116.26 83.74 0 50.00 598.74 0 388.74 463.74 0 63.75 561.26
36 7 0 532.49 586.20 0 51.25 598.75 0 583.73 38.43 0 117.49 85.00 0 158.73 286.40 0 388.72 593.75 0 391.21 461.25
37 8 0 530.01 584.97 0 391.22 460.00 0 53.76 598.74 0 161.26 286.23 0 63.74 558.77 0 581.38 38.73 0 386.44 593.77 0 117.49 88.79
38 8 0 530.00 582.54 0 162.45 285.00 0 56.26 598.74 0 117.49 90.01 0 581.25 41.25 0 386.27 591.24 0 63.68 556.24 0 389.99 458.75
39 8 0 527.49 582.51 0 163.75 283.76 0 579.96 41.28 0 391.23 456.27 0 58.75 598.74 0 383.74 591.22 0 61.25 553.74 0 118.74 92.16
40 8 0 526.26 580.01 0 578.75 43.75 0 166.23 283.75 0 391.22 453.76 0 58.77 598.75 0 121.25 93.77 0 61.25 551.24 0 383.72 588.39
41 8 0 525.00 580.01 0 61.25 598.76 0 60.00 550.00 0 167.50 282.50 0 577.48 45.59 0 121.26 96.27 0 391.25 451.27 0 381.25 587.32
42 9 0 522.52 578.20 0 168.75 281.27 0 576.25 46.28 0 63.74 598.74 0 60.00 548.70 0 391.24 449.99 0 381.23 586.27 0 121.33 96.50 0 380.67 585.06
43 9 0 522.46 577.50 0 122.50 100.01 0 169.99 281.23 0 66.25 598.74 0 58.75 546.37 0 378.74 583.75 0 393.73 448.76 0 391.71 448.76 0 576.24 48.74
44 10 0 520.01 574.98 0 68.74 598.73 0 573.74 48.78 0 124.99 101.26 0 171.26 278.90 0 575.01 49.82 0 58.77 546.25 0 391.24 446.26 0 393.75 446.25 0 376.44 582.42
45 8 0 517.60 575.00 0 573.74 51.25 0 173.76 278.73 0 69.99 598.74 0 393.76 443.76 0 376.27 581.27 0 126.26 102.59 0 58.74 541.47
46 8 0 517.47 573.76 0 71.24 598.75 0 571.26 51.27 0 176.27 278.73 0 393.75 441.24 0 373.76 579.91 0 126.25 103.76 0 58.10 541.28
47 9 0 515.01 572.49 0 571.25 53.75 0 73.77 598.75 0 177.50 277.52 0 372.53 578.75 0 393.76 438.74 0 58.15 539.02 0 128.74 106.25 0 126.25 106.28
48 8 0 513.76 571.23 0 178.75 276.25 0 393.75 437.50 0 128.76 108.59 0 74.99 598.74 0 569.49 56.25 0 371.26 576.30 0 56.29 538.73
49 8 0 512.48 570.00 0 181.24 276.23 0 130.00 109.83 0 393.75 436.25 0 568.75 58.55 0 78.64 598.75 0 370.27 576.26 0 56.27 533.75
50 10 0 511.23 568.78 0 181.25 273.76 0 131.23 111.25 0 53.73 531.26 0 78.74 598.75 0 395.00 434.04 0 566.24 58.75 0 568.36 58.75 0 510.12 567.53 0 368.75 573.75
