1 0
2 0
3 0
4 3 0 9.65 201.91 0 252.57 507.49 0 8.73 202.25
5 2 0 428.90 514.91 0 18.76 343.75
6 0
7 0
8 0
9 0
10 3 0 411.23 18.76 0 613.77 303.74 0 73.74 568.77
11 1 0 411.26 18.75
12 2 0 612.51 306.41 0 413.77 23.75
13 3 0 613.70 468.75 0 412.53 25.99 0 180.30 29.94
14 2 0 414.94 18.74 0 611.25 298.75
15 2 0 413.75 28.75 0 608.76 306.28
16 2 0 606.25 298.75 0 412.42 23.75
17 3 0 606.24 296.26 0 413.74 23.76 0 340.01 204.99
18 2 0 413.74 33.75 0 605.69 303.75
19 4 0 20.07 582.53 0 422.19 32.46 0 611.26 301.26 0 623.53 468.89
20 3 0 12.30 580.03 0 412.46 31.80 0 601.13 298.75
21 3 0 13.74 577.47 0 413.75 31.25 0 598.70 296.26
22 3 0 17.45 582.49 0 417.12 39.99 0 601.25 303.74
23 4 0 18.76 581.25 0 418.76 41.26 0 601.26 303.65 0 441.30 616.25
24 4 0 16.25 572.51 0 413.75 33.77 0 180.01 618.75 0 595.01 293.74
25 6 0 413.74 38.76 0 15.01 573.76 0 178.75 620.00 0 593.78 296.26 0 442.51 146.67 0 612.57 466.30
26 4 0 413.76 38.75 0 16.26 572.51 0 178.77 618.77 0 591.24 296.24
27 4 0 21.24 567.53 0 595.00 291.25 0 418.72 36.25 0 183.74 613.77
28 4 0 25.05 566.44 0 594.99 289.99 0 421.21 38.73 0 186.31 610.23
29 4 0 18.99 566.23 0 589.96 292.50 0 416.27 41.51 0 181.23 611.26
30 4 0 28.73 568.79 0 189.96 611.25 0 423.73 46.24 0 596.26 293.74
31 3 0 27.50 563.78 0 189.98 610.00 0 422.82 43.78
32 5 0 29.92 566.24 0 190.00 610.81 0 423.74 48.76 0 593.74 293.76 0 591.26 293.75
33 5 0 27.41 559.96 0 187.49 603.76 0 420.01 46.24 0 587.49 288.78 0 595.00 449.96
34 5 0 31.25 562.56 0 590.01 292.49 0 423.74 51.26 0 191.24 606.26 0 138.79 508.28
35 5 0 22.52 566.27 0 416.22 56.25 0 581.17 293.76 0 183.73 611.21 0 581.18 296.21
36 4 0 32.50 562.47 0 587.48 292.51 0 423.74 53.77 0 193.76 605.01
37 4 0 33.75 559.98 0 424.94 55.09 0 586.25 291.67 0 191.25 602.58
38 6 0 26.24 556.53 0 416.26 53.75 0 576.25 288.75 0 183.72 598.74 0 24.99 557.19 0 394.98 292.50
39 5 0 25.07 557.47 0 416.27 56.27 0 183.74 598.75 0 573.75 288.77 0 575.01 290.00
40 4 0 34.98 558.75 0 423.75 61.25 0 581.26 292.50 0 193.78 601.28
41 5 0 28.84 561.25 0 418.76 66.24 0 186.30 602.50 0 573.73 293.74 0 573.76 295.91
42 5 0 37.48 555.10 0 426.25 63.74 0 194.99 595.02 0 578.75 288.76 0 36.99 571.29
43 4 0 27.63 555.02 0 416.26 66.25 0 568.74 288.77 0 185.05 595.41
44 5 0 29.98 555.89 0 416.27 68.72 0 568.75 288.76 0 566.24 288.78 0 183.75 596.24
45 5 0 33.75 547.47 0 189.99 587.51 0 570.01 284.99 0 419.24 62.24 0 34.99 570.00
46 6 0 35.02 546.24 0 421.24 63.73 0 189.99 586.85 0 568.77 281.30 0 77.50 562.49 0 616.24 463.06
47 6 0 426.26 71.24 0 41.23 551.25 0 572.43 289.99 0 193.99 590.00 0 40.00 552.47 0 572.54 323.63
48 3 0 41.24 547.33 0 426.25 68.76 0 570.18 285.02
49 6 0 35.00 542.51 0 418.76 68.77 0 561.25 282.49 0 187.51 581.22 0 343.73 601.24 0 579.53 37.51
50 5 0 42.50 545.02 0 426.27 73.78 0 196.26 583.68 0 623.74 466.34 0 37.47 405.03
