1 0
2 1 0 518.71 296.25
3 2 0 517.50 301.23 0 131.26 608.77
4 1 0 517.49 309.98
5 0
6 0
7 0
8 1 0 521.35 301.12
9 1 0 43.80 206.25
10 0
11 1 0 210.06 12.49
12 3 0 213.76 21.47 0 602.49 410.01 0 18.73 3.63
13 3 0 216.29 21.26 0 595.00 402.52 0 214.96 20.57
14 2 0 211.24 31.26 0 583.74 411.14
15 1 0 583.75 411.24
16 2 0 573.75 401.25 0 637.59 573.64
17 1 0 223.71 43.80
18 2 0 568.74 396.25 0 566.26 396.24
19 3 0 570.00 402.39 0 233.78 48.77 0 231.24 48.76
20 1 0 558.73 396.27
21 1 0 561.25 401.26
22 1 0 557.49 397.50
23 5 0 226.26 451.26 0 550.01 393.76 0 397.52 597.52 0 243.70 58.75 0 225.03 452.27
24 3 0 620.93 554.99 0 538.76 391.29 0 526.24 621.19
25 4 0 617.50 562.43 0 536.26 398.75 0 524.83 623.74 0 393.92 515.08
26 5 0 611.25 558.73 0 530.01 397.51 0 522.50 618.75 0 513.75 428.75 0 511.23 428.75
27 6 0 611.25 548.73 0 531.13 387.85 0 526.23 605.00 0 252.49 76.25 0 518.71 426.26 0 518.70 423.74
28 5 0 518.73 391.25 0 599.89 550.14 0 511.24 433.75 0 246.26 83.77 0 248.60 83.76
29 4 0 596.23 549.99 0 514.99 391.25 0 517.48 602.49 0 252.52 89.07
30 4 0 591.24 545.30 0 511.23 388.75 0 516.25 594.90 0 511.25 442.71
31 6 0 595.01 542.24 0 513.75 386.29 0 518.73 446.20 0 524.98 587.53 0 226.27 452.59 0 223.87 453.19
32 2 0 511.16 388.75 0 591.25 545.03
33 5 0 580.00 537.46 0 498.76 382.04 0 263.73 98.89 0 516.24 578.74 0 513.64 455.17
34 5 0 572.50 540.00 0 491.25 386.26 0 509.91 467.14 0 511.25 578.76 0 513.71 578.76
35 5 0 576.75 533.73 0 496.26 381.24 0 517.87 466.69 0 277.49 110.00 0 76.27 581.19
36 2 0 568.77 530.01 0 488.76 378.75
37 3 0 558.74 533.77 0 478.72 383.73 0 273.76 122.11
38 3 0 555.00 531.26 0 473.76 381.26 0 532.50 491.26
39 3 0 551.36 532.51 0 471.24 383.75 0 508.76 557.51
40 5 0 546.24 529.63 0 509.98 500.01 0 508.42 553.67 0 466.24 381.26 0 507.44 552.51
41 4 0 545.00 530.50 0 463.74 383.75 0 513.74 506.25 0 316.39 18.76
42 4 0 546.25 524.21 0 466.24 378.75 0 544.98 524.86 0 296.28 141.27
43 6 0 532.49 522.49 0 451.24 378.75 0 289.47 147.54 0 508.77 513.77 0 502.89 538.75 0 508.76 511.35
44 4 0 528.77 516.08 0 448.74 372.06 0 502.35 528.75 0 292.49 146.33
45 2 0 532.49 517.48 0 452.34 373.78
46 3 0 527.52 517.53 0 446.24 376.26 0 446.26 374.33
47 3 0 515.18 517.49 0 433.75 376.27 0 511.21 537.36
48 4 0 513.74 516.23 0 307.48 170.01 0 433.73 376.26 0 500.73 517.72
49 5 0 513.77 511.22 0 431.31 371.26 0 313.74 168.80 0 433.73 371.27 0 311.26 168.76
50 4 0 418.76 368.91 0 497.73 507.42 0 306.58 173.76 0 307.56 175.01
