1 0
2 1 0 381.13 538.77
3 2 0 386.26 538.75 0 384.32 538.73
4 1 0 378.77 528.75
5 1 0 372.54 534.99
6 2 0 371.25 522.50 0 330.00 609.98
7 2 0 366.23 518.75 0 558.71 511.23
8 1 0 359.97 526.23
9 2 0 363.75 518.77 0 128.77 33.80
10 1 0 351.19 517.52
11 2 0 353.74 515.77 0 516.37 583.72
12 1 0 343.74 511.21
13 1 0 343.71 501.22
14 1 0 338.74 498.49
15 2 0 329.62 500.40 0 74.46 393.84
16 3 0 335.00 493.70 0 483.78 74.66 0 543.62 618.76
17 3 0 322.49 494.63 0 533.75 543.64 0 511.14 581.20
18 2 0 340.01 493.85 0 348.57 53.10
19 2 0 316.21 488.81 0 35.03 212.78
20 1 0 318.73 478.74
21 1 0 313.76 483.76
22 1 0 311.23 473.77
23 3 0 308.76 476.24 0 473.78 181.48 0 581.93 266.92
24 3 0 298.74 466.33 0 499.09 509.40 0 513.74 574.15
25 4 0 290.08 467.10 0 11.23 14.49 0 493.19 491.88 0 322.46 491.27
26 2 0 293.75 468.74 0 22.51 20.01
27 5 0 22.41 13.72 0 551.26 514.48 0 282.51 459.49 0 122.39 286.12 0 358.68 149.09
28 2 0 288.78 456.27 0 37.18 16.25
29 4 0 276.23 453.67 0 32.49 14.77 0 610.00 458.81 0 290.12 458.99
30 3 0 273.76 456.25 0 41.24 21.27 0 513.69 583.66
31 4 0 52.32 17.50 0 277.49 449.98 0 613.76 453.80 0 521.26 579.68
32 4 0 51.28 12.05 0 267.48 439.96 0 513.75 573.76 0 433.88 174.03
33 3 0 60.29 12.40 0 267.55 437.51 0 603.76 441.29
34 4 0 66.26 21.27 0 266.24 442.39 0 18.93 13.56 0 357.49 30.02
35 6 0 66.25 22.17 0 530.01 470.01 0 253.77 438.78 0 256.24 438.80 0 172.99 59.98 0 593.77 442.50
36 4 0 253.74 428.67 0 73.68 13.77 0 604.09 18.71 0 515.05 573.76
37 5 0 83.75 18.74 0 253.75 431.24 0 517.49 490.00 0 141.62 366.26 0 101.70 561.75
38 4 0 85.20 13.73 0 246.24 421.23 0 590.00 421.01 0 281.67 372.38
39 2 0 92.51 22.47 0 245.07 426.77
40 3 0 96.42 23.50 0 241.25 423.74 0 523.81 86.07
41 4 0 93.76 21.27 0 228.97 418.75 0 576.22 416.30 0 574.25 416.27
42 2 0 108.66 19.27 0 235.43 413.48
43 5 0 104.78 22.60 0 568.73 408.89 0 16.37 31.15 0 361.22 4.35 0 553.70 518.73
44 3 0 573.77 398.76 0 117.51 17.21 0 225.88 403.64
45 7 0 113.75 21.25 0 561.26 397.50 0 213.51 403.91 0 237.53 413.74 0 509.96 578.99 0 351.10 266.14 0 555.00 529.99
46 3 0 121.26 23.76 0 210.00 405.03 0 558.72 397.51
47 2 0 133.74 23.75 0 216.27 401.25
48 5 0 130.01 21.24 0 201.29 395.01 0 554.96 387.52 0 509.99 578.98 0 517.48 570.03
49 5 0 138.76 17.52 0 201.28 386.27 0 431.18 173.67 0 556.26 511.22 0 405.28 524.63
50 5 0 556.24 378.77 0 204.43 387.86 0 149.66 23.23 0 70.01 477.52 0 115.01 325.02
