0 0
1 0
2 0
3 0
4 0
5 0
6 0
7 0
8 1 0 331.63 514.52
9 0
10 0
11 0
12 0
13 0
14 0
15 0
16 0
17 0
18 1 0 242.85 396.55
19 0
20 1 0 245.29 395.53
21 0
22 0
23 0
24 0
25 0
26 0
27 1 0 349.18 466.96
28 0
29 0
30 0
31 0
32 0
33 1 0 354.71 451.62
34 1 0 268.89 387.27
35 0
36 1 0 357.05 444.03
37 0
38 0
39 0
40 1 0 236.21 339.05
41 0
42 0
43 0
44 0
45 0
46 0
47 0
48 1 0 291.09 380.70
49 1 0 293.02 379.29
50 0
51 0
52 0
53 0
54 0
55 0
56 0
57 0
58 0
59 0
60 0
61 1 0 380.29 379.33
62 0
63 1 0 314.89 371.63
64 1 0 316.91 371.64
65 0
66 0
67 0
68 0
69 0
70 0
71 0
72 0
73 0
74 0
75 0
76 0
77 0
78 1 0 338.84 364.87
79 2 0 340.96 364.64 0 397.18 331.77
80 0
81 0
82 0
83 0
84 0
85 1 0 403.00 315.71
86 0
87 1 0 290.89 260.69
88 2 0 405.30 307.64 0 291.37 259.38
89 0
90 0
91 0
92 0
93 0
94 1 0 411.11 291.86
95 0
96 0
97 1 0 413.20 283.83
98 1 0 371.40 355.20
99 0
100 0
101 0
102 0
103 2 0 412.51 315.40 0 418.87 267.53
104 0
105 0
106 0
107 0
108 0
109 0
110 0
111 0
112 1 0 427.35 243.05
113 0
114 0
115 0
116 0
117 0
118 0
119 0
120 0
121 0
122 0
123 0
124 0
125 0
126 0
127 0
128 0
129 0
130 0
131 0
132 1 0 426.76 339.96
133 0
134 1 0 429.37 339.60
135 0
136 0
137 1 0 348.81 179.64
138 0
139 0
140 0
141 0
142 0
143 0
144 0
145 0
146 1 0 458.85 147.91
147 0
148 0
149 1 0 461.23 139.33
150 0
151 0
152 1 0 450.81 333.39
153 1 0 451.59 333.18
154 1 0 452.80 333.18
155 0
156 0
157 1 0 458.96 331.56
158 1 0 459.60 331.39
159 0
160 0
161 0
162 1 0 467.76 329.85
163 0
164 0
165 0
166 0
167 0
168 0
