1 0
2 4 0 611.16 521.24 0 216.25 16.26 0 433.82 36.25 0 215.00 15.05
3 5 0 436.24 36.26 0 611.24 517.51 0 532.51 522.51 0 218.75 16.26 0 191.19 496.26
4 7 0 436.10 38.75 0 529.99 522.51 0 129.99 277.50 0 191.25 496.25 0 218.75 17.48 0 608.75 516.26 0 606.24 516.27
5 7 0 436.25 43.76 0 196.55 500.25 0 219.80 23.74 0 531.15 525.01 0 608.75 519.01 0 133.78 281.23 0 135.91 281.24
6 5 0 196.26 501.25 0 218.74 27.27 0 434.41 46.25 0 603.76 518.75 0 136.27 281.26
7 7 0 140.00 275.05 0 603.76 513.78 0 436.24 43.81 0 201.25 496.28 0 221.25 26.28 0 147.65 43.76 0 200.04 495.08
8 6 0 198.62 498.75 0 429.96 48.76 0 597.50 515.03 0 522.51 515.00 0 217.56 31.23 0 136.73 277.62
9 7 0 596.25 516.25 0 431.23 52.52 0 202.51 500.01 0 218.77 33.81 0 524.99 515.02 0 141.25 278.75 0 411.33 109.99
10 9 0 221.25 36.24 0 625.78 290.05 0 597.50 515.01 0 146.25 278.75 0 432.84 54.98 0 206.24 498.75 0 221.24 593.67 0 549.62 507.49 0 113.81 266.82
11 8 0 624.99 287.47 0 210.00 498.76 0 222.51 38.75 0 150.00 275.02 0 432.50 56.27 0 523.62 511.18 0 596.25 513.75 0 596.26 511.23
12 7 0 617.51 286.24 0 427.53 58.75 0 208.75 498.75 0 588.74 511.24 0 147.49 276.40 0 217.51 41.25 0 517.53 507.51
13 6 0 616.30 282.49 0 427.49 57.50 0 587.50 507.53 0 211.26 496.25 0 218.75 39.96 0 151.25 271.25
14 7 0 616.24 285.02 0 154.98 276.24 0 427.52 63.74 0 586.26 511.24 0 221.24 46.24 0 216.26 500.16 0 517.50 507.52
15 8 0 616.24 282.49 0 587.49 508.72 0 428.74 63.73 0 222.68 48.75 0 221.22 498.75 0 429.94 65.00 0 518.20 501.22 0 158.74 273.73
16 8 0 610.03 278.76 0 423.74 63.74 0 218.76 496.24 0 157.49 271.24 0 218.75 46.27 0 581.25 506.24 0 424.98 64.98 0 218.74 48.37
17 8 0 612.50 279.98 0 427.99 68.72 0 223.71 53.75 0 582.10 506.28 0 516.10 497.17 0 223.76 498.75 0 225.63 498.75 0 163.75 271.24
18 7 0 610.02 278.60 0 427.50 70.87 0 223.74 53.88 0 166.25 271.23 0 226.32 497.71 0 581.34 506.27 0 581.26 504.43
19 6 0 607.52 277.47 0 223.74 56.32 0 170.00 269.97 0 427.49 72.48 0 578.75 503.74 0 230.42 496.30
20 6 0 602.25 273.75 0 221.25 58.77 0 573.20 501.22 0 422.50 73.78 0 228.74 493.75 0 168.76 267.50
21 9 0 602.50 277.49 0 172.50 269.98 0 223.74 63.75 0 423.74 78.99 0 571.25 503.75 0 509.98 491.40 0 233.72 501.04 0 424.98 80.02 0 231.26 501.23
22 7 0 423.74 81.27 0 601.18 275.01 0 236.21 498.76 0 571.01 503.74 0 223.73 66.30 0 509.98 490.01 0 173.73 270.01
23 7 0 423.74 83.74 0 599.87 273.75 0 568.76 501.25 0 223.75 68.74 0 238.72 498.76 0 176.81 268.74 0 507.50 485.01
24 6 0 592.50 271.05 0 418.75 83.76 0 563.75 500.00 0 221.25 69.89 0 237.50 498.57 0 176.30 266.36
25 8 0 592.49 267.50 0 242.30 493.77 0 419.97 83.76 0 223.74 70.13 0 623.74 254.49 0 563.75 496.24 0 181.25 263.73 0 503.73 476.26
26 9 0 593.75 267.47 0 623.73 256.30 0 421.25 87.52 0 563.73 496.25 0 247.38 496.27 0 226.12 73.76 0 186.25 263.74 0 501.25 477.51 0 186.25 266.27
27 10 0 587.38 267.50 0 621.25 488.77 0 221.24 77.50 0 616.26 256.26 0 243.75 496.76 0 556.24 496.25 0 416.26 91.24 0 183.73 266.25 0 498.76 477.49 0 183.73 263.80
28 10 0 587.51 267.49 0 190.00 267.49 0 249.36 498.70 0 617.46 258.75 0 223.74 81.28 0 622.42 490.03 0 500.00 476.15 0 417.56 94.81 0 557.50 498.75 0 261.24 578.75
29 8 0 582.51 265.01 0 221.25 83.74 0 611.30 256.26 0 618.75 486.26 0 251.21 496.33 0 413.74 96.26 0 187.51 263.73 0 553.79 496.25
30 10 0 226.51 83.77 0 585.00 262.49 0 621.24 483.76 0 613.75 253.75 0 418.76 97.49 0 553.73 493.01 0 256.26 496.26 0 498.80 469.44 0 196.25 263.63 0 614.98 255.01
31 9 0 581.24 264.07 0 609.00 256.26 0 256.26 498.75 0 551.23 493.76 0 223.75 88.77 0 416.28 101.29 0 617.43 483.73 0 493.72 471.25 0 196.26 263.73
32 9 0 578.75 262.50 0 413.74 103.74 0 258.62 498.75 0 492.51 470.01 0 548.74 493.75 0 223.74 91.26 0 197.85 263.74 0 606.22 256.27 0 616.26 483.74
33 9 0 575.07 261.21 0 223.74 93.74 0 602.66 254.98 0 259.60 497.49 0 412.47 105.01 0 611.25 481.26 0 198.24 263.73 0 543.74 493.73 0 489.09 467.44
34 9 0 572.52 259.98 0 411.25 106.28 0 608.77 478.78 0 600.02 253.73 0 261.26 497.49 0 223.74 96.01 0 541.26 491.24 0 201.25 261.25 0 486.30 463.74
35 10 0 611.29 476.24 0 601.29 252.82 0 575.02 257.50 0 268.75 496.25 0 415.01 108.74 0 543.73 489.31 0 228.72 98.72 0 208.75 261.24 0 490.23 463.73 0 490.24 466.27
36 8 0 572.49 254.50 0 413.74 108.75 0 598.70 248.72 0 541.25 486.23 0 269.83 493.57 0 227.46 98.76 0 609.23 471.25 0 208.75 256.29
37 8 0 570.76 252.52 0 413.74 111.25 0 596.23 248.72 0 226.24 101.27 0 608.78 469.99 0 538.74 486.26 0 273.64 493.76 0 211.26 258.76
38 8 0 564.97 252.50 0 590.11 248.75 0 603.76 468.74 0 532.50 485.01 0 271.22 493.75 0 223.75 103.74 0 408.77 113.74 0 210.00 256.27
39 8 0 411.27 116.27 0 567.41 252.51 0 591.23 248.73 0 606.22 468.75 0 227.49 107.51 0 533.75 486.26 0 278.72 496.29 0 216.25 257.73
40 9 0 562.48 248.50 0 587.49 246.25 0 601.26 463.76 0 408.74 116.25 0 278.72 492.50 0 530.11 481.26 0 226.24 107.08 0 216.29 253.77 0 477.50 450.00
41 8 0 562.46 251.42 0 409.74 122.53 0 601.26 466.26 0 586.24 250.10 0 228.75 113.78 0 528.80 484.31 0 282.04 497.02 0 221.25 256.27
42 9 0 557.49 250.04 0 406.23 125.01 0 227.49 115.00 0 526.24 483.75 0 581.26 250.09 0 283.70 498.59 0 476.25 450.12 0 598.73 466.25 0 221.24 256.26
43 9 0 406.25 122.86 0 554.97 245.06 0 578.75 245.03 0 596.23 458.76 0 227.29 113.74 0 523.76 478.67 0 285.05 492.52 0 223.73 251.23 0 474.98 445.00
44 8 0 554.85 248.77 0 406.25 131.26 0 577.51 249.98 0 228.72 121.27 0 522.50 482.49 0 288.74 496.27 0 595.74 462.62 0 226.94 256.49
45 8 0 552.47 247.53 0 404.90 132.52 0 227.50 125.00 0 291.24 497.51 0 573.90 248.79 0 593.75 461.24 0 518.76 481.27 0 229.42 256.38
46 10 0 547.58 245.03 0 402.49 133.74 0 226.26 126.27 0 291.24 496.26 0 516.24 478.75 0 571.28 246.63 0 589.99 458.75 0 467.49 444.97 0 450.01 230.01 0 228.80 253.73
47 9 0 226.25 126.25 0 545.10 242.48 0 567.49 245.02 0 400.84 133.42 0 292.70 494.77 0 513.76 476.76 0 231.08 252.50 0 586.26 453.77 0 587.38 455.04
48 9 0 226.38 131.25 0 566.29 246.10 0 511.23 478.74 0 543.58 242.57 0 586.24 454.94 0 401.27 137.50 0 233.86 253.72 0 296.26 496.26 0 295.00 495.03
49 12 0 401.26 136.25 0 228.73 128.76 0 300.07 491.23 0 564.99 241.29 0 543.67 237.19 0 238.71 248.76 0 509.95 471.26 0 274.99 475.01 0 308.27 557.96 0 586.25 448.75 0 586.26 446.58 0 463.51 436.26
50 9 0 403.76 141.26 0 565.24 243.75 0 231.23 133.76 0 544.95 238.00 0 587.50 448.87 0 511.26 473.74 0 306.20 493.76 0 303.87 493.78 0 242.49 250.02
