1 0
2 0
3 2 0 143.74 146.23 0 53.76 113.74
4 2 0 56.24 113.75 0 146.21 146.26
5 4 0 56.24 113.76 0 146.24 148.58 0 144.97 147.49 0 543.74 62.55
6 3 0 146.24 148.76 0 144.97 147.93 0 57.16 113.76
7 4 0 146.25 148.73 0 58.74 113.77 0 516.25 621.82 0 543.76 63.46
8 4 0 148.23 148.76 0 58.76 114.51 0 516.26 621.27 0 541.25 63.74
9 4 0 148.74 151.20 0 59.99 115.01 0 516.22 621.05 0 541.23 66.30
10 4 0 149.99 150.01 0 28.75 16.26 0 61.24 115.01 0 516.25 619.87
11 6 0 150.07 151.25 0 516.24 618.76 0 28.74 17.46 0 540.00 67.49 0 61.31 116.24 0 463.72 623.76
12 6 0 540.00 67.52 0 28.74 18.74 0 151.23 151.24 0 63.73 116.24 0 463.72 621.26 0 516.27 617.87
13 7 0 28.88 18.75 0 539.99 67.52 0 515.01 616.26 0 63.74 116.24 0 463.72 621.25 0 152.51 153.74 0 151.32 152.41
14 7 0 28.71 21.26 0 66.25 116.25 0 152.50 153.74 0 538.79 68.80 0 513.84 613.75 0 463.58 621.16 0 514.98 615.91
15 6 0 153.76 153.76 0 66.30 117.50 0 30.23 21.25 0 538.80 69.91 0 515.01 613.77 0 463.73 618.74
16 6 0 67.49 117.51 0 153.75 154.94 0 30.03 23.71 0 513.73 612.51 0 536.29 71.20 0 463.75 618.75
17 6 0 155.00 154.97 0 68.76 117.51 0 515.01 612.50 0 29.99 23.74 0 536.27 71.22 0 463.72 616.26
18 7 0 156.25 156.25 0 515.00 610.00 0 69.99 118.77 0 463.74 616.26 0 30.59 26.24 0 536.27 71.25 0 30.63 23.85
19 7 0 157.48 156.26 0 515.00 609.99 0 31.20 26.28 0 71.23 118.76 0 536.26 73.77 0 404.99 67.49 0 463.19 613.75
20 6 0 157.47 157.51 0 71.24 118.74 0 29.98 27.12 0 513.75 608.76 0 536.26 73.77 0 463.74 613.75
21 6 0 158.73 157.52 0 29.99 28.72 0 513.74 606.26 0 71.24 118.77 0 536.26 74.18 0 463.63 612.49
22 6 0 30.00 29.97 0 515.00 605.01 0 532.50 75.02 0 158.74 158.75 0 463.73 611.25 0 73.77 118.76
23 7 0 161.24 158.75 0 514.99 605.01 0 31.21 31.27 0 532.57 76.52 0 463.74 611.25 0 73.76 118.76 0 73.73 120.56
24 6 0 30.87 31.25 0 514.97 603.75 0 161.24 161.26 0 532.57 77.51 0 463.74 608.76 0 76.27 121.25
25 6 0 513.75 603.77 0 30.00 33.71 0 532.52 77.52 0 76.25 121.26 0 162.52 161.24 0 463.74 608.76
26 6 0 163.75 161.26 0 29.99 33.78 0 532.52 77.51 0 77.53 121.27 0 513.74 602.51 0 463.73 606.25
27 6 0 163.76 161.32 0 31.25 35.01 0 78.72 122.53 0 463.73 606.26 0 513.73 601.27 0 532.43 78.80
28 6 0 431.20 622.49 0 31.24 36.23 0 165.01 162.49 0 78.72 121.30 0 463.68 605.06 0 513.77 598.75
29 6 0 431.21 621.25 0 166.22 163.13 0 31.22 36.27 0 81.26 122.51 0 463.71 605.01 0 513.77 598.78
30 6 0 431.19 620.02 0 31.21 38.76 0 166.24 163.76 0 81.26 122.52 0 513.76 597.48 0 463.74 603.75
31 6 0 430.13 618.75 0 31.22 38.75 0 82.49 122.53 0 463.73 601.26 0 166.24 164.94 0 510.03 597.12
32 8 0 430.19 617.50 0 82.51 122.50 0 31.25 41.25 0 168.75 165.00 0 515.00 595.01 0 463.74 601.25 0 528.79 84.98 0 29.95 40.00
33 6 0 431.12 616.27 0 31.23 41.27 0 85.00 124.88 0 168.77 166.26 0 514.99 594.98 0 529.54 85.01
34 7 0 429.99 614.96 0 31.23 43.62 0 85.00 124.87 0 170.01 165.02 0 525.61 85.01 0 463.61 598.76 0 513.71 593.75
35 7 0 429.99 613.85 0 31.23 43.75 0 171.26 166.27 0 525.00 85.02 0 513.76 591.24 0 463.75 597.48 0 86.24 123.81
36 6 0 429.97 613.73 0 31.23 45.00 0 463.74 596.24 0 171.62 168.77 0 88.76 125.36 0 511.24 589.81
37 6 0 429.98 612.49 0 31.24 46.26 0 88.75 125.01 0 173.74 168.75 0 463.69 595.01 0 511.23 588.87
38 7 0 429.97 611.25 0 173.74 168.75 0 30.00 46.81 0 511.25 588.70 0 462.42 593.75 0 524.99 90.00 0 90.02 126.25
39 7 0 429.98 610.01 0 31.23 48.75 0 524.99 89.99 0 173.73 170.03 0 511.24 588.75 0 463.74 593.75 0 90.66 126.24
40 7 0 429.97 608.75 0 31.23 48.77 0 522.77 90.01 0 92.50 126.24 0 176.28 170.15 0 174.95 170.95 0 463.71 591.24
41 8 0 31.22 51.25 0 176.25 171.18 0 429.96 607.50 0 522.51 90.03 0 509.99 586.24 0 282.54 107.51 0 93.60 126.24 0 463.73 591.25
42 7 0 428.76 606.23 0 31.24 51.28 0 177.28 171.25 0 522.52 92.51 0 93.75 126.24 0 511.25 583.75 0 463.66 590.00
43 7 0 428.77 605.31 0 31.24 52.50 0 178.41 171.30 0 522.50 92.50 0 511.25 583.74 0 463.01 588.73 0 93.75 128.75
44 7 0 429.94 603.76 0 178.74 172.51 0 31.24 53.75 0 96.25 128.76 0 521.26 93.75 0 463.74 587.54 0 511.23 582.22
45 7 0 428.75 603.75 0 179.99 172.50 0 31.25 54.71 0 511.24 581.26 0 461.23 587.48 0 96.28 128.74 0 521.24 96.22
46 6 0 428.73 602.37 0 181.25 173.74 0 31.25 56.25 0 98.74 128.76 0 461.23 586.28 0 511.23 580.03
47 6 0 428.75 601.25 0 181.26 173.74 0 98.75 128.78 0 31.23 56.90 0 511.26 578.77 0 461.24 583.74
48 7 0 31.24 58.75 0 428.75 599.61 0 99.99 129.98 0 181.55 174.77 0 511.24 578.74 0 463.74 583.75 0 518.75 98.76
49 8 0 428.75 598.75 0 183.72 176.09 0 101.25 130.00 0 32.07 58.75 0 518.74 98.76 0 463.73 581.27 0 511.25 576.29 0 513.69 576.28
50 7 0 428.77 597.49 0 31.23 61.25 0 184.03 176.24 0 517.50 100.01 0 511.23 576.29 0 462.99 581.26 0 103.62 130.07
