1 0
2 1 0 426.25 538.74
3 0
4 1 0 495.00 225.31
5 2 0 423.74 533.75 0 497.61 222.06
6 2 0 496.35 226.24 0 422.47 536.26
7 2 0 493.75 226.28 0 418.75 536.25
8 3 0 416.26 533.73 0 491.24 225.99 0 491.26 223.82
9 2 0 492.51 227.50 0 417.54 536.27
10 3 0 491.25 226.24 0 413.76 533.75 0 415.04 534.99
11 5 0 493.75 228.75 0 417.56 536.24 0 623.77 18.76 0 625.56 18.77 0 153.75 338.74
12 4 0 489.97 230.79 0 620.83 20.15 0 413.75 535.65 0 147.50 337.61
13 3 0 413.70 531.24 0 489.89 226.43 0 618.76 16.51
14 5 0 488.76 231.23 0 411.25 536.27 0 147.53 332.52 0 618.74 21.27 0 487.48 232.52
15 4 0 413.74 533.75 0 491.24 232.49 0 621.25 21.24 0 153.72 333.78
16 3 0 410.00 530.00 0 487.49 229.99 0 616.25 18.76
17 5 0 486.23 231.21 0 407.86 529.98 0 613.75 18.75 0 616.22 18.76 0 148.76 328.74
18 5 0 406.25 531.26 0 483.77 233.76 0 612.51 21.24 0 149.96 330.02 0 485.00 232.46
19 5 0 488.75 234.99 0 409.48 532.51 0 616.90 22.05 0 153.74 329.21 0 151.26 329.09
20 3 0 406.23 528.77 0 612.49 20.01 0 484.98 233.27
21 5 0 483.75 233.77 0 403.76 528.75 0 612.52 19.99 0 148.82 322.52 0 473.79 618.94
22 4 0 402.50 532.16 0 482.40 238.75 0 608.78 26.27 0 608.78 23.74
23 5 0 486.25 238.32 0 405.01 531.24 0 613.75 23.74 0 477.50 620.02 0 150.01 323.69
24 4 0 610.01 26.23 0 402.50 533.77 0 483.75 241.25 0 475.03 620.02
25 4 0 483.75 241.26 0 401.25 531.26 0 609.99 26.27 0 476.23 618.76
26 4 0 483.76 238.75 0 401.25 528.76 0 608.76 23.75 0 476.24 613.72
27 5 0 478.73 238.75 0 603.87 23.75 0 396.64 528.19 0 471.23 612.51 0 150.00 317.50
28 5 0 483.73 241.27 0 475.01 612.51 0 608.75 26.28 0 401.26 528.83 0 399.99 529.97
29 4 0 396.26 526.26 0 478.72 241.02 0 473.94 610.01 0 603.73 23.74
30 6 0 393.75 531.25 0 478.69 245.30 0 603.53 29.01 0 471.24 613.55 0 151.24 316.79 0 473.70 613.48
31 5 0 476.22 245.08 0 392.52 530.02 0 601.26 28.81 0 469.98 612.49 0 412.51 77.51
32 6 0 476.24 242.53 0 601.25 26.26 0 392.49 526.27 0 149.98 309.98 0 471.24 606.26 0 473.72 606.19
33 5 0 601.27 31.25 0 476.26 248.76 0 392.56 530.01 0 473.73 609.78 0 155.00 314.99
34 5 0 476.25 244.98 0 391.25 526.25 0 601.25 26.35 0 475.01 603.13 0 155.26 309.99
35 6 0 388.71 528.77 0 597.50 31.25 0 472.75 248.73 0 387.56 527.51 0 473.81 605.01 0 470.90 604.54
36 3 0 388.74 524.64 0 473.74 246.27 0 597.48 28.76
37 5 0 594.99 30.02 0 386.25 526.25 0 472.60 248.73 0 13.72 21.35 0 468.69 618.87
38 4 0 388.73 528.75 0 473.75 252.51 0 597.48 34.35 0 477.51 603.78
39 4 0 386.26 523.75 0 594.99 30.01 0 473.75 248.74 0 472.48 247.48
40 4 0 595.00 35.01 0 473.75 253.75 0 386.26 528.74 0 157.48 307.51
41 3 0 594.99 35.01 0 472.52 254.94 0 385.82 528.74
42 4 0 593.75 35.14 0 472.54 255.90 0 385.00 527.61 0 383.91 528.49
43 3 0 383.73 523.75 0 472.50 252.50 0 591.27 33.77
44 3 0 378.74 526.25 0 587.49 35.02 0 467.50 254.91
45 4 0 469.99 258.74 0 589.66 37.51 0 379.97 527.51 0 157.52 300.04
46 3 0 376.26 523.75 0 466.25 256.25 0 586.25 36.24
47 4 0 378.75 521.26 0 588.74 33.84 0 467.57 254.95 0 161.26 296.22
48 5 0 465.12 256.24 0 376.22 522.48 0 157.49 292.49 0 583.77 36.10 0 586.06 36.19
49 3 0 373.75 523.76 0 463.73 258.77 0 583.52 38.78
50 4 0 376.25 522.49 0 466.78 258.76 0 162.51 292.51 0 586.25 36.23
