1 0
2 4 0 462.48 581.27 0 291.24 524.98 0 357.47 35.03 0 34.98 612.52
3 4 0 465.05 571.74 0 294.99 515.00 0 613.64 67.51 0 362.54 28.73
4 5 0 293.75 522.51 0 465.01 580.02 0 362.51 38.72 0 50.26 410.64 0 476.21 562.51
5 5 0 460.02 570.01 0 291.26 511.25 0 358.76 28.74 0 550.01 306.29 0 372.49 43.72
6 3 0 458.74 578.76 0 358.74 41.25 0 290.12 521.23
7 7 0 462.51 573.77 0 363.66 35.01 0 101.26 621.27 0 295.02 512.86 0 73.80 546.25 0 342.10 637.05 0 48.79 606.25
8 4 0 458.75 569.97 0 291.25 508.68 0 100.01 616.25 0 46.20 601.82
9 8 0 451.26 573.73 0 283.75 511.24 0 41.25 606.25 0 96.26 618.76 0 549.97 597.49 0 353.72 38.76 0 442.49 283.74 0 63.72 546.41
10 7 0 96.26 621.26 0 11.26 388.80 0 353.75 43.71 0 450.03 576.25 0 283.77 511.24 0 458.58 334.16 0 42.51 608.73
11 8 0 21.25 388.74 0 361.26 45.01 0 106.26 620.94 0 457.51 575.43 0 75.00 549.99 0 293.74 511.27 0 292.54 512.52 0 52.49 608.78
12 6 0 456.41 572.51 0 292.51 507.39 0 108.69 616.26 0 361.25 43.75 0 23.74 386.23 0 53.52 603.77
13 8 0 108.73 616.27 0 293.75 506.30 0 361.26 46.26 0 456.28 573.75 0 23.74 383.99 0 56.27 605.02 0 24.99 385.04 0 241.00 418.39
14 6 0 443.76 570.85 0 281.25 503.74 0 101.24 613.76 0 48.74 601.27 0 13.73 382.50 0 351.27 43.73
15 9 0 453.75 571.26 0 111.25 615.04 0 75.02 547.52 0 58.76 603.76 0 291.26 503.74 0 26.25 383.88 0 452.36 284.20 0 361.28 48.75 0 24.95 385.01
16 6 0 443.74 566.26 0 18.76 378.75 0 351.22 43.84 0 283.76 498.74 0 52.50 597.50 0 103.75 608.76
17 8 0 445.01 564.99 0 286.25 496.26 0 23.74 377.42 0 354.99 45.00 0 285.58 495.01 0 108.77 606.23 0 210.02 46.26 0 70.83 541.22
18 6 0 448.74 571.29 0 113.76 613.75 0 291.24 501.24 0 29.92 381.79 0 358.73 53.27 0 63.72 603.77
19 6 0 446.10 565.08 0 113.74 606.25 0 28.75 376.26 0 356.22 48.75 0 61.26 596.27 0 287.72 493.75
20 8 0 446.23 568.73 0 117.31 608.74 0 288.77 496.28 0 32.27 381.25 0 358.02 53.74 0 562.51 620.02 0 74.98 547.50 0 66.30 601.27
21 8 0 113.74 603.76 0 28.74 372.71 0 283.76 490.05 0 441.26 563.77 0 351.25 51.27 0 557.50 612.73 0 71.22 541.50 0 62.60 595.02
22 8 0 435.02 566.26 0 278.73 491.24 0 109.99 606.25 0 11.30 606.19 0 23.74 376.25 0 346.25 53.75 0 59.93 597.50 0 266.26 81.28
23 7 0 438.71 572.54 0 116.26 611.27 0 351.23 63.74 0 31.26 381.27 0 283.76 497.51 0 18.74 611.29 0 70.11 551.29
24 7 0 433.75 571.25 0 16.25 609.99 0 115.09 610.84 0 28.74 381.24 0 348.75 63.74 0 281.26 493.73 0 555.00 620.00
25 11 0 431.24 570.02 0 113.73 608.76 0 277.58 492.49 0 29.99 378.76 0 346.27 63.56 0 66.04 550.13 0 16.26 608.75 0 126.25 61.22 0 14.79 607.49 0 345.02 62.58 0 553.29 618.39
26 8 0 436.24 561.31 0 283.75 483.77 0 36.24 370.92 0 121.28 598.80 0 353.77 56.26 0 561.24 608.74 0 351.33 56.27 0 23.73 601.21
27 10 0 433.76 561.27 0 36.26 368.76 0 283.74 481.24 0 121.25 598.74 0 351.23 58.74 0 21.24 597.51 0 558.62 606.28 0 73.76 591.25 0 557.23 607.87 0 596.23 193.69
28 10 0 435.00 562.49 0 284.99 482.52 0 41.26 370.50 0 26.25 598.75 0 443.77 621.23 0 123.84 600.71 0 353.74 61.28 0 561.26 606.26 0 51.02 433.63 0 386.25 277.28
29 9 0 433.81 562.48 0 443.76 618.75 0 126.25 598.73 0 284.33 481.23 0 42.51 369.98 0 27.49 597.62 0 77.51 594.63 0 73.73 543.73 0 451.49 281.45
30 9 0 433.74 563.76 0 283.73 481.24 0 45.07 370.00 0 444.97 619.58 0 29.96 598.72 0 128.73 601.24 0 451.24 282.47 0 76.24 546.26 0 116.17 597.71
31 11 0 427.40 558.75 0 278.75 476.27 0 438.73 613.74 0 123.76 595.09 0 40.01 365.93 0 556.28 602.53 0 23.73 593.72 0 553.75 306.26 0 69.97 541.23 0 25.47 593.76 0 364.34 9.75
32 9 0 437.49 622.49 0 277.51 483.77 0 39.96 375.00 0 424.11 568.77 0 123.77 603.76 0 424.96 567.55 0 23.72 601.33 0 68.64 551.26 0 549.03 318.62
33 8 0 441.27 621.27 0 128.76 601.27 0 45.00 373.54 0 427.50 567.43 0 281.26 482.46 0 348.77 75.02 0 557.49 604.95 0 30.00 601.26
34 11 0 418.77 562.55 0 122.58 596.26 0 23.73 593.83 0 273.73 476.29 0 433.74 614.88 0 38.72 368.76 0 441.25 283.74 0 272.46 477.42 0 338.75 611.25 0 37.64 367.54 0 551.25 601.26
35 10 0 421.26 567.39 0 437.45 618.75 0 42.50 372.60 0 276.26 481.29 0 128.76 601.23 0 608.75 26.19 0 27.31 598.76 0 608.78 23.81 0 26.54 601.26 0 445.68 288.75
36 10 0 278.74 468.77 0 131.24 590.70 0 422.49 556.28 0 46.27 362.51 0 348.75 70.00 0 85.00 588.63 0 557.49 593.77 0 258.75 21.19 0 438.75 607.86 0 31.26 588.75
37 16 0 422.36 566.22 0 133.75 598.76 0 558.66 602.48 0 278.73 477.51 0 48.67 371.76 0 132.95 599.97 0 33.76 596.25 0 413.75 313.79 0 260.07 31.31 0 439.96 616.20 0 448.78 286.32 0 86.14 597.49 0 236.16 421.19 0 448.74 288.73 0 71.38 551.23 0 72.82 552.57
38 10 0 434.99 613.75 0 29.98 595.01 0 273.75 473.92 0 128.76 598.63 0 82.51 596.24 0 44.80 368.76 0 341.26 81.26 0 415.00 565.00 0 553.76 601.25 0 253.75 33.77
39 12 0 34.98 595.01 0 346.25 83.76 0 52.49 369.99 0 90.01 595.01 0 278.74 473.75 0 136.26 598.59 0 419.99 566.04 0 438.75 613.75 0 261.08 35.04 0 558.72 601.23 0 541.27 78.74 0 219.99 117.48
40 9 0 51.26 368.75 0 438.72 611.26 0 416.25 566.23 0 276.27 473.77 0 35.01 593.85 0 136.27 597.44 0 259.87 37.49 0 89.99 597.50 0 343.73 83.75
41 10 0 412.00 556.25 0 433.76 601.26 0 133.74 586.22 0 51.27 358.76 0 273.75 463.72 0 256.26 28.86 0 33.73 583.74 0 88.76 588.11 0 31.21 583.73 0 67.39 542.24
42 11 0 431.26 604.99 0 408.76 558.75 0 48.76 363.75 0 132.48 589.92 0 31.25 587.43 0 338.75 83.74 0 252.49 34.99 0 271.17 466.31 0 407.53 559.99 0 271.26 463.95 0 366.25 51.08
43 10 0 133.75 593.75 0 51.24 366.24 0 407.48 562.48 0 269.99 467.47 0 432.93 606.25 0 89.96 594.36 0 33.77 588.75 0 551.25 593.76 0 338.75 86.25 0 253.74 38.77
44 12 0 406.25 561.26 0 431.23 603.77 0 51.25 363.64 0 133.75 591.10 0 336.27 86.25 0 33.75 586.22 0 551.23 590.79 0 89.38 591.24 0 271.23 466.26 0 271.21 463.88 0 253.77 38.75 0 135.06 590.28
45 11 0 408.75 562.54 0 433.99 606.26 0 37.47 589.98 0 56.26 366.24 0 273.77 466.27 0 341.24 91.26 0 138.76 592.76 0 258.76 43.77 0 554.99 591.24 0 93.75 593.74 0 555.10 592.53
46 9 0 141.25 581.23 0 435.78 594.90 0 407.48 552.46 0 57.50 356.04 0 38.73 578.76 0 69.73 541.23 0 258.75 34.99 0 273.76 453.73 0 96.25 583.75
47 8 0 411.25 553.79 0 438.74 593.75 0 146.24 581.26 0 261.24 38.73 0 276.35 453.75 0 62.51 356.19 0 101.25 583.74 0 45.00 578.74
48 11 0 404.75 561.93 0 58.74 363.73 0 433.76 601.26 0 98.78 590.74 0 141.26 588.85 0 338.80 93.75 0 271.23 461.22 0 273.02 461.23 0 338.80 96.22 0 256.28 48.73 0 69.65 551.21
49 10 0 431.24 593.77 0 400.01 554.99 0 138.76 581.24 0 550.01 580.03 0 268.73 453.75 0 56.31 357.02 0 96.25 586.28 0 37.51 578.74 0 333.76 90.00 0 253.68 42.51
50 9 0 436.26 598.75 0 402.49 561.26 0 258.76 51.26 0 146.25 587.49 0 63.74 362.28 0 338.75 98.78 0 273.76 458.76 0 43.78 583.75 0 103.72 589.89
