1 0
2 2 0 33.74 366.27 0 488.78 208.76
3 3 0 36.26 365.01 0 488.76 210.17 0 487.46 209.31
4 2 0 38.75 363.76 0 486.23 212.38
5 2 0 41.25 363.82 0 484.07 213.79
6 2 0 43.74 363.77 0 481.26 213.99
7 2 0 46.25 363.76 0 481.25 216.25
8 2 0 48.75 363.76 0 478.70 218.75
9 3 0 51.25 363.75 0 476.25 218.76 0 314.97 581.23
10 3 0 52.68 363.77 0 473.74 221.25 0 317.39 582.18
11 2 0 56.25 363.75 0 473.75 221.23
12 3 0 58.74 363.75 0 471.24 223.73 0 321.81 582.03
13 4 0 61.24 362.49 0 323.89 582.04 0 468.76 226.14 0 468.76 223.78
14 2 0 63.72 363.37 0 466.36 226.28
15 3 0 65.96 362.40 0 463.99 228.64 0 330.34 582.99
16 3 0 68.64 361.25 0 463.71 228.75 0 333.76 583.75
17 5 0 71.23 361.26 0 461.25 229.99 0 333.68 582.38 0 18.73 133.76 0 18.78 136.24
18 4 0 73.75 361.27 0 20.01 138.77 0 337.66 582.78 0 458.75 231.25
19 5 0 75.01 361.24 0 456.26 233.77 0 341.25 583.74 0 21.29 138.77 0 174.54 613.44
20 5 0 77.53 361.27 0 456.27 235.01 0 23.73 139.09 0 343.53 583.75 0 342.54 584.94
21 7 0 16.25 503.75 0 453.75 236.24 0 346.49 582.99 0 78.75 361.24 0 80.00 359.98 0 23.74 143.54 0 157.48 347.49
22 5 0 18.75 503.74 0 451.26 237.50 0 81.76 359.22 0 347.96 584.48 0 27.57 143.75
23 5 0 448.77 238.75 0 21.25 503.75 0 86.23 358.74 0 28.74 146.28 0 350.31 584.59
24 7 0 29.99 147.49 0 23.74 503.75 0 86.25 358.76 0 353.47 585.04 0 446.26 241.26 0 352.28 583.80 0 172.56 602.57
25 7 0 444.99 241.27 0 91.25 358.75 0 26.26 503.72 0 31.23 147.54 0 356.08 583.75 0 355.05 584.88 0 173.61 601.40
26 6 0 443.76 243.74 0 28.74 502.33 0 92.52 357.50 0 357.55 584.68 0 172.50 597.52 0 33.75 150.02
27 6 0 31.23 501.22 0 442.50 245.01 0 35.00 151.25 0 360.91 585.58 0 95.00 357.01 0 172.80 596.26
28 6 0 98.74 356.26 0 33.75 501.24 0 363.75 586.25 0 37.46 153.74 0 438.73 246.22 0 169.98 594.98
29 6 0 36.24 501.26 0 98.80 356.25 0 37.50 155.00 0 366.20 586.21 0 437.84 247.51 0 365.39 585.00
30 6 0 436.24 248.77 0 38.74 501.26 0 101.26 356.24 0 368.52 585.61 0 41.25 156.26 0 621.37 307.55
31 9 0 434.99 250.00 0 41.25 501.26 0 370.37 586.20 0 42.51 157.50 0 621.24 307.49 0 103.75 356.24 0 170.14 587.54 0 105.92 356.23 0 585.74 260.54
32 6 0 42.50 501.26 0 372.51 586.22 0 106.58 355.24 0 431.23 251.27 0 43.77 158.74 0 581.36 258.80
33 8 0 429.99 252.50 0 108.73 354.94 0 46.21 501.24 0 375.12 585.97 0 46.24 162.09 0 170.02 581.19 0 2.76 438.98 0 618.75 303.75
34 5 0 111.23 353.77 0 47.37 501.24 0 377.55 586.25 0 427.36 254.26 0 48.76 162.53
35 7 0 113.75 353.76 0 50.01 499.98 0 50.01 162.52 0 426.26 256.26 0 380.47 586.67 0 616.25 300.01 0 621.24 153.79
36 6 0 52.49 498.75 0 116.26 353.74 0 51.16 165.02 0 423.74 257.49 0 383.59 586.48 0 616.25 297.40
37 7 0 54.40 498.75 0 118.72 352.50 0 385.67 587.26 0 422.66 258.75 0 613.75 296.28 0 53.76 166.22 0 165.01 571.74
38 7 0 121.25 351.25 0 418.78 261.24 0 388.71 586.88 0 57.49 498.76 0 52.95 168.80 0 571.24 259.77 0 613.75 293.81
39 7 0 123.76 351.26 0 58.77 498.74 0 388.64 587.28 0 565.00 260.01 0 612.52 290.01 0 418.74 261.27 0 58.69 169.99
40 6 0 62.49 498.75 0 126.22 351.25 0 611.19 290.03 0 416.25 263.74 0 390.93 588.70 0 58.76 172.50
41 6 0 63.74 498.75 0 128.76 349.99 0 60.01 172.51 0 393.86 587.26 0 413.80 263.75 0 392.11 587.27
42 6 0 130.01 348.60 0 67.15 497.49 0 412.46 266.26 0 395.51 587.24 0 61.24 173.74 0 608.77 285.20
43 8 0 132.51 348.77 0 410.03 267.48 0 68.75 497.55 0 398.53 588.33 0 608.77 283.70 0 386.29 578.92 0 63.73 176.25 0 66.28 176.25
44 5 0 408.75 268.74 0 71.22 496.25 0 134.26 347.52 0 402.51 590.00 0 66.24 176.24
45 7 0 138.74 346.35 0 73.77 496.25 0 405.86 589.74 0 406.23 269.12 0 67.48 178.74 0 407.60 589.71 0 405.70 591.22
46 6 0 139.16 346.26 0 76.24 496.25 0 69.98 180.00 0 405.00 271.24 0 409.09 589.79 0 407.27 589.98
47 8 0 78.74 496.25 0 142.46 345.23 0 162.51 549.62 0 410.55 590.07 0 403.74 273.76 0 403.74 271.43 0 411.42 591.51 0 408.55 589.54
48 6 0 81.25 496.26 0 401.26 273.99 0 144.97 344.99 0 74.98 183.74 0 399.97 274.92 0 162.57 547.57
49 4 0 147.48 343.75 0 83.75 496.25 0 398.75 276.24 0 77.49 183.70
50 6 0 148.73 343.75 0 397.49 277.51 0 86.25 496.22 0 419.15 589.28 0 78.71 186.28 0 161.26 541.29
