1 0
2 2 0 328.75 161.24 0 423.70 103.61
3 4 0 423.72 103.74 0 327.48 162.53 0 116.27 136.26 0 136.26 521.26
4 5 0 326.23 162.51 0 421.25 103.63 0 118.71 136.27 0 566.24 151.29 0 136.26 521.27
5 5 0 421.25 103.69 0 325.03 162.61 0 118.73 136.25 0 510.00 17.53 0 136.27 518.74
6 6 0 17.48 180.01 0 324.98 163.76 0 420.00 103.74 0 508.74 18.73 0 118.74 138.75 0 136.31 518.73
7 8 0 418.75 103.75 0 322.49 163.76 0 19.99 180.24 0 507.50 19.43 0 563.77 153.73 0 138.77 516.55 0 118.71 138.76 0 121.24 138.75
8 7 0 416.87 103.76 0 321.29 164.99 0 20.00 182.52 0 562.51 155.00 0 506.92 20.00 0 121.24 139.99 0 139.52 515.01
9 7 0 21.25 182.50 0 321.24 165.00 0 122.50 140.68 0 416.23 103.72 0 140.00 515.01 0 506.26 21.26 0 561.27 155.03
10 8 0 22.51 185.00 0 413.74 103.74 0 318.72 165.02 0 140.00 514.99 0 122.49 141.25 0 506.25 21.24 0 558.74 156.25 0 415.00 104.94
11 7 0 317.48 165.15 0 412.52 103.75 0 22.50 185.01 0 503.89 23.51 0 558.72 157.50 0 123.75 143.70 0 140.00 511.26
12 8 0 316.25 166.25 0 411.24 103.76 0 24.98 185.75 0 503.73 23.74 0 557.49 157.50 0 141.25 511.23 0 504.97 24.96 0 125.19 143.75
13 7 0 314.99 166.27 0 409.98 103.80 0 25.00 187.51 0 502.49 25.05 0 557.50 157.52 0 141.25 509.96 0 126.25 146.25
14 6 0 408.77 103.79 0 313.74 167.48 0 26.25 187.90 0 501.25 26.29 0 126.26 146.27 0 141.24 509.56
15 7 0 27.49 190.03 0 407.50 103.74 0 312.49 167.53 0 501.24 28.74 0 143.74 507.18 0 554.92 161.27 0 128.74 146.32
16 9 0 27.51 190.01 0 406.24 104.87 0 311.25 167.48 0 500.09 28.73 0 129.83 148.71 0 143.66 506.17 0 241.25 16.28 0 553.74 161.28 0 210.01 564.99
17 9 0 403.97 104.90 0 309.97 168.77 0 28.73 191.27 0 498.76 29.96 0 128.78 148.81 0 29.59 192.51 0 142.78 504.95 0 241.25 16.29 0 551.23 163.77
18 8 0 308.73 168.76 0 30.00 192.48 0 403.73 105.01 0 130.63 150.01 0 242.50 20.01 0 549.99 164.15 0 498.67 30.05 0 143.73 503.73
19 8 0 307.49 169.83 0 401.24 104.99 0 31.23 193.75 0 549.98 165.00 0 132.48 151.24 0 241.25 20.00 0 497.59 31.25 0 146.26 501.28
20 9 0 400.02 105.02 0 32.47 194.98 0 306.24 169.97 0 496.26 32.90 0 548.73 165.19 0 146.24 499.99 0 241.25 21.27 0 133.71 151.27 0 133.71 153.53
21 8 0 398.78 104.99 0 305.00 170.00 0 33.73 195.40 0 494.94 33.76 0 146.24 500.01 0 133.76 153.76 0 548.75 166.23 0 241.25 23.64
22 9 0 35.00 197.49 0 302.49 170.02 0 397.49 104.96 0 494.74 35.01 0 146.25 498.75 0 136.24 154.78 0 241.25 23.74 0 133.81 153.83 0 546.24 168.73
23 9 0 302.33 170.00 0 35.01 197.50 0 396.27 104.99 0 493.74 36.25 0 136.26 156.24 0 147.49 496.34 0 238.74 26.27 0 543.75 168.77 0 238.72 23.83
24 8 0 300.00 171.24 0 395.01 104.96 0 37.48 198.76 0 492.50 37.48 0 238.76 26.28 0 136.26 156.35 0 543.74 171.26 0 148.75 496.27
25 8 0 298.75 171.27 0 393.74 105.10 0 37.49 200.00 0 491.27 37.54 0 238.74 27.51 0 148.66 493.75 0 543.74 171.24 0 138.78 157.51
26 8 0 297.50 172.49 0 38.38 201.30 0 491.24 38.75 0 392.48 105.41 0 149.99 492.51 0 138.75 158.76 0 238.74 28.75 0 543.74 171.25
27 9 0 39.98 202.52 0 391.14 106.29 0 149.36 492.50 0 296.27 172.50 0 237.46 29.98 0 489.99 39.99 0 390.33 105.07 0 541.22 172.50 0 139.97 158.76
28 9 0 388.91 106.24 0 39.98 202.50 0 294.98 172.51 0 488.76 41.25 0 150.00 490.86 0 540.01 172.82 0 237.46 29.96 0 141.25 161.25 0 389.59 105.03
29 8 0 42.46 205.00 0 387.50 106.24 0 293.76 173.74 0 487.50 42.39 0 150.01 488.77 0 141.26 161.23 0 538.75 173.76 0 237.39 31.22
30 8 0 386.26 106.23 0 42.51 205.03 0 292.49 173.74 0 486.24 42.49 0 237.33 34.15 0 143.74 162.50 0 151.22 488.77 0 538.74 176.26
31 8 0 43.75 206.24 0 384.99 106.25 0 486.24 43.77 0 290.00 174.67 0 237.49 35.02 0 143.75 165.00 0 151.24 486.26 0 536.25 176.27
32 9 0 383.74 106.24 0 45.00 207.51 0 289.96 174.98 0 484.98 45.00 0 236.26 35.02 0 622.52 168.74 0 153.75 486.27 0 536.27 176.29 0 143.74 165.01
33 9 0 382.38 106.25 0 45.17 207.49 0 288.01 175.01 0 483.75 46.26 0 155.00 485.01 0 235.00 37.50 0 622.42 171.24 0 146.28 166.24 0 143.75 166.27
34 10 0 381.26 106.23 0 47.51 209.33 0 286.23 175.04 0 483.75 47.30 0 622.93 171.26 0 532.49 180.00 0 235.00 38.75 0 381.06 621.31 0 146.27 166.24 0 153.76 482.50
35 10 0 380.00 106.27 0 47.49 210.01 0 285.03 176.24 0 622.48 173.77 0 154.99 482.46 0 532.50 179.99 0 380.01 619.99 0 482.52 48.75 0 235.00 41.29 0 147.50 168.78
36 10 0 377.50 106.94 0 49.94 211.25 0 283.74 176.54 0 482.26 48.79 0 148.74 168.79 0 233.74 41.25 0 532.53 179.99 0 623.73 175.44 0 381.24 620.00 0 155.00 481.26
37 10 0 377.50 107.24 0 50.00 212.48 0 282.49 177.48 0 623.74 176.25 0 149.99 170.01 0 481.26 50.01 0 234.99 43.70 0 155.09 478.74 0 530.24 181.15 0 381.24 618.76
38 9 0 51.28 212.50 0 281.25 177.47 0 375.25 107.43 0 149.99 170.00 0 623.73 178.75 0 233.78 44.98 0 156.24 477.63 0 479.28 51.27 0 530.39 183.71
39 10 0 52.49 213.90 0 373.75 107.46 0 279.99 177.48 0 157.49 477.50 0 623.71 178.76 0 233.76 46.24 0 478.74 52.56 0 151.25 172.49 0 528.81 183.72 0 383.73 616.24
40 10 0 277.97 177.60 0 52.58 215.00 0 372.51 107.50 0 478.73 53.74 0 623.72 181.24 0 157.50 475.02 0 151.25 173.79 0 233.75 46.25 0 383.71 616.20 0 528.78 183.74
41 10 0 277.46 178.75 0 371.32 107.52 0 54.90 215.32 0 623.73 181.27 0 157.52 475.01 0 383.74 613.75 0 478.75 55.03 0 153.73 173.84 0 233.72 48.76 0 526.25 186.19
42 11 0 370.00 107.48 0 275.97 178.76 0 55.03 217.49 0 623.74 183.73 0 476.26 55.90 0 383.74 611.25 0 525.01 187.52 0 157.52 473.74 0 231.25 48.76 0 154.38 176.24 0 233.56 48.75
43 12 0 57.45 217.49 0 368.80 107.45 0 274.89 179.04 0 474.98 56.28 0 623.74 186.26 0 524.99 187.50 0 233.75 50.75 0 156.27 177.61 0 231.24 51.24 0 386.27 610.12 0 158.73 473.75 0 383.73 611.25
44 11 0 57.52 218.75 0 272.49 180.02 0 367.48 107.51 0 623.74 186.27 0 474.95 57.53 0 523.06 189.90 0 158.72 471.24 0 157.48 178.74 0 386.28 608.79 0 233.76 51.25 0 231.27 51.27
45 10 0 366.23 108.65 0 473.76 58.75 0 58.80 220.01 0 623.75 188.75 0 271.29 179.99 0 157.49 180.00 0 522.49 189.99 0 161.27 468.74 0 233.74 53.81 0 386.28 608.76
46 10 0 364.95 108.39 0 270.01 181.25 0 59.99 220.99 0 623.74 188.74 0 472.49 60.05 0 157.51 180.01 0 161.24 467.49 0 231.23 53.75 0 521.26 191.27 0 387.46 606.27
47 10 0 362.54 108.76 0 268.76 181.23 0 61.25 221.87 0 623.74 191.25 0 472.49 60.05 0 387.51 605.03 0 161.25 466.25 0 157.49 180.00 0 229.93 56.28 0 521.26 193.76
48 9 0 362.33 108.70 0 62.51 222.49 0 267.48 181.22 0 471.24 61.23 0 387.49 604.01 0 623.75 191.24 0 161.26 466.25 0 229.98 56.49 0 161.25 181.24
49 10 0 266.25 181.71 0 62.49 223.03 0 359.99 108.74 0 623.74 193.77 0 469.98 62.48 0 388.60 601.28 0 229.99 58.76 0 161.26 463.76 0 161.30 181.78 0 518.23 196.41
50 10 0 358.73 108.76 0 264.99 182.45 0 623.74 193.76 0 468.74 63.74 0 65.00 224.99 0 229.99 60.00 0 517.48 195.02 0 388.76 601.26 0 163.76 463.49 0 162.47 183.74
