1 0
2 0
3 1 0 388.74 591.23
4 2 0 393.74 588.74 0 391.49 588.72
5 2 0 393.82 583.75 0 618.91 201.41
6 1 0 396.24 576.27
7 3 0 396.21 576.24 0 513.81 371.22 0 396.22 573.85
8 1 0 393.74 566.25
9 2 0 396.25 562.53 0 608.75 336.26
10 3 0 401.24 561.26 0 610.20 333.52 0 313.76 427.53
11 1 0 403.91 554.99
12 1 0 403.44 547.48
13 1 0 406.23 546.24
14 1 0 408.74 537.43
15 2 0 589.18 321.54 0 406.25 538.73
16 2 0 406.25 528.75 0 397.50 597.50
17 3 0 158.73 626.22 0 411.26 526.25 0 411.25 528.59
18 3 0 153.74 621.62 0 408.81 521.32 0 576.24 313.75
19 2 0 412.87 517.50 0 153.74 617.77
20 3 0 151.23 613.76 0 416.26 513.76 0 413.78 513.74
21 3 0 412.52 508.65 0 146.22 608.76 0 144.94 607.48
22 2 0 146.25 600.29 0 416.35 500.02
23 4 0 141.24 596.28 0 413.71 496.27 0 416.25 496.27 0 554.88 298.74
24 4 0 138.62 591.01 0 418.75 491.25 0 404.97 74.68 0 553.75 296.26
25 3 0 136.25 588.77 0 418.75 488.75 0 546.23 293.72
26 3 0 136.25 581.56 0 421.26 481.28 0 546.24 290.01
27 2 0 133.75 582.29 0 423.73 481.26
28 4 0 128.76 574.93 0 423.30 473.76 0 534.39 285.61 0 536.28 286.08
29 3 0 128.78 571.25 0 423.76 470.84 0 426.25 471.01
30 4 0 126.23 566.24 0 528.73 282.46 0 426.25 463.71 0 526.21 281.71
31 2 0 428.76 461.28 0 126.77 563.74
32 3 0 122.50 555.00 0 428.73 451.25 0 522.50 273.77
33 4 0 123.72 553.77 0 431.24 453.76 0 520.50 276.23 0 433.61 453.68
34 4 0 122.50 547.51 0 515.04 271.22 0 431.22 448.74 0 515.01 273.77
35 2 0 116.31 543.64 0 431.21 441.84
36 2 0 437.47 437.50 0 121.25 536.31
37 2 0 116.25 533.75 0 436.26 433.75
38 5 0 441.25 426.25 0 118.73 528.74 0 441.24 424.23 0 503.75 258.74 0 118.73 526.56
39 2 0 116.24 521.30 0 438.72 418.76
40 3 0 442.50 419.08 0 493.76 256.27 0 116.25 518.77
41 3 0 109.99 510.37 0 441.31 410.39 0 439.39 411.06
42 1 0 441.30 406.20
43 2 0 443.72 405.01 0 587.51 43.90
44 2 0 445.01 396.30 0 67.50 323.36
45 1 0 475.00 237.49
46 2 0 448.74 390.85 0 443.92 52.49
47 2 0 450.11 386.30 0 450.06 383.83
48 2 0 456.25 381.27 0 453.77 381.25
49 1 0 452.51 371.27
50 3 0 451.27 226.24 0 451.81 368.78 0 452.00 366.24
