1 0
2 1 0 516.26 440.74
3 2 0 408.77 99.99 0 521.25 446.97
4 3 0 521.25 446.25 0 408.79 98.77 0 470.01 597.51
5 3 0 518.74 444.98 0 408.77 101.24 0 78.73 118.77
6 2 0 511.24 448.75 0 403.77 103.76
7 2 0 516.24 443.77 0 406.25 102.36
8 2 0 626.25 405.00 0 513.75 447.26
9 5 0 627.05 402.68 0 511.38 446.25 0 403.79 107.45 0 113.72 197.47 0 512.52 447.48
10 2 0 621.26 393.78 0 503.74 438.77
11 3 0 507.55 438.76 0 625.60 392.56 0 401.25 103.56
12 3 0 618.74 391.26 0 498.73 441.25 0 148.66 468.87
13 2 0 621.25 388.75 0 499.84 438.77
14 3 0 618.75 393.77 0 496.25 443.75 0 494.11 443.73
15 3 0 627.84 390.94 0 503.71 443.75 0 426.29 173.74
16 2 0 617.51 388.75 0 491.35 442.50
17 3 0 626.25 383.69 0 397.50 109.99 0 498.71 438.69
18 3 0 618.75 388.76 0 491.22 446.24 0 491.23 448.74
19 5 0 618.76 381.26 0 488.82 438.77 0 387.49 115.04 0 488.84 441.07 0 109.99 444.98
20 3 0 484.98 442.50 0 617.86 383.23 0 381.22 117.48
21 2 0 621.25 376.25 0 489.99 437.50
22 5 0 387.50 123.76 0 623.72 383.72 0 83.79 315.01 0 624.97 384.96 0 490.48 446.22
23 3 0 619.15 373.75 0 383.74 117.68 0 484.98 437.50
24 2 0 622.53 381.25 0 483.72 446.26
25 3 0 617.51 374.77 0 476.26 443.75 0 378.80 125.00
26 3 0 623.74 368.76 0 482.47 437.50 0 383.74 121.36
27 2 0 618.76 368.74 0 475.00 437.50
28 3 0 623.74 375.12 0 478.74 446.26 0 382.54 132.73
29 2 0 626.26 368.75 0 603.75 158.78
30 1 0 621.25 362.33
31 3 0 617.50 363.78 0 373.58 131.25 0 376.10 131.22
32 3 0 623.72 358.75 0 378.77 129.98 0 622.84 359.98
33 3 0 619.99 357.52 0 373.74 130.00 0 467.33 434.98
34 1 0 622.40 356.24
35 4 0 626.22 361.42 0 625.00 362.34 0 378.73 139.98 0 597.50 155.12
36 1 0 625.09 354.98
37 2 0 623.74 353.76 0 376.27 138.59
38 4 0 618.75 358.74 0 368.73 146.26 0 368.77 143.81 0 397.50 85.01
39 2 0 616.25 353.77 0 363.70 143.71
40 1 0 619.97 347.50
41 1 0 613.75 350.27
42 2 0 622.43 353.70 0 621.92 351.33
43 1 0 614.97 345.08
44 1 0 619.99 350.00
45 1 0 621.22 348.74
46 2 0 613.75 343.86 0 615.00 344.99
47 1 0 618.75 336.25
48 2 0 616.26 336.26 0 615.00 335.00
49 1 0 622.49 339.99
50 1 0 613.75 340.02
