1 0
2 2 0 246.25 37.41 0 558.74 403.75
3 2 0 243.75 46.24 0 549.48 406.19
4 2 0 241.24 56.26 0 541.21 406.26
5 4 0 238.75 66.25 0 531.26 406.42 0 516.31 242.53 0 531.25 408.49
6 2 0 235.02 75.56 0 521.27 408.76
7 2 0 233.77 85.01 0 512.51 408.77
8 2 0 231.24 94.35 0 503.57 411.01
9 2 0 227.49 103.75 0 492.53 411.23
10 3 0 224.98 113.77 0 483.76 412.54 0 541.26 163.78
11 3 0 222.51 123.75 0 473.75 413.76 0 82.52 589.99
12 3 0 220.00 133.46 0 396.26 18.75 0 465.60 413.52
13 3 0 217.52 142.49 0 391.23 26.27 0 456.28 416.25
14 3 0 386.29 33.77 0 214.56 152.45 0 446.23 416.26
15 3 0 211.23 162.50 0 381.26 41.95 0 437.48 418.09
16 3 0 208.84 172.28 0 427.53 418.76 0 377.40 50.10
17 5 0 206.25 181.57 0 371.30 58.75 0 418.71 418.76 0 456.27 524.99 0 63.39 568.78
18 5 0 203.75 191.09 0 409.27 420.73 0 366.24 66.35 0 494.38 421.08 0 368.76 66.37
19 4 0 201.25 201.24 0 362.57 73.91 0 398.75 421.26 0 201.95 200.03
20 3 0 197.67 210.01 0 357.49 82.49 0 391.11 423.71
21 3 0 196.24 220.02 0 351.28 91.23 0 381.24 423.45
22 5 0 192.51 229.99 0 346.27 101.24 0 370.77 423.24 0 365.02 70.00 0 223.74 442.48
23 3 0 189.99 238.76 0 363.75 426.22 0 341.24 106.67
24 3 0 187.53 248.77 0 336.42 116.24 0 353.73 426.27
25 4 0 332.50 123.77 0 184.94 258.76 0 343.72 428.77 0 109.93 187.96
26 4 0 182.52 268.40 0 326.25 131.25 0 333.75 428.76 0 268.75 568.86
27 5 0 179.99 277.49 0 323.76 429.98 0 321.60 140.10 0 276.23 566.23 0 83.72 30.04
28 4 0 317.49 147.51 0 177.49 287.51 0 316.23 429.77 0 286.22 563.73
29 4 0 311.22 156.27 0 173.74 297.42 0 303.74 431.28 0 306.24 431.25
30 3 0 171.22 306.26 0 306.57 163.74 0 296.26 431.24
31 4 0 168.75 316.26 0 303.58 172.49 0 286.25 434.52 0 288.72 434.47
32 4 0 167.45 326.24 0 277.50 435.01 0 296.33 181.25 0 591.21 546.80
33 6 0 292.51 188.76 0 163.74 335.05 0 268.75 436.24 0 623.74 393.76 0 329.12 118.40 0 303.74 448.74
34 2 0 161.25 345.82 0 286.23 197.51
35 5 0 158.71 353.81 0 283.75 206.26 0 613.75 376.25 0 248.77 436.25 0 349.96 536.28
36 3 0 154.98 363.76 0 276.25 212.51 0 608.78 368.76
37 4 0 152.67 373.72 0 230.17 438.74 0 602.50 362.51 0 271.23 222.45
38 3 0 150.00 383.84 0 596.24 353.76 0 266.30 229.81
39 4 0 147.48 393.74 0 261.25 238.75 0 212.07 442.14 0 296.25 211.25
40 6 0 145.00 402.64 0 203.76 441.55 0 583.71 341.23 0 596.27 372.52 0 256.26 246.23 0 296.42 198.58
41 4 0 142.46 412.51 0 576.36 333.76 0 193.74 443.75 0 242.51 244.60
42 5 0 140.00 422.50 0 183.67 443.77 0 570.01 326.24 0 173.77 341.25 0 249.93 263.75
43 5 0 137.49 432.49 0 243.43 269.98 0 563.74 321.27 0 176.43 445.57 0 43.75 351.28
44 3 0 133.86 441.26 0 557.48 315.00 0 236.23 286.23
45 4 0 131.25 451.25 0 548.80 307.99 0 431.23 481.25 0 233.72 288.84
46 3 0 129.74 460.95 0 436.24 473.79 0 541.32 303.75
47 3 0 126.26 470.66 0 533.76 296.28 0 444.50 467.51
48 2 0 122.52 479.98 0 523.75 290.01
49 4 0 120.98 490.21 0 516.25 288.78 0 516.24 286.36 0 563.86 50.01
50 3 0 116.26 498.75 0 467.95 446.44 0 466.93 448.54
