1 0
2 0
3 0
4 0
5 1 0 114.98 21.24
6 1 0 593.74 313.76
7 1 0 593.74 316.25
8 2 0 591.22 316.24 0 10.31 538.75
9 3 0 603.74 621.23 0 591.19 308.89 0 27.48 313.78
10 2 0 603.73 618.76 0 591.16 308.85
11 2 0 603.76 618.75 0 591.23 308.75
12 3 0 588.74 306.24 0 602.96 616.89 0 549.96 150.00
13 2 0 604.99 618.75 0 591.09 308.74
14 2 0 586.26 306.23 0 601.27 616.27
15 3 0 589.99 306.27 0 603.93 616.27 0 259.98 30.00
16 2 0 598.72 616.29 0 583.76 308.77
17 2 0 586.55 306.28 0 603.77 616.26
18 2 0 587.50 306.26 0 603.74 613.76
19 6 0 598.74 613.74 0 70.00 18.75 0 113.83 590.39 0 581.26 303.68 0 578.79 293.40 0 581.24 305.83
20 4 0 293.36 621.33 0 601.27 608.75 0 583.74 301.22 0 73.76 16.27
21 6 0 601.25 608.76 0 293.75 621.28 0 626.23 473.77 0 76.24 18.73 0 586.25 300.02 0 266.25 41.27
22 5 0 601.26 611.26 0 291.53 625.58 0 623.69 476.26 0 73.76 21.45 0 583.72 303.75
23 8 0 291.02 618.76 0 621.26 471.22 0 73.72 18.80 0 581.24 298.74 0 598.75 606.23 0 601.20 606.24 0 557.49 565.04 0 521.27 398.75
24 5 0 292.43 621.40 0 601.24 608.75 0 623.74 473.76 0 76.42 23.29 0 583.73 301.25
25 5 0 601.27 606.27 0 77.56 23.73 0 291.21 621.06 0 621.52 473.59 0 621.28 471.29
26 9 0 73.76 26.26 0 596.23 606.24 0 286.29 621.26 0 578.72 298.73 0 496.21 18.74 0 617.46 471.23 0 617.47 473.51 0 493.80 18.76 0 619.28 580.28
27 6 0 597.46 601.25 0 578.76 293.76 0 286.25 616.25 0 76.26 23.73 0 496.35 13.95 0 618.74 468.74
28 8 0 77.52 28.74 0 580.00 298.76 0 598.74 605.43 0 498.57 21.04 0 286.31 618.75 0 288.76 618.75 0 618.77 473.76 0 618.76 471.24
29 7 0 282.50 617.51 0 596.25 602.70 0 27.51 412.51 0 613.75 470.02 0 75.07 28.73 0 494.95 21.30 0 576.25 296.24
30 6 0 281.27 616.27 0 613.74 468.75 0 596.27 601.26 0 576.27 293.74 0 73.98 28.46 0 282.21 615.02
31 7 0 613.74 468.76 0 596.27 601.24 0 282.51 617.51 0 76.25 31.25 0 576.25 293.74 0 496.28 23.73 0 576.26 296.24
32 7 0 76.26 31.24 0 612.52 468.78 0 281.26 616.26 0 593.79 598.74 0 573.23 292.51 0 496.24 23.78 0 495.02 25.08
33 6 0 598.74 596.58 0 578.80 290.02 0 286.24 614.83 0 81.26 31.24 0 498.77 23.76 0 616.26 468.71
34 6 0 595.00 597.51 0 610.19 467.51 0 78.74 34.02 0 573.75 291.28 0 496.28 26.26 0 278.76 614.64
35 8 0 282.50 611.26 0 598.73 593.79 0 613.74 463.74 0 81.24 32.88 0 578.42 286.25 0 498.76 23.72 0 578.66 288.77 0 498.77 25.48
36 7 0 81.25 36.26 0 597.50 596.24 0 611.26 466.29 0 498.76 29.95 0 573.76 288.78 0 278.78 613.75 0 121.30 416.24
37 8 0 597.50 594.95 0 83.72 36.47 0 498.76 29.44 0 281.21 612.52 0 611.25 466.26 0 611.25 464.20 0 576.28 288.83 0 80.96 67.64
38 7 0 78.74 38.72 0 275.15 611.17 0 570.19 286.17 0 606.24 463.74 0 593.74 593.76 0 593.73 591.24 0 493.74 28.76
39 6 0 83.75 38.75 0 278.74 608.76 0 611.25 463.73 0 498.75 31.24 0 598.71 591.25 0 573.75 286.25
40 7 0 593.75 591.23 0 273.74 609.94 0 81.27 41.26 0 570.04 286.26 0 606.25 463.75 0 496.25 33.74 0 620.25 634.92
41 6 0 83.75 41.27 0 276.24 610.01 0 572.50 285.00 0 498.75 33.79 0 608.76 463.74 0 596.25 591.15
42 6 0 606.24 458.76 0 273.89 603.76 0 595.01 586.29 0 571.22 281.24 0 83.41 38.71 0 498.76 31.23
43 7 0 273.76 603.75 0 606.22 458.75 0 568.78 278.74 0 83.74 38.74 0 593.76 586.28 0 593.77 583.73 0 122.47 252.51
44 7 0 601.25 461.26 0 81.26 43.78 0 271.24 606.72 0 591.26 586.27 0 496.27 36.27 0 566.23 281.31 0 568.42 281.30
45 7 0 268.76 603.76 0 601.60 458.79 0 81.34 43.78 0 566.22 278.74 0 580.01 620.00 0 493.73 37.49 0 591.23 583.75
46 8 0 271.25 601.25 0 593.74 581.30 0 603.75 456.24 0 84.12 41.24 0 566.23 276.27 0 558.51 268.62 0 496.25 35.43 0 603.75 453.86
47 9 0 268.74 603.76 0 563.78 277.51 0 83.76 45.00 0 590.01 583.74 0 496.27 38.77 0 598.73 458.76 0 122.53 67.70 0 601.16 458.75 0 90.05 57.36
48 7 0 271.23 603.78 0 602.50 458.75 0 593.74 583.71 0 498.76 41.73 0 86.25 48.77 0 86.24 46.88 0 566.22 278.78
49 7 0 271.24 601.26 0 603.77 454.98 0 500.01 41.75 0 568.78 276.24 0 595.01 580.00 0 88.82 146.54 0 88.81 46.23
50 6 0 85.01 52.50 0 267.41 603.75 0 564.20 277.38 0 590.97 581.22 0 598.74 457.49 0 496.25 43.76
