1 0
2 4 0 339.99 602.53 0 107.49 573.76 0 73.76 476.25 0 68.78 227.50
3 2 0 106.25 566.24 0 327.49 595.11
4 2 0 329.98 590.00 0 120.44 560.05
5 5 0 121.27 548.73 0 320.00 578.77 0 69.39 637.56 0 345.71 634.00 0 558.25 421.09
6 2 0 317.49 578.73 0 131.25 547.54
7 3 0 309.81 562.52 0 133.75 532.53 0 93.06 578.90
8 6 0 142.32 533.76 0 305.06 564.76 0 551.25 38.74 0 517.52 378.78 0 336.62 601.15 0 582.70 358.82
9 5 0 298.75 547.51 0 146.26 516.23 0 50.33 561.32 0 93.70 566.22 0 137.53 21.25
10 2 0 290.01 550.00 0 148.75 517.51
11 2 0 290.09 534.98 0 160.66 502.53
12 3 0 275.02 526.25 0 156.28 493.75 0 157.46 494.98
13 3 0 269.98 521.25 0 161.69 487.40 0 42.49 565.01
14 4 0 169.98 476.24 0 265.05 509.49 0 536.23 353.83 0 597.51 237.51
15 4 0 176.28 476.26 0 262.44 509.99 0 453.71 373.74 0 209.26 590.67
16 3 0 179.97 461.23 0 252.54 495.02 0 306.06 572.50
17 3 0 248.56 487.47 0 186.22 452.50 0 533.64 355.23
18 3 0 244.99 486.30 0 193.75 452.50 0 141.25 351.24
19 4 0 236.27 472.53 0 196.25 437.50 0 563.76 16.27 0 143.72 338.76
20 6 0 210.01 433.75 0 238.75 469.99 0 568.72 31.23 0 267.50 117.51 0 156.25 333.76 0 612.47 458.81
21 5 0 566.23 38.74 0 233.59 461.21 0 216.26 426.28 0 161.24 325.21 0 428.77 488.77
22 3 0 226.88 446.26 0 221.25 409.99 0 562.06 38.74
23 5 0 215.01 438.75 0 221.24 401.96 0 552.50 49.51 0 162.51 301.19 0 362.50 363.75
24 2 0 234.40 395.21 0 217.50 432.54
25 4 0 204.99 423.51 0 546.25 66.27 0 232.49 386.18 0 193.83 329.20
26 5 0 206.28 420.00 0 246.24 382.47 0 551.23 78.75 0 183.68 281.25 0 341.26 369.99
27 4 0 243.73 377.60 0 538.75 91.27 0 192.50 415.19 0 182.68 273.79
28 5 0 195.01 404.99 0 257.14 366.25 0 543.74 98.75 0 193.75 263.74 0 425.98 6.20
29 5 0 258.75 361.45 0 186.26 400.10 0 157.72 100.01 0 213.70 590.00 0 421.21 8.88
30 6 0 182.51 384.66 0 267.35 344.95 0 201.26 243.71 0 536.27 111.26 0 535.03 112.45 0 300.00 362.47
31 7 0 168.78 378.75 0 524.99 122.51 0 264.67 340.10 0 211.22 622.41 0 197.50 237.27 0 186.24 258.70 0 596.28 88.79
32 5 0 531.25 131.25 0 172.50 371.42 0 218.75 611.35 0 279.44 332.06 0 211.36 227.52
33 6 0 284.96 321.26 0 166.25 361.26 0 526.28 138.75 0 216.89 601.25 0 33.76 623.73 0 620.00 546.27
34 5 0 153.75 352.50 0 283.74 313.75 0 516.25 146.28 0 261.24 111.11 0 178.74 337.63
35 6 0 152.48 353.79 0 516.46 163.76 0 211.27 588.73 0 292.51 312.60 0 221.25 210.01 0 68.73 397.53
36 4 0 146.26 346.30 0 298.70 305.66 0 226.26 201.26 0 196.25 371.30
37 7 0 143.65 330.04 0 211.25 557.52 0 306.28 288.77 0 513.75 173.72 0 543.74 353.76 0 233.76 183.73 0 233.74 186.22
38 7 0 131.24 322.42 0 502.49 182.47 0 306.23 281.23 0 231.26 176.77 0 533.76 355.76 0 304.92 280.02 0 42.50 562.10
39 6 0 130.02 323.52 0 314.95 280.45 0 206.25 546.28 0 212.68 589.81 0 502.08 198.72 0 548.75 38.75
40 8 0 121.26 305.71 0 498.75 198.74 0 318.75 262.47 0 242.50 158.73 0 203.73 526.25 0 211.81 580.47 0 308.68 334.01 0 202.52 527.45
41 6 0 119.98 297.49 0 249.99 150.00 0 498.76 206.26 0 328.75 254.69 0 288.70 278.77 0 286.36 278.64
42 5 0 112.51 288.82 0 331.28 246.29 0 201.25 506.28 0 253.65 143.68 0 121.37 131.26
43 4 0 102.48 285.00 0 483.76 226.27 0 253.72 136.26 0 196.25 500.05
44 6 0 98.75 274.91 0 341.24 229.99 0 483.77 233.77 0 258.77 126.26 0 196.26 486.25 0 258.76 128.28
45 7 0 90.02 270.01 0 343.73 226.28 0 191.25 481.26 0 589.73 44.99 0 478.73 248.73 0 477.50 246.35 0 42.48 565.00
46 6 0 92.42 258.76 0 482.49 251.33 0 197.51 466.28 0 357.02 213.74 0 270.07 110.00 0 506.57 213.32
47 6 0 88.76 253.74 0 365.02 209.91 0 481.26 263.73 0 198.74 458.76 0 281.26 103.74 0 242.48 157.51
48 6 0 82.21 248.77 0 197.52 453.75 0 371.24 203.77 0 285.00 98.75 0 268.73 116.24 0 113.76 168.72
49 7 0 73.76 243.79 0 191.22 445.02 0 284.98 92.52 0 372.49 198.76 0 178.77 28.75 0 471.12 286.23 0 86.24 101.27
50 7 0 188.74 426.28 0 376.25 181.25 0 66.25 227.49 0 463.74 286.24 0 111.19 73.74 0 288.76 75.06 0 150.01 125.22
