1 0
2 3 0 537.49 73.65 0 537.48 71.24 0 44.97 555.02
3 2 0 536.97 71.25 0 536.45 72.76
4 3 0 410.04 540.06 0 536.26 72.49 0 46.25 553.75
5 3 0 408.78 539.98 0 534.88 72.50 0 46.26 553.75
6 3 0 408.76 538.76 0 533.74 73.65 0 46.25 551.23
7 4 0 532.50 73.76 0 46.22 550.01 0 408.76 538.75 0 406.34 538.75
8 5 0 531.25 73.76 0 506.26 621.25 0 46.24 548.74 0 406.24 536.30 0 407.49 536.93
9 4 0 529.12 73.77 0 506.25 619.99 0 46.25 547.53 0 406.24 536.26
10 4 0 528.75 73.76 0 506.26 618.75 0 46.25 546.28 0 405.48 535.50
11 4 0 526.26 73.76 0 403.76 533.76 0 506.25 618.76 0 48.75 546.26
12 6 0 525.03 73.76 0 403.74 532.49 0 48.76 543.74 0 506.27 616.27 0 504.09 616.26 0 557.53 565.03
13 4 0 523.74 73.84 0 402.49 531.38 0 504.73 616.15 0 48.76 541.25
14 4 0 522.57 73.85 0 503.73 613.75 0 401.26 531.25 0 46.25 541.25
15 5 0 503.75 612.48 0 521.26 76.11 0 48.75 539.84 0 398.74 529.44 0 400.97 529.32
16 4 0 503.75 611.25 0 398.72 528.76 0 48.76 538.75 0 520.01 75.06
17 5 0 518.74 76.23 0 49.00 536.31 0 503.71 610.00 0 397.65 528.78 0 524.56 636.77
18 5 0 517.42 76.25 0 501.25 608.77 0 51.21 536.26 0 396.24 526.26 0 396.25 528.53
19 4 0 516.25 76.25 0 396.23 525.00 0 501.60 606.29 0 50.25 533.75
20 4 0 513.76 76.25 0 394.99 525.01 0 50.91 532.54 0 501.29 606.26
21 4 0 501.25 603.78 0 513.75 76.27 0 50.64 532.47 0 393.75 523.76
22 4 0 501.25 603.73 0 511.23 76.25 0 51.26 531.15 0 393.76 523.75
23 5 0 511.22 76.25 0 501.22 601.26 0 52.51 530.00 0 391.23 522.53 0 18.75 188.73
24 5 0 508.75 77.49 0 391.22 521.26 0 18.75 187.51 0 498.76 601.24 0 51.26 528.73
25 5 0 507.71 78.76 0 21.25 186.92 0 498.75 598.75 0 53.72 526.23 0 388.75 521.26
26 5 0 498.75 598.75 0 22.50 188.34 0 506.25 78.75 0 53.74 526.23 0 387.49 518.73
27 5 0 498.75 596.25 0 52.51 523.78 0 387.49 518.73 0 23.73 188.75 0 505.14 78.77
28 6 0 503.75 78.75 0 387.48 517.50 0 52.50 522.51 0 498.74 595.07 0 23.74 187.52 0 25.48 186.93
29 5 0 26.26 186.97 0 497.50 593.77 0 501.25 78.74 0 53.74 521.27 0 386.26 516.26
30 5 0 501.25 78.75 0 27.50 186.44 0 497.35 592.99 0 53.76 518.76 0 383.77 516.26
31 6 0 498.76 78.75 0 28.76 186.27 0 496.35 591.24 0 383.74 513.81 0 53.73 518.73 0 56.23 518.75
32 5 0 29.86 186.28 0 496.31 590.00 0 498.70 78.74 0 383.68 513.75 0 53.76 516.26
33 6 0 496.26 78.77 0 496.25 588.76 0 56.25 516.24 0 31.24 186.30 0 381.25 513.76 0 381.25 511.24
34 5 0 381.24 511.25 0 495.00 79.96 0 496.25 587.52 0 33.74 186.27 0 56.26 513.79
35 5 0 33.76 186.25 0 380.01 510.39 0 494.99 586.28 0 493.75 79.98 0 56.25 513.76
36 7 0 492.47 81.27 0 378.76 509.99 0 34.99 186.27 0 493.74 584.00 0 56.26 513.76 0 494.98 584.99 0 56.25 511.71
37 5 0 493.74 583.72 0 491.25 81.26 0 56.25 511.26 0 36.26 186.27 0 378.75 508.76
38 5 0 493.74 581.25 0 488.77 81.26 0 376.26 506.27 0 56.25 508.75 0 37.57 186.25
39 6 0 488.76 81.24 0 492.50 581.20 0 38.77 186.25 0 56.26 508.72 0 376.24 506.27 0 374.11 506.26
40 5 0 492.46 578.76 0 486.26 81.27 0 41.27 186.25 0 373.75 506.28 0 56.30 506.24
41 6 0 486.22 81.25 0 491.26 578.75 0 41.26 186.24 0 56.24 506.26 0 373.76 506.29 0 373.77 504.19
42 6 0 483.75 81.25 0 491.25 576.26 0 58.75 503.75 0 43.76 186.25 0 373.73 503.75 0 43.09 184.09
43 6 0 483.75 81.26 0 491.25 574.61 0 371.25 503.65 0 45.60 183.78 0 58.73 503.22 0 46.22 185.48
44 5 0 491.28 573.75 0 481.24 82.50 0 58.74 501.26 0 46.24 183.76 0 370.07 501.26
45 5 0 491.25 571.25 0 368.75 501.24 0 58.74 501.30 0 480.01 82.50 0 46.24 183.74
46 5 0 490.00 571.25 0 478.74 83.75 0 60.00 498.75 0 48.75 183.75 0 368.76 501.26
47 6 0 477.49 83.76 0 488.76 568.84 0 51.25 183.75 0 60.00 496.28 0 366.25 498.77 0 368.42 498.75
48 6 0 476.23 83.76 0 488.77 568.75 0 366.25 498.75 0 52.42 183.74 0 59.98 493.73 0 58.82 496.20
49 6 0 473.84 83.76 0 53.74 183.75 0 61.25 493.72 0 488.74 566.82 0 366.23 497.05 0 487.50 567.54
50 6 0 473.74 83.76 0 60.01 492.96 0 363.74 496.25 0 487.51 566.25 0 54.03 183.74 0 56.27 183.76
