1 0
2 0
3 1 0 111.20 441.27
4 0
5 1 0 115.02 435.03
6 0
7 1 0 623.74 81.27
8 1 0 618.74 81.27
9 2 0 126.24 418.74 0 612.38 81.29
10 1 0 606.25 82.36
11 3 0 603.65 82.92 0 130.01 410.01 0 76.26 450.06
12 2 0 597.49 82.47 0 633.66 77.82
13 2 0 591.26 83.76 0 478.71 91.27
14 1 0 586.25 82.52
15 1 0 581.23 83.74
16 1 0 576.25 83.76
17 1 0 571.25 85.01
18 2 0 565.01 85.01 0 587.50 69.59
19 1 0 561.26 83.76
20 1 0 555.01 83.85
21 1 0 551.25 85.03
22 2 0 546.25 84.99 0 613.79 171.25
23 1 0 540.94 84.02
24 1 0 536.26 86.25
25 3 0 528.79 86.25 0 67.50 572.50 0 140.00 547.48
26 1 0 526.23 86.24
27 2 0 518.74 86.24 0 130.12 475.05
28 1 0 514.99 85.00
29 2 0 511.02 86.25 0 178.49 340.89
30 2 0 506.18 86.26 0 503.80 86.26
31 2 0 498.75 86.24 0 185.48 333.60
32 2 0 493.76 86.22 0 493.76 88.75
33 3 0 488.84 86.25 0 483.94 622.63 0 489.42 87.49
34 2 0 481.25 88.76 0 482.67 619.97
35 1 0 478.75 88.74
36 2 0 473.82 90.00 0 483.77 608.79
37 1 0 468.74 89.27
38 2 0 463.74 88.76 0 486.23 598.74
39 2 0 458.76 88.76 0 488.76 596.15
40 1 0 452.53 90.01
41 2 0 448.77 89.96 0 210.26 292.51
42 3 0 443.75 89.99 0 488.76 581.25 0 211.25 291.20
43 3 0 437.50 89.99 0 490.01 593.76 0 489.46 591.22
44 3 0 488.82 569.01 0 433.74 91.26 0 431.78 91.26
45 3 0 427.50 91.21 0 491.24 566.49 0 491.21 568.68
46 3 0 421.24 91.26 0 491.24 563.09 0 517.49 237.48
47 1 0 416.25 91.26
48 2 0 412.51 90.01 0 227.49 267.49
49 1 0 406.25 91.26
50 3 0 401.27 91.27 0 233.76 258.75 0 486.15 561.43
