1 0
2 0
3 0
4 1 0 442.50 170.00
5 2 0 445.00 172.49 0 543.75 146.30
6 2 0 443.83 168.73 0 546.24 141.23
7 2 0 441.26 171.26 0 541.26 143.74
8 3 0 441.26 171.27 0 541.23 146.27 0 438.44 20.06
9 3 0 441.26 172.53 0 541.22 146.30 0 618.75 278.74
10 3 0 441.25 173.73 0 541.25 147.53 0 618.79 276.54
11 4 0 443.77 177.57 0 621.25 281.26 0 543.73 151.24 0 169.99 339.99
12 5 0 441.23 178.75 0 439.99 177.91 0 541.25 151.23 0 616.44 278.73 0 541.24 153.75
13 4 0 441.26 176.25 0 541.23 149.96 0 616.26 276.25 0 614.03 276.26
14 3 0 439.86 179.89 0 540.02 155.00 0 613.73 278.77
15 2 0 443.78 178.76 0 18.76 356.25
16 5 0 443.75 178.76 0 613.75 276.25 0 18.75 354.97 0 569.99 235.00 0 543.74 153.77
17 7 0 438.72 181.28 0 611.18 278.78 0 540.01 156.26 0 16.24 358.65 0 229.99 162.50 0 14.83 358.29 0 531.89 566.43
18 6 0 443.75 178.76 0 612.49 275.56 0 33.76 288.78 0 19.05 354.25 0 543.76 156.23 0 546.26 156.23
19 2 0 443.78 183.74 0 21.25 357.49
20 5 0 438.72 183.75 0 606.25 278.76 0 18.85 356.28 0 538.76 161.27 0 538.75 159.24
21 5 0 438.78 183.76 0 21.21 353.78 0 538.81 158.74 0 606.25 276.24 0 608.00 276.24
22 4 0 441.25 183.75 0 606.23 275.16 0 541.25 158.75 0 23.72 353.79
23 4 0 436.25 186.28 0 603.75 276.29 0 538.75 161.27 0 21.25 356.17
24 5 0 436.26 188.74 0 601.26 278.74 0 538.74 163.77 0 21.30 356.25 0 441.86 331.34
25 3 0 438.74 186.91 0 26.26 353.76 0 602.51 275.00
26 4 0 436.24 188.73 0 538.78 164.98 0 23.74 353.77 0 601.27 276.25
27 5 0 30.00 354.96 0 441.25 191.25 0 541.25 168.76 0 603.71 278.74 0 498.65 34.95
28 4 0 602.49 276.26 0 31.24 353.77 0 541.25 166.23 0 438.74 191.02
29 7 0 541.24 168.74 0 601.27 276.32 0 31.26 351.21 0 33.44 351.27 0 31.27 353.13 0 33.68 353.53 0 438.72 191.26
30 5 0 538.74 168.76 0 436.24 191.25 0 31.25 353.76 0 597.51 275.04 0 31.21 351.57
31 7 0 438.73 196.26 0 541.25 173.74 0 31.23 355.00 0 33.77 355.18 0 623.73 69.73 0 590.34 576.26 0 597.66 278.75
32 6 0 438.74 196.26 0 36.25 353.77 0 541.26 172.48 0 597.52 277.50 0 625.23 68.83 0 27.47 117.51
33 5 0 541.24 171.25 0 438.71 195.01 0 596.25 275.38 0 35.03 351.23 0 623.68 67.50
34 5 0 541.25 176.24 0 37.49 356.34 0 438.73 198.75 0 595.02 281.29 0 621.37 71.35
35 6 0 434.54 196.25 0 537.43 173.76 0 36.26 351.23 0 618.52 68.51 0 157.47 315.01 0 341.27 173.75
36 5 0 36.24 351.23 0 433.75 198.76 0 536.26 173.75 0 616.28 69.51 0 589.97 275.06
37 5 0 540.01 178.76 0 436.24 202.27 0 618.76 73.74 0 41.26 353.91 0 591.26 278.75
38 4 0 433.76 203.75 0 536.26 181.18 0 37.50 355.03 0 534.66 180.34
39 5 0 536.26 181.25 0 38.71 354.33 0 433.76 203.77 0 431.39 203.76 0 613.72 76.32
40 7 0 613.65 77.52 0 536.27 183.75 0 433.73 206.25 0 38.72 355.04 0 431.38 206.25 0 586.25 278.75 0 583.72 278.76
41 4 0 538.77 181.25 0 436.25 203.73 0 42.50 350.00 0 616.28 73.76
42 5 0 610.48 77.50 0 431.23 208.74 0 41.27 353.77 0 534.96 186.26 0 535.84 185.00
43 4 0 533.74 186.27 0 431.23 208.73 0 581.26 278.73 0 41.33 354.43
44 6 0 44.98 355.02 0 431.23 210.00 0 580.94 278.76 0 533.74 188.72 0 534.96 187.51 0 608.78 78.75
45 4 0 611.27 81.28 0 433.76 211.25 0 46.25 353.74 0 537.44 188.75
46 5 0 608.75 81.28 0 536.25 188.72 0 431.22 211.28 0 578.75 278.75 0 46.24 354.16
47 5 0 533.75 187.19 0 46.25 351.28 0 606.23 77.50 0 430.03 208.74 0 578.75 276.25
48 6 0 48.76 355.01 0 536.27 191.23 0 608.77 83.77 0 578.76 278.74 0 433.76 213.75 0 431.27 213.74
49 9 0 532.47 191.24 0 428.67 212.62 0 603.76 81.51 0 572.98 276.24 0 20.32 124.86 0 219.18 403.60 0 410.03 349.98 0 46.24 351.23 0 48.76 351.24
50 5 0 52.48 353.76 0 606.24 83.74 0 536.58 193.76 0 433.74 216.25 0 576.27 278.77
