1 0
2 3 0 501.25 537.49 0 549.98 620.00 0 514.99 188.88
3 4 0 505.00 533.75 0 70.01 301.24 0 555.01 616.29 0 149.99 598.72
4 4 0 502.50 537.50 0 550.69 620.00 0 146.28 602.46 0 516.17 193.78
5 4 0 505.00 533.74 0 71.26 303.75 0 553.71 618.76 0 551.23 618.74
6 5 0 504.97 531.24 0 73.74 303.76 0 516.20 189.99 0 71.24 303.74 0 513.78 581.18
7 6 0 502.45 528.75 0 70.87 300.03 0 547.48 613.75 0 513.73 191.16 0 146.26 594.11 0 143.75 593.75
8 5 0 501.03 532.48 0 510.00 194.99 0 143.76 598.75 0 546.23 618.75 0 71.25 308.75
9 5 0 503.75 527.50 0 147.50 595.00 0 548.74 613.74 0 513.75 191.24 0 61.25 311.21
10 4 0 501.26 530.03 0 510.00 195.01 0 74.99 307.51 0 143.75 596.23
11 6 0 503.73 526.28 0 511.23 193.91 0 78.71 306.26 0 146.24 594.08 0 547.49 612.97 0 504.98 527.55
12 6 0 498.75 526.23 0 506.27 195.67 0 499.86 527.50 0 140.07 594.99 0 541.28 616.24 0 75.00 306.35
13 6 0 502.48 526.27 0 507.50 197.51 0 543.75 616.25 0 143.73 593.76 0 77.49 308.81 0 513.75 586.34
14 4 0 501.27 521.27 0 506.24 193.77 0 143.73 586.26 0 541.24 610.01
15 6 0 502.38 525.00 0 82.52 310.01 0 623.73 298.78 0 541.26 613.75 0 143.75 591.26 0 506.25 198.75
16 5 0 500.01 523.75 0 621.10 298.76 0 141.26 591.19 0 538.74 616.24 0 503.75 198.76
17 8 0 502.47 518.76 0 541.23 610.00 0 363.77 621.27 0 143.73 586.25 0 621.24 293.73 0 506.26 196.07 0 625.31 495.65 0 504.19 195.99
18 8 0 501.25 521.27 0 621.24 498.67 0 140.01 588.89 0 84.99 310.01 0 362.33 625.75 0 620.01 298.73 0 538.76 613.75 0 502.34 201.26
19 8 0 500.00 516.23 0 621.24 492.01 0 618.76 291.34 0 500.01 196.29 0 536.45 608.74 0 84.96 303.59 0 138.74 581.96 0 360.76 620.31
20 8 0 502.49 518.75 0 622.50 496.26 0 618.77 296.26 0 141.23 586.28 0 361.26 623.75 0 86.24 314.02 0 501.25 201.24 0 536.71 612.48
21 8 0 498.76 517.51 0 618.74 496.26 0 357.48 623.74 0 616.25 296.28 0 533.72 612.51 0 138.77 586.29 0 498.76 201.26 0 86.26 313.74
22 7 0 497.69 513.76 0 616.26 491.25 0 355.23 619.82 0 613.76 293.76 0 531.26 608.75 0 496.26 198.75 0 136.26 581.29
23 9 0 498.75 515.11 0 531.28 611.26 0 616.25 493.76 0 355.00 621.24 0 613.73 293.73 0 136.28 583.73 0 496.24 201.27 0 613.75 295.61 0 493.95 201.32
24 9 0 501.26 509.98 0 617.53 490.02 0 533.76 606.24 0 356.25 616.28 0 138.76 578.75 0 496.26 198.74 0 613.73 291.25 0 616.13 291.26 0 90.14 307.55
25 7 0 501.25 508.76 0 532.50 605.01 0 613.75 291.25 0 617.57 488.75 0 496.27 198.77 0 356.25 616.25 0 138.76 578.37
26 8 0 501.25 512.49 0 531.23 610.76 0 355.01 620.00 0 616.25 492.32 0 92.50 315.02 0 493.72 205.01 0 138.71 581.28 0 613.76 296.23
27 10 0 497.52 510.01 0 612.48 491.27 0 491.27 202.52 0 608.76 293.77 0 351.26 618.76 0 620.01 463.35 0 91.25 313.78 0 526.35 608.72 0 526.26 606.71 0 133.75 578.76
28 10 0 499.98 506.27 0 528.76 603.77 0 613.72 486.26 0 611.24 288.84 0 491.26 201.25 0 621.24 459.57 0 136.25 573.77 0 353.75 613.73 0 548.78 635.90 0 352.46 614.94
29 7 0 498.78 508.75 0 613.69 490.01 0 491.25 206.27 0 528.75 608.76 0 610.02 293.74 0 351.24 618.75 0 353.76 618.76
30 9 0 497.53 504.98 0 523.76 605.00 0 132.52 572.50 0 606.23 291.25 0 611.26 486.25 0 488.76 203.76 0 350.80 616.25 0 619.17 460.99 0 93.59 314.76
31 8 0 497.54 503.11 0 525.01 603.77 0 611.24 483.77 0 349.92 612.50 0 606.22 288.91 0 133.46 572.51 0 488.73 203.65 0 486.26 202.58
32 8 0 500.10 506.26 0 526.27 606.27 0 351.22 616.26 0 488.99 208.70 0 613.76 486.80 0 489.98 207.47 0 608.73 293.76 0 136.27 576.25
33 10 0 498.75 500.01 0 347.50 610.00 0 611.23 483.77 0 132.52 570.01 0 522.56 601.27 0 98.77 313.75 0 486.25 203.75 0 616.27 459.99 0 606.19 286.25 0 606.21 288.76
34 9 0 498.75 498.79 0 608.75 481.26 0 485.05 205.00 0 347.49 610.02 0 100.01 315.01 0 521.33 602.51 0 603.75 288.64 0 607.48 482.00 0 132.52 570.03
35 10 0 501.26 501.22 0 605.01 290.96 0 610.02 485.03 0 349.97 612.50 0 522.66 604.44 0 132.51 571.23 0 488.73 208.77 0 486.25 208.77 0 103.65 317.78 0 616.37 463.74
36 10 0 496.25 500.00 0 605.19 485.01 0 517.51 605.00 0 100.00 317.51 0 601.24 291.25 0 481.25 208.77 0 610.03 460.21 0 343.74 612.34 0 92.49 307.50 0 130.30 568.77
37 7 0 498.74 501.26 0 483.74 211.25 0 601.26 292.41 0 518.75 603.75 0 606.22 486.09 0 346.24 612.50 0 132.55 570.01
38 8 0 498.74 494.02 0 107.46 315.02 0 601.26 286.25 0 612.49 460.08 0 606.22 478.75 0 483.71 206.25 0 608.69 478.74 0 518.74 598.73
39 8 0 500.69 494.99 0 483.76 210.00 0 108.15 317.50 0 132.51 564.82 0 606.26 481.24 0 346.27 608.74 0 601.25 288.74 0 518.76 601.22
40 8 0 497.51 492.51 0 603.76 478.73 0 517.47 597.50 0 130.00 562.52 0 597.64 286.22 0 107.48 315.06 0 343.68 606.25 0 481.25 208.75
41 9 0 498.75 491.25 0 605.03 477.63 0 517.49 597.51 0 130.03 562.51 0 598.74 286.24 0 481.24 208.75 0 109.96 317.50 0 343.75 606.25 0 609.91 461.95
42 7 0 495.03 491.25 0 601.24 478.74 0 474.98 210.00 0 338.75 606.26 0 593.74 286.25 0 511.24 598.74 0 107.49 317.51
43 7 0 498.75 493.74 0 596.24 290.00 0 515.00 602.52 0 602.52 481.04 0 110.01 322.51 0 341.24 608.75 0 478.74 213.75
44 8 0 499.99 491.25 0 596.23 288.76 0 603.38 478.73 0 113.87 322.49 0 477.49 213.76 0 513.76 601.25 0 341.25 608.74 0 130.10 561.31
45 8 0 498.75 491.26 0 340.00 605.00 0 594.98 288.77 0 130.01 562.51 0 601.24 478.81 0 601.24 481.09 0 475.81 216.23 0 513.75 601.28
46 7 0 497.61 490.01 0 593.76 289.23 0 340.00 606.25 0 601.26 478.75 0 113.75 323.76 0 474.98 216.25 0 513.74 598.75
47 8 0 499.83 488.72 0 115.00 322.51 0 601.23 476.24 0 130.02 557.51 0 593.74 288.75 0 476.23 216.25 0 340.01 604.99 0 511.23 598.75
48 9 0 596.25 476.24 0 494.93 486.73 0 507.49 597.51 0 124.99 557.49 0 333.76 603.75 0 588.74 288.79 0 471.19 216.26 0 588.73 286.53 0 115.00 322.49
49 7 0 497.48 487.51 0 598.72 476.26 0 588.75 288.77 0 508.74 598.76 0 471.22 218.74 0 337.18 605.00 0 117.50 324.97
50 8 0 498.75 482.52 0 591.24 283.76 0 509.97 595.00 0 117.49 324.99 0 598.74 473.75 0 598.73 471.25 0 338.52 601.24 0 130.02 553.75
