1 0
2 0
3 0
4 1 0 36.27 461.52
5 0
6 0
7 0
8 2 0 621.26 118.77 0 317.49 529.84
9 1 0 621.25 122.51
10 1 0 618.75 121.25
11 2 0 547.49 621.22 0 618.76 118.74
12 2 0 548.75 623.73 0 620.01 122.48
13 2 0 317.49 522.52 0 546.24 618.89
14 3 0 620.00 122.50 0 548.74 620.00 0 322.48 522.52
15 4 0 618.75 121.28 0 547.15 618.74 0 321.27 518.74 0 321.25 521.22
16 3 0 613.76 123.75 0 541.41 616.28 0 318.75 518.72
17 3 0 546.23 618.77 0 322.49 521.50 0 616.64 126.23
18 1 0 546.26 616.26
19 4 0 325.00 517.51 0 616.25 126.24 0 613.91 126.25 0 543.76 613.72
20 2 0 540.00 613.81 0 611.27 126.25
21 1 0 611.24 130.00
22 5 0 19.15 352.40 0 326.22 517.47 0 543.75 613.75 0 613.26 129.73 0 616.23 128.81
23 4 0 15.02 350.43 0 538.76 611.24 0 608.74 129.56 0 606.23 128.80
24 3 0 21.25 351.26 0 612.51 130.01 0 541.25 611.26
25 3 0 21.25 348.74 0 540.13 608.75 0 610.04 129.99
26 2 0 538.75 605.09 0 21.26 346.26
27 4 0 21.25 347.51 0 603.63 130.00 0 536.27 606.25 0 536.26 608.78
28 4 0 23.78 350.67 0 538.68 611.25 0 331.13 514.96 0 24.91 352.16
29 6 0 21.40 347.43 0 601.50 132.50 0 536.27 606.28 0 533.74 606.25 0 533.75 413.89 0 533.75 416.18
30 7 0 26.25 350.01 0 330.00 508.85 0 536.25 609.25 0 588.75 621.63 0 603.73 136.24 0 147.50 379.96 0 603.75 133.77
31 2 0 26.27 349.89 0 533.76 608.73
32 5 0 603.76 132.50 0 27.50 346.26 0 533.75 603.72 0 388.87 16.30 0 613.66 481.38
33 5 0 530.01 602.52 0 26.82 346.28 0 27.37 344.96 0 388.73 16.27 0 5.24 162.51
34 4 0 530.02 603.75 0 27.49 346.27 0 388.71 20.00 0 598.73 136.25
35 4 0 533.76 603.73 0 32.99 345.06 0 332.51 501.23 0 393.77 18.74
36 3 0 29.98 346.93 0 528.76 602.61 0 597.48 139.99
37 5 0 33.76 343.74 0 533.20 598.74 0 601.27 136.26 0 332.52 500.02 0 391.19 21.25
38 3 0 36.23 345.04 0 601.25 138.76 0 533.50 601.24
39 6 0 594.39 141.23 0 31.25 345.80 0 330.01 500.01 0 32.48 344.95 0 526.24 598.75 0 386.25 23.75
40 6 0 594.00 140.00 0 32.48 344.39 0 526.25 597.51 0 386.24 26.26 0 328.74 498.10 0 326.23 497.77
41 6 0 36.23 346.26 0 387.51 28.25 0 331.32 498.74 0 595.02 142.83 0 528.75 601.26 0 526.31 601.27
42 6 0 38.74 345.80 0 387.49 29.54 0 593.77 143.75 0 526.25 598.76 0 526.27 601.36 0 53.14 493.80
43 4 0 36.24 341.27 0 522.51 595.01 0 591.24 143.74 0 383.18 26.32
44 5 0 39.98 339.95 0 593.74 141.25 0 523.79 591.24 0 523.78 593.74 0 330.02 490.02
45 4 0 38.74 339.99 0 522.51 593.77 0 590.28 143.49 0 522.29 591.21
46 6 0 42.51 343.73 0 522.50 595.00 0 591.25 146.54 0 336.28 493.74 0 386.28 34.02 0 333.79 493.76
47 4 0 45.02 341.25 0 524.99 595.00 0 593.77 146.30 0 338.75 491.29
48 5 0 46.25 342.30 0 591.24 148.75 0 523.76 593.79 0 386.25 33.77 0 336.25 492.58
49 4 0 523.75 588.83 0 48.74 339.87 0 591.23 147.54 0 338.85 489.98
50 6 0 46.27 337.49 0 588.75 143.74 0 588.73 146.21 0 521.24 587.11 0 383.75 31.25 0 46.32 335.35
