1 0
2 1 0 131.28 78.76
3 1 0 131.25 78.75
4 1 0 133.68 80.14
5 2 0 133.75 81.25 0 135.05 80.02
6 1 0 134.96 81.26
7 1 0 136.26 81.27
8 1 0 138.75 82.58
9 1 0 138.75 83.52
10 2 0 140.86 83.76 0 18.76 16.28
11 2 0 141.25 85.02 0 20.13 16.76
12 4 0 143.73 86.24 0 21.24 18.76 0 248.75 16.29 0 317.49 67.49
13 4 0 143.74 86.25 0 317.51 67.51 0 20.55 20.00 0 250.01 16.29
14 3 0 20.02 21.21 0 144.78 86.24 0 250.02 18.76
15 4 0 249.98 21.09 0 146.25 86.59 0 21.25 21.25 0 314.97 69.92
16 4 0 147.56 88.77 0 248.75 21.29 0 22.34 23.62 0 311.19 71.13
17 3 0 148.73 88.76 0 23.76 23.77 0 248.76 23.75
18 5 0 149.11 88.77 0 248.88 23.75 0 26.02 23.81 0 25.69 25.36 0 23.77 23.76
19 4 0 151.24 89.55 0 248.76 26.25 0 26.27 26.27 0 24.23 26.27
20 4 0 248.77 26.25 0 151.22 89.99 0 26.25 27.50 0 306.27 71.23
21 3 0 155.01 92.48 0 27.49 30.00 0 248.78 28.77
22 3 0 155.03 91.26 0 27.49 30.00 0 250.01 29.99
23 3 0 156.26 93.74 0 27.51 31.25 0 248.76 31.25
24 4 0 157.04 93.74 0 249.99 33.74 0 362.84 18.74 0 29.84 31.22
25 6 0 29.99 34.99 0 158.81 93.74 0 249.80 35.00 0 363.81 19.98 0 300.00 75.00 0 160.01 95.05
26 5 0 362.50 20.00 0 29.99 34.99 0 249.99 34.99 0 161.19 95.02 0 299.91 75.06
27 5 0 250.01 37.50 0 161.25 96.25 0 31.24 36.22 0 362.50 21.29 0 316.04 619.23
28 4 0 162.88 96.25 0 248.76 38.75 0 31.23 37.34 0 361.29 23.73
29 3 0 163.77 97.50 0 31.25 38.74 0 250.03 38.75
30 5 0 248.76 41.51 0 165.00 98.75 0 362.50 27.47 0 33.65 38.84 0 31.25 38.78
31 6 0 166.27 98.76 0 362.50 27.51 0 33.75 41.25 0 248.73 43.75 0 291.36 76.23 0 246.28 43.66
32 4 0 34.99 42.50 0 248.75 45.01 0 361.26 27.54 0 166.43 98.77
33 5 0 168.76 99.01 0 35.88 43.75 0 248.76 46.25 0 290.70 82.49 0 361.27 29.98
34 5 0 168.88 101.25 0 37.48 45.02 0 361.28 31.28 0 248.76 48.72 0 290.01 82.48
35 4 0 171.26 101.27 0 248.76 48.76 0 36.24 46.26 0 358.78 33.72
36 6 0 173.73 101.31 0 248.74 50.19 0 36.25 46.26 0 358.72 33.77 0 36.23 48.76 0 117.49 82.52
37 3 0 173.75 102.55 0 248.75 51.26 0 38.74 48.75
38 4 0 174.12 102.75 0 248.76 52.75 0 357.73 37.51 0 38.75 50.02
39 6 0 176.26 103.76 0 249.97 53.75 0 358.66 37.50 0 282.48 84.99 0 85.01 84.97 0 41.25 50.30
40 5 0 42.51 52.32 0 177.54 104.97 0 246.26 56.26 0 282.46 84.98 0 357.48 41.25
41 4 0 42.49 52.50 0 178.74 105.94 0 358.64 42.53 0 248.76 56.27
42 5 0 180.00 106.27 0 248.76 58.76 0 41.54 53.74 0 277.50 86.22 0 589.97 147.52
43 6 0 248.76 61.24 0 181.26 106.24 0 276.24 86.24 0 357.48 44.99 0 43.74 56.27 0 43.74 53.81
44 5 0 182.49 106.38 0 43.77 56.26 0 248.76 61.26 0 356.24 46.24 0 277.48 84.95
45 5 0 183.74 108.77 0 43.78 58.75 0 248.77 63.75 0 357.46 48.76 0 356.23 46.27
46 5 0 357.48 50.01 0 185.31 108.74 0 248.76 63.75 0 44.99 58.75 0 274.99 90.01
47 4 0 187.47 109.98 0 46.22 61.25 0 355.06 50.00 0 248.75 66.25
48 5 0 187.47 110.03 0 355.02 52.50 0 271.12 90.01 0 46.25 61.26 0 248.75 66.22
49 6 0 188.74 110.04 0 355.02 52.52 0 269.99 90.03 0 246.23 68.73 0 248.75 68.76 0 46.24 62.50
50 6 0 189.95 111.25 0 248.76 71.24 0 48.75 63.74 0 353.73 56.23 0 46.35 63.73 0 353.75 53.75
