1 0
2 3 0 60.00 260.01 0 143.58 21.30 0 313.74 126.00
3 4 0 62.49 268.75 0 151.23 23.73 0 301.25 128.78 0 217.67 636.55
4 4 0 72.54 280.01 0 166.21 31.24 0 298.74 136.26 0 165.15 32.51
5 4 0 77.49 292.51 0 173.76 38.77 0 77.52 163.75 0 573.75 342.05
6 5 0 82.14 294.60 0 183.75 38.75 0 53.77 248.82 0 278.89 146.13 0 281.10 146.17
7 5 0 88.68 306.26 0 193.73 43.76 0 271.23 151.24 0 3.24 293.07 0 101.26 251.65
8 4 0 84.97 318.79 0 196.23 53.75 0 253.73 161.29 0 256.24 161.21
9 5 0 90.01 325.03 0 244.97 165.01 0 203.74 53.75 0 78.75 286.24 0 80.53 286.29
10 4 0 102.49 335.01 0 221.24 60.46 0 245.00 170.02 0 274.94 143.74
11 2 0 103.72 345.50 0 226.25 66.27
12 4 0 112.49 346.85 0 227.50 173.73 0 238.74 63.69 0 26.43 451.55
13 4 0 108.76 354.99 0 242.86 66.58 0 210.00 178.73 0 507.50 52.51
14 3 0 123.31 363.76 0 258.75 71.26 0 166.32 13.71
15 4 0 122.49 368.76 0 170.16 18.64 0 263.31 71.44 0 264.39 72.41
16 4 0 132.49 386.13 0 276.60 84.84 0 189.98 197.50 0 181.25 32.52
17 5 0 130.01 388.41 0 277.48 81.30 0 620.04 546.25 0 181.26 31.24 0 181.29 33.66
18 6 0 136.23 395.00 0 290.00 82.53 0 191.22 37.53 0 611.25 540.08 0 148.74 212.51 0 151.27 561.26
19 6 0 145.30 402.47 0 18.75 89.81 0 203.66 44.48 0 162.49 205.00 0 302.50 87.46 0 603.79 538.77
20 7 0 313.75 91.26 0 211.44 52.51 0 28.74 93.74 0 152.52 412.18 0 598.73 536.26 0 153.75 210.00 0 600.00 535.03
21 7 0 148.99 422.49 0 315.58 100.00 0 211.27 63.73 0 581.25 536.30 0 29.67 98.74 0 137.63 216.78 0 522.49 364.98
22 6 0 154.99 430.01 0 572.85 531.28 0 218.75 68.74 0 130.00 220.52 0 38.76 101.27 0 326.24 101.38
23 5 0 168.75 443.03 0 233.74 82.50 0 343.71 109.68 0 58.69 108.74 0 129.99 229.99
24 7 0 164.98 446.25 0 343.73 108.76 0 553.75 526.26 0 231.22 85.66 0 616.95 96.26 0 58.29 107.53 0 111.22 230.01
25 8 0 172.49 452.51 0 68.74 108.76 0 546.25 521.25 0 240.22 91.29 0 608.73 93.76 0 356.25 111.22 0 106.25 233.74 0 106.27 231.38
26 10 0 183.72 462.62 0 251.28 101.25 0 370.01 117.50 0 82.49 113.76 0 543.73 521.33 0 103.74 238.75 0 606.22 96.27 0 604.93 543.66 0 606.23 94.27 0 170.85 210.07
27 6 0 88.75 123.75 0 186.25 478.77 0 378.74 128.76 0 256.27 117.54 0 532.63 526.26 0 254.26 117.83
28 7 0 191.24 477.49 0 258.80 116.27 0 96.26 118.74 0 521.26 513.76 0 386.24 121.97 0 581.24 93.73 0 81.25 246.28
29 8 0 106.26 131.26 0 514.99 521.28 0 197.48 495.15 0 398.75 136.26 0 75.00 260.00 0 573.75 103.75 0 266.26 133.75 0 267.32 134.95
30 8 0 195.01 498.75 0 108.75 131.27 0 497.55 513.77 0 263.74 139.53 0 556.40 98.75 0 58.74 261.27 0 398.90 135.16 0 117.44 243.82
31 10 0 203.75 502.49 0 53.05 261.24 0 492.68 506.34 0 551.19 93.74 0 121.25 129.33 0 272.47 143.76 0 413.74 133.74 0 465.93 13.74 0 463.82 13.40 0 119.99 130.04
32 13 0 212.51 511.96 0 132.40 133.73 0 543.74 93.78 0 486.23 503.79 0 426.13 138.78 0 279.99 153.71 0 461.25 21.26 0 48.74 266.28 0 46.24 266.27 0 625.76 53.75 0 623.72 53.77 0 487.54 505.03 0 515.00 82.40
33 7 0 210.02 524.75 0 427.49 147.52 0 277.51 168.14 0 133.75 142.84 0 448.77 32.76 0 526.24 98.75 0 471.17 506.32
34 14 0 218.78 527.49 0 146.27 143.22 0 283.81 171.27 0 609.00 68.62 0 521.25 93.77 0 441.23 148.36 0 463.74 498.75 0 446.25 33.76 0 440.01 147.52 0 145.00 142.53 0 26.24 273.73 0 23.81 273.78 0 520.00 93.02 0 448.56 33.80
35 10 0 227.20 546.26 0 156.25 156.25 0 606.23 83.75 0 445.74 52.56 0 20.00 290.01 0 18.75 233.74 0 458.74 506.25 0 291.26 191.26 0 452.47 160.79 0 513.75 103.73
36 11 0 231.23 544.90 0 437.49 50.01 0 598.76 81.27 0 163.80 151.21 0 461.26 153.76 0 501.76 93.75 0 293.73 191.26 0 482.49 499.17 0 26.24 226.26 0 448.75 493.77 0 446.63 493.78
37 6 0 234.98 562.51 0 296.26 211.25 0 171.26 164.99 0 438.06 501.27 0 491.25 103.75 0 469.92 168.78
38 11 0 242.41 562.09 0 298.77 211.25 0 482.50 93.75 0 45.01 228.58 0 181.25 158.76 0 428.70 488.73 0 481.25 161.85 0 428.07 487.57 0 585.89 96.25 0 583.94 96.25 0 426.48 63.73
39 9 0 245.01 580.01 0 301.25 231.27 0 188.73 173.51 0 471.23 103.73 0 418.75 496.30 0 420.01 81.78 0 289.99 191.21 0 488.75 176.25 0 621.27 114.89
40 12 0 201.27 172.49 0 307.50 236.23 0 420.00 82.88 0 255.89 582.24 0 68.65 233.80 0 466.27 98.75 0 92.51 110.01 0 502.65 176.24 0 573.74 111.25 0 413.77 488.74 0 531.21 93.74 0 416.21 488.77
41 11 0 404.98 90.01 0 558.75 118.75 0 250.17 590.00 0 300.01 245.02 0 396.19 483.75 0 198.75 176.24 0 501.26 178.75 0 218.78 161.28 0 448.74 96.25 0 42.49 170.02 0 68.74 234.84
42 14 0 303.74 252.94 0 257.59 595.12 0 210.98 176.24 0 553.76 121.27 0 401.14 94.21 0 389.06 479.72 0 514.57 178.93 0 450.05 492.49 0 441.08 93.75 0 31.22 228.75 0 81.23 233.77 0 79.20 233.70 0 400.31 94.98 0 33.73 228.74
43 13 0 270.04 606.24 0 312.53 266.27 0 386.25 478.72 0 224.03 186.09 0 553.77 129.87 0 96.27 238.69 0 225.10 184.98 0 403.69 106.14 0 488.74 373.35 0 403.73 103.71 0 476.27 92.53 0 278.72 201.32 0 468.71 77.48
44 11 0 273.73 612.50 0 311.23 273.76 0 394.99 109.99 0 231.23 187.76 0 543.72 133.78 0 103.73 237.23 0 374.68 473.75 0 423.75 93.74 0 538.74 186.28 0 608.73 121.27 0 607.03 121.31
45 10 0 274.89 620.08 0 308.74 283.75 0 410.15 93.73 0 235.01 191.23 0 108.72 238.74 0 386.25 116.24 0 259.99 562.51 0 361.46 471.20 0 532.41 136.28 0 362.31 472.43
46 10 0 116.26 242.51 0 349.99 469.98 0 551.22 196.26 0 306.25 293.91 0 376.31 126.25 0 241.24 198.74 0 398.74 96.27 0 381.24 488.74 0 521.24 143.76 0 241.28 598.60
47 8 0 125.41 250.03 0 387.49 101.24 0 513.75 156.29 0 340.00 473.75 0 248.76 210.59 0 306.25 311.26 0 558.73 206.24 0 371.26 138.75
48 9 0 313.75 317.48 0 372.52 140.79 0 338.75 466.28 0 515.01 157.49 0 142.49 246.27 0 263.74 209.45 0 386.25 96.27 0 578.77 206.30 0 290.08 613.69
49 11 0 306.26 333.75 0 323.00 470.00 0 369.30 103.74 0 146.25 256.26 0 361.26 154.03 0 381.09 460.00 0 501.03 167.21 0 149.01 629.79 0 524.98 149.78 0 266.24 221.28 0 259.99 277.52
50 10 0 270.34 221.26 0 357.45 96.27 0 311.23 461.25 0 302.51 337.48 0 151.23 251.28 0 353.70 154.99 0 351.44 155.68 0 490.53 168.74 0 490.01 167.23 0 362.45 452.48
