1 0
2 0
3 2 0 82.51 388.73 0 249.92 483.75
4 1 0 245.01 478.72
5 0
6 2 0 246.24 473.78 0 248.75 473.79
7 2 0 256.26 478.74 0 93.71 389.81
8 2 0 91.26 381.33 0 253.76 470.33
9 2 0 91.25 381.29 0 253.75 468.75
10 2 0 91.25 381.27 0 253.75 468.73
11 3 0 253.77 476.27 0 93.77 391.25 0 546.58 75.01
12 3 0 98.74 386.29 0 48.76 18.75 0 259.98 470.00
13 3 0 98.75 389.09 0 48.74 23.75 0 258.75 474.32
14 3 0 92.02 383.74 0 253.61 466.26 0 41.26 18.74
15 1 0 251.22 469.03
16 0
17 1 0 96.26 383.74
18 2 0 101.25 383.74 0 260.02 461.27
19 3 0 106.25 386.30 0 261.28 463.74 0 51.22 21.53
20 3 0 41.24 23.73 0 97.43 386.28 0 253.76 461.25
21 4 0 256.28 461.23 0 98.75 383.74 0 412.49 18.75 0 98.78 386.26
22 3 0 263.59 460.30 0 51.28 23.73 0 324.90 578.88
23 4 0 53.75 28.75 0 109.98 388.55 0 322.52 595.04 0 266.22 463.73
24 3 0 108.73 386.27 0 51.29 26.25 0 263.73 457.32
25 3 0 258.75 456.26 0 46.23 26.30 0 48.69 26.26
26 3 0 267.19 458.75 0 53.76 28.85 0 113.75 386.36
27 5 0 266.26 457.85 0 113.76 386.26 0 56.25 30.09 0 53.77 29.55 0 111.22 386.26
28 2 0 48.76 28.59 0 107.55 386.26
29 2 0 106.26 392.88 0 48.75 36.25
30 4 0 266.25 457.51 0 116.28 391.24 0 56.28 33.92 0 423.72 33.76
31 3 0 116.29 391.24 0 56.27 36.23 0 268.04 458.77
32 4 0 418.74 38.73 0 263.40 460.11 0 53.67 41.24 0 70.00 29.99
33 6 0 13.91 301.84 0 49.96 42.48 0 261.25 457.38 0 63.63 38.79 0 442.50 322.53 0 416.25 38.73
34 5 0 115.00 395.02 0 18.76 302.83 0 52.54 43.85 0 418.74 38.74 0 263.70 458.72
35 4 0 16.26 301.24 0 49.97 42.51 0 260.04 453.75 0 113.76 393.76
36 4 0 271.22 449.96 0 123.64 391.23 0 25.28 296.25 0 58.75 38.73
37 5 0 17.47 301.25 0 50.01 45.01 0 115.01 395.03 0 261.67 453.76 0 433.79 605.00
38 6 0 117.53 397.49 0 52.50 46.24 0 418.74 42.51 0 21.25 303.56 0 263.75 453.71 0 263.76 455.49
39 4 0 48.76 41.22 0 17.75 298.75 0 263.04 448.76 0 116.26 393.77
40 6 0 26.77 301.62 0 125.01 397.49 0 269.97 452.50 0 421.59 46.25 0 58.76 48.74 0 58.76 46.28
41 4 0 28.76 301.42 0 126.21 396.42 0 58.77 46.23 0 269.98 452.50
42 5 0 28.74 293.76 0 270.00 442.18 0 125.71 389.83 0 27.69 295.00 0 57.09 38.76
43 4 0 23.47 296.27 0 121.26 389.78 0 52.46 42.48 0 266.24 443.75
44 5 0 26.30 293.74 0 123.75 391.22 0 267.52 441.33 0 56.26 41.28 0 27.26 294.96
45 4 0 33.76 298.75 0 132.50 395.02 0 61.25 46.28 0 273.75 443.77
46 4 0 34.98 297.50 0 273.76 441.33 0 61.30 46.28 0 133.13 391.23
47 6 0 36.26 297.51 0 275.01 442.54 0 133.76 393.78 0 62.67 46.39 0 63.63 48.57 0 423.76 45.14
48 4 0 58.77 53.76 0 32.77 305.79 0 31.26 304.20 0 269.97 444.99
49 6 0 36.28 296.27 0 133.75 391.22 0 61.25 46.26 0 273.91 436.28 0 90.01 484.99 0 41.31 458.83
50 5 0 56.25 53.77 0 31.23 302.94 0 128.75 398.74 0 267.51 442.51 0 496.25 178.76
