1 0
2 0
3 5 0 363.76 597.50 0 393.77 548.77 0 158.74 361.59 0 160.47 362.72 0 580.01 483.71
4 4 0 363.74 595.00 0 161.26 361.26 0 393.75 548.76 0 391.22 548.73
5 4 0 363.76 591.23 0 390.02 547.52 0 163.77 361.24 0 59.99 18.76
6 5 0 362.51 589.96 0 387.50 547.53 0 166.25 361.25 0 49.99 555.01 0 332.77 92.69
7 3 0 363.25 586.35 0 386.24 547.51 0 168.75 358.75
8 4 0 172.50 357.50 0 363.75 583.78 0 383.13 546.26 0 382.74 543.74
9 4 0 266.25 622.69 0 172.50 357.48 0 363.74 581.26 0 381.24 546.27
10 4 0 266.25 621.27 0 363.71 578.74 0 378.74 543.73 0 176.25 356.25
11 4 0 268.74 619.43 0 178.75 356.25 0 363.76 577.59 0 376.82 543.73
12 6 0 270.02 617.50 0 181.25 353.74 0 373.76 541.25 0 363.78 573.78 0 363.73 576.25 0 315.01 570.01
13 4 0 269.98 614.93 0 363.77 570.18 0 372.50 540.01 0 183.70 353.76
14 5 0 271.25 613.71 0 363.77 570.00 0 372.51 540.01 0 272.50 612.85 0 186.26 351.24
15 4 0 272.51 611.24 0 362.49 565.01 0 368.75 539.89 0 188.75 351.25
16 6 0 273.73 609.98 0 362.52 565.00 0 565.02 476.23 0 623.31 241.50 0 191.22 351.22 0 368.71 538.75
17 6 0 275.01 607.53 0 621.24 243.74 0 362.51 561.59 0 193.76 348.74 0 366.23 536.30 0 191.20 348.74
18 6 0 276.25 605.01 0 195.00 348.70 0 618.75 244.99 0 363.71 558.77 0 363.68 536.36 0 363.78 560.97
19 5 0 277.50 602.78 0 362.50 556.59 0 616.26 246.25 0 194.99 347.49 0 201.25 16.26
20 7 0 278.73 601.27 0 362.51 553.76 0 198.74 18.76 0 198.75 346.27 0 613.91 248.45 0 358.68 533.75 0 615.04 247.48
21 6 0 280.01 598.78 0 613.49 248.76 0 198.71 19.98 0 356.26 533.76 0 201.26 346.61 0 362.30 551.15
22 6 0 281.26 597.53 0 610.03 250.01 0 362.49 548.99 0 196.26 22.48 0 203.77 343.77 0 204.13 346.29
23 6 0 282.33 595.04 0 608.76 253.28 0 196.23 23.74 0 362.50 546.27 0 206.26 343.76 0 206.26 346.28
24 5 0 283.75 593.44 0 194.98 26.27 0 362.50 543.73 0 606.24 253.74 0 347.52 530.80
25 7 0 285.01 591.27 0 363.17 541.25 0 604.07 256.26 0 16.44 518.74 0 191.25 28.75 0 211.18 341.38 0 193.70 28.76
26 6 0 285.04 588.76 0 20.00 516.26 0 362.51 538.78 0 191.22 31.22 0 601.60 257.50 0 212.63 340.01
27 8 0 287.30 586.23 0 21.25 513.79 0 263.73 16.82 0 601.24 258.75 0 191.22 33.76 0 361.23 536.26 0 216.27 339.08 0 191.24 31.34
28 10 0 263.70 19.99 0 287.49 585.01 0 598.71 260.18 0 188.76 33.76 0 361.26 533.76 0 218.74 339.54 0 21.26 513.75 0 52.50 277.51 0 340.07 526.22 0 21.26 511.24
29 8 0 445.03 621.72 0 263.72 21.22 0 596.25 17.49 0 186.44 36.40 0 597.48 261.27 0 288.89 582.95 0 362.51 531.57 0 23.73 509.31
30 8 0 444.13 620.03 0 290.02 581.26 0 596.22 18.76 0 186.26 38.77 0 362.49 530.00 0 595.03 263.73 0 263.73 24.69 0 26.24 509.13
31 10 0 442.50 618.56 0 292.13 578.75 0 263.75 26.26 0 27.50 506.55 0 593.75 21.24 0 361.27 525.02 0 186.24 42.49 0 593.73 266.25 0 593.76 264.00 0 591.33 266.28
32 10 0 292.52 576.26 0 440.02 617.53 0 263.73 28.76 0 591.23 266.19 0 593.73 23.82 0 361.27 523.76 0 183.74 43.75 0 28.73 503.74 0 592.45 24.99 0 28.74 506.26
33 9 0 438.72 615.00 0 588.73 267.94 0 293.76 574.97 0 263.75 31.27 0 591.22 26.28 0 181.25 46.27 0 361.27 521.26 0 31.24 503.76 0 290.34 507.52
34 9 0 437.46 613.63 0 263.73 33.77 0 591.23 28.74 0 587.48 269.38 0 295.02 572.17 0 181.24 48.75 0 33.76 503.35 0 181.24 46.80 0 218.59 338.56
35 10 0 435.00 612.50 0 296.26 570.01 0 181.24 51.22 0 590.73 31.25 0 263.68 36.24 0 362.49 515.02 0 583.74 271.27 0 35.00 500.24 0 33.81 506.61 0 237.03 330.05
36 9 0 433.06 609.97 0 297.51 568.74 0 588.75 32.62 0 178.76 53.32 0 263.72 40.52 0 36.26 497.28 0 583.74 273.75 0 361.22 513.75 0 235.91 330.38
37 10 0 298.75 566.24 0 431.32 609.62 0 263.74 42.53 0 587.49 34.99 0 581.06 275.01 0 237.48 330.02 0 361.27 510.05 0 37.16 496.27 0 178.72 54.04 0 177.66 55.06
38 8 0 429.98 607.50 0 299.98 564.82 0 586.25 37.51 0 263.75 44.93 0 578.75 275.59 0 38.72 493.79 0 176.25 56.25 0 361.26 507.52
39 9 0 427.50 605.02 0 301.25 562.49 0 585.02 38.75 0 263.73 48.74 0 41.25 491.25 0 576.27 277.48 0 361.45 506.28 0 176.26 58.77 0 173.75 58.77
40 8 0 426.29 604.96 0 263.74 50.14 0 583.75 41.25 0 302.51 560.20 0 42.50 490.03 0 573.76 278.75 0 173.75 61.26 0 361.29 501.27
41 8 0 303.74 558.75 0 425.00 602.50 0 263.74 52.77 0 362.51 500.00 0 583.44 43.73 0 173.75 63.74 0 572.49 281.25 0 43.80 489.11
42 8 0 422.50 599.99 0 581.25 46.25 0 305.00 556.24 0 570.02 282.51 0 172.73 66.27 0 45.20 485.02 0 263.63 55.54 0 361.28 498.68
43 9 0 420.80 599.97 0 568.76 283.76 0 306.26 554.91 0 171.24 67.52 0 579.99 47.99 0 262.50 57.49 0 361.24 493.75 0 361.24 496.26 0 46.25 482.72
44 9 0 420.00 597.49 0 307.49 552.48 0 578.75 49.97 0 169.99 70.00 0 263.74 61.23 0 566.24 285.02 0 45.91 482.51 0 361.33 496.24 0 361.25 493.76
45 9 0 417.49 596.15 0 308.74 550.01 0 263.74 62.47 0 565.05 286.22 0 578.74 51.25 0 171.24 73.77 0 362.08 488.93 0 52.53 477.51 0 518.39 313.80
46 8 0 416.19 594.99 0 308.81 547.49 0 262.49 65.08 0 562.50 288.77 0 576.26 54.52 0 50.02 477.50 0 168.79 75.01 0 260.19 321.62
47 8 0 309.98 546.27 0 413.81 592.45 0 262.46 68.74 0 574.99 56.25 0 361.30 485.00 0 561.25 290.81 0 168.73 76.30 0 166.26 76.27
48 9 0 412.50 591.27 0 573.75 58.75 0 557.51 292.49 0 311.22 544.01 0 263.10 71.23 0 312.50 544.97 0 361.33 482.49 0 166.23 81.26 0 166.18 78.78
49 11 0 409.99 590.03 0 262.50 73.77 0 572.85 61.25 0 313.74 542.49 0 557.46 293.28 0 165.01 82.49 0 58.75 471.22 0 361.25 478.75 0 268.62 318.72 0 489.99 69.99 0 361.28 480.71
50 9 0 408.94 587.54 0 313.74 540.02 0 572.50 63.63 0 262.51 75.34 0 165.00 83.89 0 362.49 476.32 0 269.16 316.75 0 556.22 296.26 0 59.95 470.00
