1 0
2 4 0 557.51 610.02 0 258.74 148.73 0 477.52 147.43 0 193.73 522.37
3 6 0 30.00 51.22 0 258.75 149.99 0 557.50 610.02 0 31.26 491.26 0 477.54 146.43 0 90.00 140.01
4 8 0 258.75 151.26 0 28.85 51.24 0 556.28 608.76 0 90.00 141.25 0 475.02 147.52 0 193.75 517.52 0 31.26 491.27 0 33.75 491.26
5 8 0 258.75 152.53 0 29.89 53.75 0 33.75 491.26 0 193.76 516.24 0 91.26 143.63 0 556.25 606.24 0 556.24 608.73 0 475.46 146.30
6 11 0 258.75 153.76 0 36.24 492.51 0 195.02 515.01 0 31.22 53.75 0 91.26 143.75 0 556.27 606.26 0 469.41 162.50 0 309.99 130.04 0 473.75 146.28 0 30.01 54.99 0 91.20 145.61
7 9 0 258.75 156.08 0 37.51 492.50 0 29.98 56.27 0 197.49 516.35 0 555.00 605.01 0 90.01 146.26 0 314.26 132.50 0 473.77 146.29 0 311.26 132.65
8 7 0 258.76 157.51 0 90.01 147.50 0 30.77 58.75 0 554.99 604.93 0 38.72 493.13 0 197.50 513.75 0 473.75 141.69
9 7 0 258.75 160.00 0 31.23 61.22 0 90.02 147.50 0 41.26 493.76 0 198.65 513.77 0 553.76 603.76 0 566.25 541.97
10 11 0 258.74 161.26 0 31.24 61.26 0 90.01 150.00 0 43.72 493.75 0 466.32 143.71 0 563.75 541.92 0 492.50 547.51 0 198.74 511.20 0 200.37 513.11 0 525.13 522.32 0 553.76 602.50
11 8 0 258.74 162.50 0 31.24 63.50 0 88.76 151.22 0 562.52 540.04 0 310.01 140.06 0 551.25 598.76 0 43.74 493.75 0 198.74 511.22
12 10 0 259.91 163.76 0 549.92 597.50 0 202.50 509.98 0 562.51 540.01 0 307.51 140.02 0 46.23 493.76 0 90.12 153.77 0 31.23 63.85 0 31.20 66.21 0 397.50 197.49
13 9 0 259.97 165.06 0 31.23 66.26 0 549.99 597.72 0 88.78 154.72 0 203.74 509.08 0 46.20 493.74 0 48.71 493.70 0 558.71 538.76 0 32.51 67.45
14 8 0 260.00 167.49 0 31.23 68.75 0 547.50 595.03 0 203.72 507.48 0 88.76 156.25 0 48.75 493.73 0 558.71 538.75 0 461.24 143.73
15 11 0 260.00 169.96 0 31.24 69.95 0 547.50 594.99 0 88.74 158.75 0 51.25 496.25 0 460.01 142.98 0 557.49 538.74 0 206.24 503.71 0 206.25 506.31 0 86.85 158.75 0 51.24 493.96
16 9 0 260.00 171.25 0 53.74 496.25 0 88.75 158.74 0 206.23 503.74 0 31.22 71.22 0 546.25 591.23 0 32.48 72.50 0 557.49 536.63 0 340.00 442.52
17 12 0 259.99 172.52 0 33.73 73.75 0 53.75 496.27 0 88.77 161.26 0 546.07 591.24 0 458.03 141.28 0 556.15 521.36 0 543.78 591.25 0 556.26 536.26 0 206.25 503.74 0 307.50 147.67 0 208.77 503.75
18 9 0 259.97 173.77 0 32.62 74.99 0 208.76 501.28 0 88.75 163.16 0 553.82 533.74 0 56.25 496.25 0 543.70 588.96 0 87.35 162.81 0 545.40 589.65
19 10 0 260.00 176.26 0 32.51 76.26 0 211.26 500.01 0 554.99 532.50 0 543.73 587.94 0 88.70 163.73 0 57.17 496.26 0 86.57 163.74 0 453.72 138.77 0 467.44 147.47
20 9 0 261.25 177.49 0 33.75 78.75 0 212.50 498.75 0 543.73 587.79 0 58.74 496.27 0 549.98 532.50 0 32.48 77.98 0 88.78 165.02 0 86.22 164.94
21 8 0 261.25 179.68 0 549.98 530.00 0 450.11 140.00 0 212.51 498.74 0 33.73 81.12 0 59.99 496.32 0 541.23 586.35 0 32.44 80.00
22 10 0 261.24 181.22 0 33.74 81.26 0 541.23 583.70 0 547.49 532.48 0 485.00 452.49 0 216.27 497.20 0 62.34 498.74 0 88.73 168.74 0 373.88 132.20 0 86.26 168.77
23 9 0 261.26 182.50 0 33.76 83.75 0 216.24 496.25 0 541.23 583.49 0 86.27 171.25 0 63.72 498.75 0 547.49 528.77 0 446.16 138.74 0 448.70 138.75
24 9 0 261.25 183.73 0 33.75 86.23 0 86.25 171.26 0 66.25 498.74 0 538.73 581.23 0 216.25 493.74 0 545.84 528.77 0 545.88 526.81 0 444.99 138.73
25 9 0 262.39 186.25 0 86.24 173.44 0 33.76 86.24 0 66.25 498.75 0 443.80 138.75 0 218.76 493.77 0 538.67 580.00 0 543.51 526.47 0 543.53 528.20
26 7 0 261.82 187.54 0 33.75 88.74 0 219.99 492.50 0 86.26 173.77 0 69.97 498.76 0 543.62 528.73 0 537.87 578.75
27 8 0 262.47 188.74 0 33.76 91.25 0 220.89 492.46 0 86.25 176.31 0 71.24 498.76 0 441.29 136.40 0 541.29 528.75 0 536.26 578.76
28 8 0 262.49 191.22 0 33.74 91.24 0 220.31 490.01 0 86.25 177.48 0 73.74 498.76 0 536.21 577.22 0 71.24 498.76 0 533.82 577.56
29 9 0 33.75 93.79 0 86.24 178.75 0 262.52 192.52 0 539.99 522.51 0 73.77 498.76 0 223.46 488.75 0 438.74 136.25 0 533.73 573.72 0 533.90 576.23
30 8 0 262.50 193.78 0 83.75 181.23 0 76.26 498.76 0 33.84 96.23 0 223.73 488.76 0 532.53 573.76 0 538.83 522.54 0 437.50 136.65
31 8 0 263.73 196.12 0 77.49 499.20 0 33.81 96.27 0 532.58 572.49 0 226.26 486.24 0 85.03 181.26 0 435.00 136.33 0 537.00 522.52
32 8 0 263.72 197.53 0 33.77 98.75 0 530.14 570.00 0 227.48 485.00 0 78.71 499.71 0 86.23 183.74 0 532.52 522.49 0 433.74 136.35
33 8 0 263.73 198.77 0 34.97 100.00 0 530.01 570.01 0 228.40 485.01 0 83.77 186.28 0 81.25 500.00 0 430.76 133.02 0 432.54 132.88
34 7 0 263.74 201.27 0 35.02 101.26 0 82.49 500.00 0 229.99 482.51 0 84.97 188.46 0 529.02 570.03 0 430.03 136.22
35 9 0 36.24 103.73 0 83.77 500.02 0 83.63 188.68 0 264.51 202.45 0 428.88 130.30 0 231.24 481.25 0 530.16 518.74 0 528.78 568.75 0 526.32 568.73
36 9 0 264.64 203.75 0 83.75 189.97 0 36.24 106.26 0 427.49 132.51 0 233.73 481.25 0 529.98 517.51 0 526.31 566.25 0 528.74 566.25 0 86.23 501.25
37 9 0 265.00 206.23 0 36.23 106.24 0 233.75 478.75 0 426.28 132.54 0 83.77 191.25 0 526.25 563.83 0 86.24 501.24 0 528.75 516.85 0 83.78 193.71
38 7 0 36.24 108.75 0 265.20 207.50 0 83.77 193.75 0 234.97 477.50 0 88.77 501.29 0 526.23 563.74 0 426.24 133.77
39 8 0 36.23 109.84 0 83.73 194.99 0 237.47 477.50 0 266.22 208.74 0 525.00 562.49 0 91.24 501.26 0 421.25 133.75 0 526.24 516.26
40 7 0 266.25 211.25 0 36.25 111.24 0 237.49 477.46 0 83.74 197.49 0 91.27 501.27 0 523.56 561.21 0 524.74 513.70
41 8 0 266.25 212.51 0 237.50 475.01 0 36.26 113.76 0 83.36 198.48 0 93.74 503.69 0 523.77 558.75 0 83.06 199.41 0 521.27 513.77
42 8 0 267.47 213.74 0 36.25 114.32 0 522.50 557.51 0 83.68 198.74 0 96.26 503.74 0 241.25 473.75 0 418.78 131.02 0 521.28 513.73
43 8 0 267.50 216.10 0 83.69 201.29 0 37.49 116.26 0 522.50 556.52 0 96.27 503.74 0 418.76 131.26 0 241.26 473.75 0 521.24 511.26
44 10 0 267.48 217.49 0 82.57 202.52 0 37.50 118.75 0 98.73 503.74 0 522.49 556.41 0 288.78 191.25 0 243.65 471.27 0 416.27 131.26 0 518.73 511.20 0 242.63 473.10
45 9 0 267.47 218.75 0 82.51 205.00 0 242.57 469.99 0 518.71 554.66 0 100.80 503.73 0 38.71 121.25 0 288.76 193.77 0 518.72 511.24 0 413.71 126.25
46 7 0 268.65 221.14 0 412.50 130.01 0 37.52 121.26 0 245.00 469.99 0 83.75 206.25 0 517.50 553.76 0 101.86 503.75
47 8 0 268.75 221.22 0 37.49 123.75 0 83.76 206.26 0 412.51 130.01 0 517.48 551.23 0 103.74 503.75 0 246.26 468.74 0 103.73 506.25
48 9 0 268.73 223.74 0 37.49 125.01 0 517.50 549.99 0 82.51 208.76 0 248.78 467.52 0 409.99 130.03 0 106.24 506.25 0 286.11 197.48 0 605.04 570.02
49 10 0 82.50 210.95 0 269.97 225.05 0 250.01 467.50 0 37.48 125.02 0 515.01 549.83 0 172.49 283.83 0 417.30 140.48 0 106.68 503.75 0 106.76 506.24 0 288.84 198.76
50 9 0 269.97 227.33 0 82.52 211.25 0 514.99 547.52 0 108.73 506.28 0 251.33 466.26 0 284.47 530.00 0 36.28 128.75 0 286.20 202.48 0 570.01 42.51
