1 0
2 0
3 0
4 0
5 1 0 17.50 221.26
6 2 0 18.76 221.27 0 16.30 251.25
7 2 0 19.99 221.27 0 17.90 251.25
8 2 0 21.86 220.04 0 20.00 251.53
9 2 0 23.74 220.01 0 20.25 252.50
10 2 0 25.00 220.00 0 23.66 253.72
11 2 0 26.27 220.01 0 23.72 253.73
12 3 0 28.75 220.00 0 23.76 256.27 0 26.02 256.27
13 2 0 29.97 219.98 0 26.27 256.26
14 2 0 31.25 219.90 0 28.76 256.28
15 2 0 32.87 218.95 0 28.74 258.74
16 2 0 34.99 220.03 0 31.25 258.77
17 4 0 36.26 218.76 0 16.26 88.71 0 31.25 259.12 0 33.17 258.94
18 3 0 37.51 218.75 0 18.73 91.25 0 33.77 259.99
19 3 0 33.76 261.26 0 39.09 218.72 0 18.74 91.60
20 3 0 41.24 218.74 0 20.00 92.51 0 36.25 261.27
21 3 0 42.50 218.73 0 21.25 93.74 0 38.06 262.25
22 4 0 44.98 218.04 0 38.72 263.75 0 21.24 96.28 0 629.07 122.63
23 4 0 46.25 217.55 0 22.51 96.25 0 38.73 263.83 0 38.75 266.08
24 3 0 48.76 218.76 0 42.50 266.38 0 23.73 98.65
25 3 0 49.97 217.53 0 42.51 266.29 0 26.26 98.76
26 3 0 51.24 217.50 0 44.98 267.50 0 26.25 99.06
27 3 0 52.50 217.51 0 27.57 101.25 0 46.24 268.28
28 4 0 53.75 217.49 0 28.74 102.50 0 48.77 268.74 0 46.28 268.76
29 3 0 56.27 217.47 0 29.98 103.75 0 48.78 268.87
30 3 0 57.17 217.51 0 50.18 271.25 0 31.23 104.67
31 3 0 58.74 216.35 0 51.28 271.25 0 31.23 107.29
32 3 0 61.25 216.32 0 33.76 108.27 0 53.74 271.23
33 3 0 62.50 216.26 0 34.99 108.75 0 53.74 273.75
34 3 0 63.72 216.27 0 35.01 109.89 0 56.25 273.77
35 3 0 36.25 111.24 0 65.02 216.28 0 56.58 275.02
36 3 0 67.48 216.30 0 58.75 275.00 0 37.47 113.23
37 3 0 68.72 216.26 0 38.71 113.75 0 59.99 276.28
38 3 0 69.99 216.19 0 61.24 277.49 0 38.74 114.96
39 3 0 72.44 216.26 0 41.23 116.23 0 63.74 278.76
40 2 0 73.72 215.42 0 41.26 117.52
41 3 0 75.00 215.67 0 42.50 118.76 0 66.26 281.25
42 3 0 76.30 214.99 0 43.76 118.75 0 66.61 281.26
43 3 0 77.53 215.00 0 67.60 282.51 0 45.10 121.25
44 3 0 80.06 215.01 0 69.98 282.51 0 46.22 121.26
45 4 0 81.62 214.99 0 71.02 283.19 0 47.60 122.50 0 162.52 332.50
46 3 0 82.52 214.86 0 48.76 125.26 0 73.75 285.00
47 3 0 84.99 213.76 0 50.00 125.02 0 73.74 286.25
48 4 0 85.87 214.93 0 76.24 286.25 0 51.26 126.28 0 459.99 620.00
49 3 0 87.49 213.81 0 52.10 127.98 0 76.29 286.25
50 5 0 89.99 213.54 0 52.52 128.75 0 130.02 605.00 0 78.71 286.24 0 78.71 288.76
