1 0
2 1 0 204.02 203.39
3 0
4 0
5 1 0 203.36 204.72
6 1 0 203.37 205.06
7 0
8 1 0 259.78 355.87
9 0
10 1 0 427.46 268.20
11 0
12 1 0 292.07 124.67
13 0
14 0
15 0
16 0
17 0
18 0
19 0
20 0
21 0
22 0
23 1 0 300.51 628.18
24 0
25 0
26 0
27 0
28 0
29 0
30 0
31 0
32 0
33 0
34 0
35 0
36 0
37 1 0 43.58 171.61
38 1 0 43.70 171.91
39 0
40 0
41 0
42 0
43 0
44 1 0 620.26 635.05
45 1 0 620.25 635.25
46 0
47 0
48 1 0 619.92 636.15
49 0
50 0
51 1 0 20.04 635.05
52 0
53 0
54 1 0 36.85 378.66
55 2 0 36.86 378.72 0 19.85 636.17
56 1 0 36.81 378.90
57 1 0 36.59 379.32
58 1 0 36.59 379.84
59 1 0 36.52 380.11
60 1 0 36.45 380.29
61 0
62 0
63 0
64 0
65 0
66 0
67 0
68 0
69 0
70 0
71 0
72 0
73 0
74 0
75 0
76 0
77 0
78 0
79 0
80 0
81 0
82 0
83 1 0 139.44 394.89
84 0
85 1 0 140.29 394.91
86 0
87 0
88 0
89 1 0 332.24 164.33
90 0
91 0
92 0
93 0
94 0
95 1 0 196.86 243.03
96 1 0 196.46 243.52
97 1 0 196.38 244.14
98 0
99 0
100 0
101 0
102 1 0 251.82 396.15
103 2 0 419.91 308.44 0 284.71 163.84
104 1 0 419.78 308.50
105 1 0 284.51 164.37
106 0
107 0
108 0
109 0
110 0
111 0
112 1 0 292.12 340.40
113 0
114 0
115 0
116 1 0 339.28 284.50
117 0
118 0
119 0
120 0
121 0
122 0
123 0
124 0
125 1 0 427.74 412.47
126 0
127 0
128 0
129 0
130 0
131 0
132 0
133 0
134 0
135 0
136 0
137 0
138 0
139 0
140 0
141 0
142 0
143 0
144 0
145 0
146 0
147 0
148 0
149 1 0 28.98 420.20
150 1 0 28.91 420.48
151 0
152 0
153 0
154 0
155 0
156 0
157 0
158 0
159 0
160 0
161 0
162 0
163 1 0 27.84 426.66
164 1 0 27.70 426.89
165 1 0 27.67 427.58
166 1 0 27.58 428.14
167 1 0 27.49 428.25
168 0
169 0
170 0
171 0
172 0
173 0
174 0
175 0
176 0
177 0
178 0
179 0
180 1 0 26.92 434.90
181 0
182 0
183 0
184 0
185 0
186 0
187 0
188 0
189 0
190 1 0 412.86 347.60
191 0
192 0
193 0
194 0
195 1 0 132.25 396.59
196 0
197 0
198 0
199 0
200 0
201 1 0 187.27 291.43
202 1 0 187.35 291.92
203 1 0 187.16 292.63
204 0
205 0
206 0
207 0
208 1 0 276.23 212.19
209 1 0 275.90 212.45
210 0
211 1 0 219.13 372.64
212 1 0 219.23 372.61
213 1 0 219.32 372.48
214 1 0 219.25 372.32
215 0
216 0
217 0
218 0
219 0
220 0
221 0
222 0
223 0
224 0
225 1 0 275.31 220.46
226 1 0 275.46 220.55
227 0
228 0
229 0
230 0
231 0
232 0
233 0
234 0
235 1 0 244.03 260.15
236 1 0 243.82 260.50
237 0
238 0
239 0
240 0
241 0
242 0
243 0
244 0
245 0
246 0
247 1 0 21.05 466.70
248 1 0 21.09 466.82
249 1 0 20.84 467.26
250 1 0 20.85 468.12
251 1 0 20.63 468.41
252 1 0 20.74 468.61
253 0
254 0
255 0
256 0
257 0
258 0
259 0
260 1 0 491.43 179.88
261 0
262 0
263 1 0 19.59 474.59
264 1 0 19.34 474.76
265 1 0 19.56 475.30
266 1 0 19.63 475.86
267 0
268 0
269 0
270 0
271 1 0 244.68 428.54
272 0
273 0
274 0
275 0
276 0
277 0
278 0
279 1 0 259.01 355.38
280 1 0 259.04 355.31
281 1 0 260.34 355.39
282 1 0 260.54 355.26
283 0
284 0
285 0
286 0
287 0
288 1 0 404.65 395.66
289 0
290 1 0 404.58 396.56
291 0
292 0
293 0
294 0
295 0
296 0
297 0
298 2 0 300.20 299.88 0 179.17 338.79
299 1 0 179.40 339.38
300 2 0 299.60 299.82 0 179.23 340.08
301 1 0 179.24 340.55
302 0
303 0
304 0
305 1 0 268.26 260.21
306 1 0 267.86 260.57
307 0
308 1 0 276.27 347.41
309 1 0 276.38 347.29
310 0
311 0
312 0
313 0
314 0
315 0
316 0
317 0
318 0
319 0
320 0
321 0
322 1 0 267.28 268.59
323 0
324 0
325 0
326 0
327 0
328 0
329 0
330 0
331 0
332 1 0 235.79 308.60
333 0
334 0
335 0
336 0
337 0
338 0
339 0
340 0
341 0
342 0
343 0
344 1 0 13.09 515.16
345 1 0 13.07 516.22
346 1 0 12.81 516.54
347 0
348 0
349 0
350 0
351 0
352 0
353 0
354 0
355 0
356 0
357 1 0 11.84 522.56
358 1 0 11.75 522.86
359 1 0 11.67 523.34
360 1 0 11.70 524.02
361 1 0 11.47 524.38
362 0
363 0
364 0
365 0
366 0
367 0
368 0
369 0
370 0
371 0
372 0
373 0
374 1 0 11.03 531.23
375 1 0 10.71 532.33
376 0
377 1 0 235.79 483.43
378 0
379 0
380 0
381 0
382 0
383 0
384 1 0 308.34 308.07
385 0
386 0
387 0
388 0
389 0
390 0
391 0
392 0
393 0
394 0
395 0
396 1 0 260.58 307.66
397 2 0 260.70 308.21 0 395.84 452.48
398 1 0 260.37 308.50
399 0
400 0
401 0
402 0
403 0
404 1 0 363.57 396.74
405 0
406 0
407 0
408 0
409 0
410 0
411 0
412 1 0 259.64 316.51
413 0
414 0
415 0
416 0
417 0
418 0
419 0
420 0
421 0
422 1 0 508.23 148.23
423 0
424 0
425 0
426 0
427 0
428 0
429 0
430 0
431 0
432 1 0 531.77 483.41
433 0
434 0
435 1 0 227.38 363.72
436 0
437 0
438 0
439 0
440 0
441 0
442 1 0 228.48 332.53
443 0
444 0
445 1 0 4.79 570.63
446 1 0 4.90 570.71
447 1 0 4.85 570.89
448 1 0 4.78 571.54
449 1 0 4.71 572.25
450 0
451 0
452 1 0 411.37 339.50
453 0
454 0
455 0
456 1 0 475.45 283.38
457 0
458 0
459 1 0 3.55 578.54
460 1 0 3.51 578.57
461 1 0 3.29 578.86
462 1 0 3.39 579.27
463 0
464 0
465 0
466 0
467 0
468 0
469 0
470 0
471 0
472 0
473 0
474 0
475 0
476 0
477 0
478 0
479 0
480 0
481 0
482 1 0 388.52 499.57
483 0
484 0
485 0
486 0
487 0
488 0
489 0
490 0
491 0
492 1 0 163.55 443.50
493 1 0 163.26 444.57
494 1 0 163.30 445.06
495 0
496 1 0 252.51 363.51
497 1 0 252.39 364.10
498 1 0 252.30 364.69
499 0
500 0
501 0
502 0
503 0
504 0
505 0
506 0
507 0
508 0
509 0
510 1 0 251.49 371.82
511 0
512 0
513 0
514 0
515 0
516 0
517 0
518 0
519 1 0 396.58 267.11
520 0
521 0
522 0
523 0
524 0
525 0
526 0
527 0
528 0
529 0
530 0
531 0
532 0
533 1 0 219.38 419.90
534 0
535 0
536 0
537 1 0 404.31 388.52
538 1 0 180.01 396.71
539 0
540 1 0 220.46 388.73
541 0
542 0
543 0
544 0
545 0
546 0
547 0
548 0
549 0
550 0
551 0
552 0
553 0
554 0
555 0
556 0
557 0
558 0
559 0
560 0
561 0
562 0
563 0
564 0
565 0
566 0
567 0
568 0
569 0
570 0
571 0
572 1 0 307.30 237.04
573 0
574 0
575 1 0 307.10 236.91
576 1 0 306.84 237.05
577 0
578 1 0 307.31 236.37
579 1 0 306.92 236.59
580 1 0 307.07 235.30
581 1 0 307.42 235.49
582 1 0 307.29 235.77
583 1 0 306.76 234.95
584 1 0 307.28 235.10
585 1 0 307.21 235.31
586 1 0 306.86 234.89
587 0
588 0
589 0
590 1 0 244.76 419.28
591 1 0 244.61 420.02
592 1 0 244.64 420.41
593 0
594 0
595 0
596 0
597 0
598 0
599 0
600 0
601 0
602 0
603 1 0 243.56 427.36
604 1 0 243.58 427.96
605 1 0 243.69 428.55
606 0
607 0
608 0
609 0
610 0
611 0
612 0
613 1 0 307.83 228.31
614 1 0 307.60 228.37
615 1 0 306.88 227.50
616 1 0 307.51 227.99
617 1 0 307.37 228.37
618 0
619 1 0 451.03 218.74
620 0
621 0
622 0
623 0
624 0
625 0
626 0
627 0
628 0
629 0
630 0
631 0
632 0
633 0
634 0
635 1 0 459.47 210.54
636 0
637 0
638 0
639 0
640 0
641 0
642 0
643 0
644 0
645 1 0 459.55 395.66
646 1 0 466.61 204.69
647 1 0 466.64 204.28
648 1 0 466.92 203.54
649 1 0 466.77 202.95
650 1 0 468.24 202.52
651 0
652 0
653 0
654 0
655 0
656 0
657 0
658 0
659 0
660 0
661 0
662 0
663 1 0 474.93 195.19
664 0
665 0
666 0
667 0
668 0
669 1 0 284.53 475.61
670 0
671 1 0 284.42 476.51
672 0
673 0
674 0
675 0
676 1 0 148.64 555.77
677 1 0 148.72 556.69
678 2 0 483.06 187.37 0 148.71 556.92
679 1 0 483.22 186.99
680 0
681 1 0 307.98 212.52
682 0
683 0
684 1 0 308.53 212.11
685 1 0 308.13 212.18
686 1 0 308.64 211.34
687 1 0 308.52 211.88
688 1 0 147.28 563.43
689 1 0 308.91 211.19
690 1 0 308.81 210.82
691 1 0 308.17 210.70
692 1 0 236.52 483.57
693 0
694 1 0 236.22 484.79
695 0
696 0
697 0
698 0
699 0
700 0
701 0
702 0
703 0
704 0
705 1 0 235.50 492.14
706 0
707 0
708 0
