1 1 0 212.46 339.28
2 1 0 212.36 339.49
3 1 0 212.33 339.68
4 1 0 212.42 340.01
5 1 0 212.54 340.38
6 2 0 212.53 340.59 0 283.51 371.46
7 2 0 283.59 371.66 0 212.50 340.70
8 3 0 283.56 371.97 0 500.53 172.85 0 212.39 340.82
9 1 0 283.56 372.27
10 1 0 283.50 372.17
11 1 0 211.96 341.41
12 0
13 1 0 491.25 188.21
14 0
15 1 0 251.12 452.52
16 1 0 252.47 452.40
17 0
18 0
19 0
20 0
21 2 0 476.74 212.40 0 10.72 450.67
22 2 0 266.89 444.62 0 10.66 450.81
23 2 0 268.41 443.48 0 10.66 450.92
24 1 0 10.61 450.84
25 0
26 2 0 467.40 227.69 0 10.54 451.67
27 1 0 10.58 451.83
28 0
29 1 0 282.96 435.28
30 0
31 1 0 459.18 242.65
32 0
33 2 0 291.52 428.76 0 210.93 347.63
34 2 0 452.98 251.12 0 210.99 347.85
35 1 0 210.86 347.94
36 1 0 210.67 348.48
37 1 0 210.68 348.71
38 1 0 210.66 348.83
39 1 0 443.24 266.77
40 0
41 0
42 1 0 370.82 388.51
43 1 0 436.86 277.31
44 0
45 0
46 0
47 0
48 1 0 427.63 292.07
49 0
50 0
51 0
52 0
53 1 0 419.25 308.31
54 0
55 1 0 339.68 396.36
56 1 0 412.96 315.59
57 1 0 348.63 371.56
58 0
59 0
60 1 0 380.53 51.54
61 1 0 404.84 330.99
62 0
63 3 0 340.27 364.52 0 180.79 347.29 0 380.41 52.12
64 3 0 338.87 363.32 0 180.95 347.04 0 380.35 52.38
65 2 0 363.18 380.30 0 380.13 52.56
66 0
67 1 0 180.99 348.50
68 1 0 180.94 348.66
69 1 0 331.92 357.24
70 0
71 0
72 0
73 0
74 1 0 253.35 371.68
75 1 0 379.68 372.13
76 2 0 388.82 210.74 0 355.69 244.12
77 2 0 388.81 210.78 0 355.67 244.44
78 1 0 373.00 380.28
79 0
80 1 0 180.19 306.60
81 2 0 388.40 211.60 0 180.09 306.65
82 2 0 179.89 306.67 0 388.28 211.84
83 2 0 179.72 306.77 0 365.01 394.96
84 1 0 179.58 307.09
85 2 0 179.65 307.33 0 387.92 212.87
86 1 0 179.65 307.43
87 1 0 179.55 307.61
88 2 0 179.51 308.06 0 5.49 467.37
89 2 0 179.52 308.29 0 5.38 467.93
90 2 0 419.62 340.15 0 179.50 308.34
91 0
92 1 0 348.00 420.79
93 0
94 1 0 428.42 332.31
95 0
96 0
97 1 0 339.70 435.86
98 1 0 178.78 356.52
99 1 0 251.83 378.77
100 1 0 251.80 378.76
101 2 0 507.54 403.57 0 251.81 378.76
102 1 0 507.45 403.79
103 1 0 507.51 403.82
104 2 0 276.51 396.59 0 205.00 365.22
105 2 0 276.37 396.64 0 325.05 459.99
106 1 0 276.41 396.72
107 1 0 276.75 308.23
108 0
109 0
110 1 0 484.59 371.39
111 2 0 484.55 371.51 0 314.64 476.82
112 1 0 491.46 475.57
113 2 0 267.40 299.49 0 484.48 372.39
114 4 0 309.03 485.01 0 3.47 474.49 0 484.37 372.70 0 266.76 298.82
115 1 0 3.63 474.53
116 1 0 3.82 474.56
117 1 0 4.01 474.60
118 2 0 260.68 291.67 0 3.97 474.66
119 3 0 299.70 500.00 0 258.96 290.98 0 3.65 474.88
120 0
121 1 0 404.21 388.28
122 2 0 404.27 388.47 0 204.61 370.70
123 1 0 204.44 370.79
124 1 0 204.42 370.77
125 1 0 236.80 100.55
126 1 0 236.71 100.75
127 2 0 285.31 523.07 0 203.88 371.19
128 1 0 203.70 371.30
129 1 0 203.72 371.66
130 1 0 203.77 372.25
131 1 0 203.70 372.43
132 2 0 203.57 372.64 0 275.34 403.56
133 3 0 203.49 372.86 0 274.72 540.35 0 275.40 403.85
134 1 0 203.43 373.20
135 2 0 203.27 373.30 0 236.80 268.29
136 1 0 203.23 373.41
137 0
138 0
139 0
140 0
141 1 0 259.80 564.58
142 0
143 0
144 1 0 540.32 236.66
145 0
