1 0
2 1 0 21.24 48.75
3 1 0 21.25 48.75
4 2 0 23.73 51.26 0 412.50 565.53
5 2 0 23.75 53.73 0 412.51 563.75
6 3 0 411.27 562.46 0 23.74 56.24 0 24.96 55.00
7 3 0 411.23 557.49 0 467.49 20.01 0 26.23 58.74
8 3 0 28.24 59.68 0 410.01 557.50 0 466.25 21.29
9 2 0 412.50 555.01 0 28.75 61.29
10 3 0 30.48 63.75 0 130.01 19.99 0 461.26 26.29
11 3 0 31.23 66.25 0 461.08 28.70 0 412.49 547.51
12 4 0 33.77 68.73 0 458.75 31.25 0 413.50 546.23 0 402.52 525.00
13 3 0 33.75 68.75 0 458.75 33.75 0 413.75 546.27
14 3 0 36.25 71.22 0 412.51 541.19 0 456.45 36.18
15 4 0 37.50 73.78 0 412.48 540.00 0 18.74 556.27 0 453.75 36.26
16 4 0 19.18 555.01 0 38.75 76.25 0 453.76 38.77 0 413.26 538.77
17 4 0 41.23 78.75 0 452.51 41.57 0 21.26 553.75 0 413.25 532.52
18 5 0 450.01 43.75 0 42.44 80.38 0 412.50 532.56 0 23.73 551.25 0 437.49 77.49
19 4 0 43.76 81.90 0 450.02 45.00 0 412.46 530.01 0 26.25 550.45
20 5 0 46.23 83.76 0 27.50 547.50 0 413.76 528.78 0 446.23 48.75 0 446.21 46.23
21 5 0 46.24 86.26 0 446.27 48.79 0 28.76 546.26 0 412.58 525.03 0 128.77 46.26
22 4 0 444.99 52.50 0 48.74 88.76 0 413.72 523.13 0 31.23 543.75
23 3 0 48.78 91.26 0 443.75 53.75 0 413.42 522.48
24 3 0 51.28 91.32 0 33.75 540.98 0 441.27 56.24
25 4 0 53.74 93.77 0 34.98 538.77 0 441.25 58.77 0 412.52 517.51
26 4 0 53.75 96.25 0 438.74 61.25 0 37.45 536.26 0 413.68 514.97
27 5 0 56.26 98.76 0 438.69 63.74 0 128.75 61.27 0 413.75 511.25 0 38.75 536.24
28 7 0 58.74 101.25 0 41.59 532.81 0 436.27 66.24 0 416.27 509.02 0 436.25 63.78 0 126.37 66.14 0 413.72 508.78
29 4 0 58.76 101.26 0 434.98 67.34 0 42.50 530.08 0 413.75 506.23
30 3 0 61.24 103.03 0 433.75 68.74 0 44.72 528.75
31 5 0 40.01 18.74 0 431.23 71.24 0 45.02 525.63 0 62.43 105.36 0 61.39 103.78
32 3 0 43.69 18.72 0 63.75 108.26 0 48.76 524.99
33 4 0 45.04 17.50 0 428.74 75.52 0 48.78 523.74 0 66.27 108.77
34 5 0 47.50 17.48 0 427.50 77.50 0 67.48 111.23 0 50.71 522.50 0 128.75 78.73
35 6 0 50.01 17.49 0 69.20 113.76 0 426.25 81.27 0 416.29 492.47 0 69.74 112.42 0 53.44 518.78
36 4 0 52.52 17.15 0 71.23 114.77 0 423.73 81.28 0 53.76 518.76
37 5 0 55.03 15.40 0 423.74 83.75 0 73.75 116.28 0 405.02 499.96 0 56.26 516.37
38 5 0 57.49 15.04 0 73.76 118.75 0 421.24 86.27 0 58.76 514.98 0 413.74 485.47
39 7 0 59.99 15.01 0 76.25 121.24 0 612.46 250.01 0 418.74 88.80 0 58.79 513.75 0 416.28 483.66 0 419.97 86.54
40 5 0 62.47 15.02 0 78.62 121.25 0 61.25 511.25 0 418.74 91.25 0 415.13 480.87
41 5 0 64.98 14.86 0 80.50 123.75 0 63.74 508.76 0 417.51 92.95 0 416.29 478.75
42 7 0 67.47 14.14 0 81.26 125.01 0 413.76 93.75 0 63.73 507.29 0 418.30 476.27 0 602.98 252.79 0 415.02 95.06
43 6 0 69.95 13.73 0 413.73 96.25 0 66.23 506.25 0 83.74 126.24 0 602.51 252.51 0 126.29 98.84
44 7 0 72.19 13.73 0 85.01 128.77 0 413.75 98.58 0 68.74 503.75 0 597.49 252.50 0 416.26 471.25 0 128.77 101.25
45 6 0 74.17 13.78 0 411.24 101.24 0 70.00 500.11 0 86.25 131.28 0 595.00 253.16 0 128.85 103.17
46 7 0 76.46 12.56 0 88.74 131.44 0 595.01 252.49 0 409.00 102.46 0 71.26 498.77 0 416.96 467.49 0 126.26 106.24
47 7 0 78.87 12.53 0 90.44 133.75 0 73.76 498.75 0 408.76 106.25 0 126.24 108.75 0 416.33 466.26 0 597.00 322.56
48 7 0 82.44 12.49 0 406.24 106.28 0 92.70 136.25 0 73.78 496.24 0 589.49 253.74 0 416.27 461.29 0 126.20 110.08
49 7 0 83.87 12.50 0 405.07 108.74 0 77.48 492.50 0 93.75 138.75 0 587.48 252.86 0 128.76 114.03 0 416.28 459.75
50 6 0 86.27 12.52 0 402.53 111.25 0 96.26 138.76 0 416.26 456.67 0 78.72 491.39 0 583.70 256.29
