1 2 0 283.37 467.26 0 341.23 372.60
2 2 0 340.06 371.41 0 395.03 276.20
3 2 0 259.06 388.44 0 395.07 276.32
4 3 0 259.38 388.52 0 395.30 276.30 0 331.81 276.50
5 3 0 259.74 388.82 0 395.56 276.30 0 539.70 476.33
6 5 0 395.49 276.42 0 259.97 388.96 0 491.10 155.29 0 539.95 476.39 0 403.21 372.01
7 5 0 491.26 155.33 0 395.41 276.49 0 435.18 123.12 0 403.29 372.22 0 540.19 476.47
8 4 0 435.46 123.33 0 396.37 276.56 0 491.40 155.36 0 298.89 307.57
9 4 0 435.55 123.31 0 299.05 307.82 0 491.63 155.51 0 396.63 276.75
10 3 0 299.13 307.92 0 435.84 123.40 0 404.26 372.24
11 3 0 299.25 307.88 0 436.12 123.54 0 404.71 372.29
12 2 0 299.23 308.07 0 436.52 123.48
13 1 0 299.52 308.12
14 1 0 300.40 308.20
15 2 0 316.60 355.50 0 301.01 308.34
16 0
17 0
18 1 0 291.23 163.89
19 0
20 1 0 307.56 349.04
21 2 0 306.68 348.58 0 292.02 164.53
22 0
23 0
24 0
25 0
26 2 0 13.07 476.27 0 378.62 226.83
27 1 0 378.92 226.86
28 2 0 19.76 474.63 0 379.13 226.88
29 2 0 379.36 227.04 0 523.29 435.33
30 1 0 379.15 226.99
31 1 0 379.19 227.12
32 1 0 379.78 227.63
33 4 0 36.22 468.04 0 380.63 227.94 0 498.91 332.38 0 524.31 436.30
34 1 0 499.16 332.44
35 2 0 44.34 466.68 0 499.36 332.63
36 2 0 499.50 332.75 0 475.30 99.34
37 1 0 499.59 332.90
38 2 0 276.33 324.43 0 500.10 333.13
39 0
40 0
41 0
42 1 0 68.78 459.18
43 1 0 268.33 316.65
44 0
45 1 0 339.37 130.70
46 2 0 274.94 395.85 0 338.73 131.76
47 1 0 275.03 396.39
48 3 0 90.88 451.99 0 275.24 396.65 0 259.16 309.20
49 3 0 275.45 396.97 0 258.67 307.39 0 411.51 284.37
50 4 0 411.62 284.58 0 275.66 397.11 0 506.99 163.63 0 450.70 131.30
51 3 0 451.04 131.56 0 411.61 284.96 0 507.16 163.98
52 2 0 451.20 131.93 0 314.64 316.35
53 6 0 251.60 301.06 0 451.34 132.25 0 331.81 140.09 0 314.84 316.54 0 315.56 163.19 0 507.37 164.32
54 2 0 451.39 132.45 0 315.00 316.86
55 4 0 115.47 444.27 0 315.14 317.07 0 451.55 132.81 0 548.31 260.08
56 2 0 315.24 317.25 0 452.02 133.00
57 0
58 1 0 507.59 338.80
59 1 0 507.84 338.82
60 2 0 508.21 338.83 0 324.57 149.07
61 2 0 508.84 339.05 0 138.53 436.58
62 2 0 508.84 339.10 0 141.35 435.05
63 1 0 508.97 339.56
64 1 0 491.69 555.71
65 1 0 491.13 548.54
66 1 0 155.65 429.28
67 0
68 2 0 162.99 426.82 0 226.62 276.96
69 1 0 316.64 162.88
70 0
71 3 0 283.55 403.85 0 419.53 291.14 0 563.65 491.52
72 4 0 283.74 403.69 0 419.64 291.24 0 178.72 421.23 0 563.64 491.55
73 3 0 419.88 291.66 0 181.57 419.47 0 458.83 138.89
74 3 0 564.20 492.37 0 419.90 292.29 0 459.01 138.99
75 4 0 459.40 139.27 0 515.49 171.40 0 322.91 323.45 0 427.48 388.09
76 4 0 459.61 139.40 0 323.20 323.92 0 427.73 388.47 0 515.60 171.83
77 6 0 459.77 139.75 0 428.19 388.62 0 323.12 324.24 0 196.20 413.29 0 210.65 260.55 0 516.16 172.32
78 2 0 460.09 140.21 0 322.97 324.43
79 2 0 460.41 140.52 0 323.15 325.01
80 1 0 323.60 325.29
81 1 0 515.94 346.55
82 2 0 516.19 346.65 0 202.64 252.63
83 2 0 219.57 405.00 0 516.62 346.75
84 2 0 300.23 187.67 0 516.92 346.83
85 1 0 516.98 347.08
86 1 0 195.48 244.35
87 1 0 499.09 556.47
88 2 0 237.13 395.63 0 499.31 556.74
89 0
90 2 0 188.54 236.71 0 243.41 19.28
91 1 0 187.62 235.54
92 1 0 291.67 203.24
93 4 0 291.52 412.10 0 290.76 204.41 0 571.57 499.55 0 427.43 299.21
94 3 0 571.59 499.82 0 291.46 412.17 0 427.48 299.46
95 5 0 180.79 227.11 0 427.82 300.06 0 571.96 500.25 0 291.48 412.99 0 466.73 146.99
96 3 0 572.13 500.48 0 427.90 300.50 0 467.08 147.09
97 4 0 467.28 147.67 0 330.84 332.20 0 428.19 300.88 0 523.50 179.96
98 5 0 467.46 148.13 0 274.83 379.09 0 330.99 332.44 0 523.69 180.32 0 331.95 179.00
99 3 0 467.58 148.43 0 331.09 332.87 0 524.06 180.72
100 2 0 467.71 148.83 0 331.19 333.18
101 0
102 1 0 523.44 354.98
103 1 0 523.74 355.10
104 1 0 524.00 355.23
105 1 0 524.74 356.07
106 1 0 525.07 356.44
107 1 0 162.73 204.80
108 1 0 275.85 234.80
109 1 0 315.85 357.18
110 0
111 1 0 155.58 196.03
112 0
113 0
114 0
115 2 0 268.20 251.13 0 148.87 187.26
116 1 0 267.24 253.10
117 0
118 1 0 475.18 156.94
119 2 0 411.30 258.54 0 571.77 284.69
120 1 0 411.75 258.66
121 1 0 412.06 258.85
122 4 0 260.48 267.05 0 412.89 259.81 0 530.93 364.42 0 365.07 330.63
123 2 0 259.49 268.63 0 531.19 364.64
124 1 0 531.42 365.02
125 1 0 531.39 365.31
126 1 0 131.75 163.31
127 0
128 0
129 1 0 252.82 283.47
130 0
131 1 0 331.66 203.46
132 1 0 403.04 307.39
133 0
134 0
135 0
136 0
137 0
138 2 0 243.92 306.84 0 418.70 268.67
139 1 0 418.93 268.76
140 0
141 1 0 444.11 322.64
142 0
143 4 0 539.79 202.81 0 483.67 170.68 0 346.95 354.86 0 451.71 419.43
144 3 0 483.90 170.89 0 237.08 323.02 0 347.19 355.22
145 4 0 347.59 355.96 0 452.81 275.13 0 452.70 420.54 0 484.17 171.56
146 3 0 347.59 356.47 0 484.67 172.31 0 99.57 117.21
147 1 0 348.07 357.09
148 1 0 539.88 378.50
149 1 0 540.05 378.62
150 2 0 92.67 107.21 0 540.82 379.01
151 2 0 540.95 379.68 0 476.82 259.49
152 0
153 1 0 226.89 348.38
154 0
155 1 0 266.95 51.99
156 1 0 83.59 92.20
157 1 0 499.45 243.07
158 0
159 1 0 219.16 364.38
160 2 0 76.88 82.84 0 187.73 66.88
161 0
162 1 0 427.06 282.63
163 2 0 427.38 282.83 0 523.42 226.81
164 1 0 427.67 283.22
165 1 0 427.89 284.35
166 2 0 67.56 67.19 0 428.41 284.85
167 0
168 0
169 1 0 355.95 370.59
170 2 0 356.78 370.88 0 355.73 436.93
