1 0
2 0
3 3 0 81.22 158.76 0 211.26 30.01 0 78.92 158.78
4 2 0 611.25 178.71 0 85.01 162.52
5 2 0 85.00 162.48 0 608.73 178.75
6 5 0 86.25 158.68 0 606.23 173.75 0 483.66 210.00 0 608.65 173.77 0 217.01 31.22
7 2 0 85.00 158.72 0 603.76 178.30
8 3 0 92.49 156.44 0 606.23 173.74 0 223.75 33.81
9 5 0 18.76 345.29 0 603.75 178.58 0 93.75 161.24 0 223.74 38.77 0 267.53 564.99
10 8 0 92.51 157.44 0 16.26 343.74 0 51.25 506.25 0 596.99 173.81 0 221.25 36.25 0 596.73 175.73 0 110.02 517.51 0 370.03 34.97
11 5 0 16.27 347.52 0 92.51 157.50 0 593.76 176.25 0 53.46 507.55 0 610.00 595.02
12 5 0 21.25 346.27 0 625.38 498.74 0 227.49 37.51 0 100.01 155.05 0 597.46 173.35
13 5 0 620.00 501.25 0 98.75 158.74 0 18.76 351.26 0 18.77 353.47 0 593.76 176.28
14 5 0 622.48 500.03 0 23.74 352.49 0 593.75 176.26 0 103.75 157.48 0 230.03 42.51
15 4 0 617.49 500.01 0 20.35 356.19 0 101.66 158.75 0 588.76 176.71
16 4 0 613.76 497.53 0 20.18 355.66 0 102.16 156.24 0 576.23 178.76
17 7 0 615.01 493.77 0 23.75 354.25 0 235.00 44.98 0 67.50 500.01 0 586.90 172.53 0 108.73 153.79 0 597.39 179.98
18 4 0 612.17 497.50 0 108.74 157.51 0 24.95 362.50 0 235.03 49.03
19 5 0 609.29 497.58 0 108.75 155.05 0 25.06 362.49 0 235.01 49.99 0 581.26 176.26
20 7 0 609.96 496.53 0 27.55 364.99 0 242.51 52.49 0 115.00 157.51 0 623.75 363.75 0 581.24 176.24 0 73.73 503.73
21 6 0 604.99 491.28 0 26.25 361.27 0 620.00 358.73 0 111.21 151.24 0 111.23 153.82 0 24.99 362.30
22 7 0 604.99 490.03 0 28.75 362.52 0 620.00 357.41 0 117.49 150.00 0 77.47 497.47 0 242.51 46.25 0 578.74 171.39
23 8 0 605.01 491.28 0 620.01 357.50 0 32.50 367.50 0 578.72 173.69 0 121.25 151.24 0 246.22 51.26 0 579.47 176.21 0 121.26 153.75
24 7 0 601.26 493.73 0 31.18 372.45 0 122.48 154.99 0 616.27 361.27 0 78.72 501.26 0 81.25 501.27 0 245.09 53.74
25 7 0 601.25 492.49 0 33.54 372.51 0 123.76 153.80 0 572.49 173.44 0 82.55 500.02 0 616.26 358.97 0 616.28 361.22
26 4 0 598.75 487.51 0 34.99 370.05 0 612.48 355.02 0 86.07 493.76
27 4 0 597.47 490.95 0 35.00 376.27 0 251.24 58.75 0 569.93 173.66
28 8 0 593.75 485.02 0 33.76 373.75 0 129.97 147.49 0 564.99 168.77 0 88.79 492.66 0 237.88 41.08 0 608.74 353.78 0 606.23 353.77
29 7 0 590.80 485.01 0 35.00 373.98 0 563.74 168.74 0 129.98 147.50 0 252.23 56.25 0 426.24 333.73 0 252.81 53.83
30 7 0 591.25 488.87 0 37.48 382.27 0 563.75 173.76 0 605.00 356.57 0 256.26 61.27 0 133.76 151.24 0 592.52 489.90
31 5 0 590.02 485.01 0 40.02 380.01 0 563.76 169.53 0 604.96 353.77 0 136.26 149.57
32 7 0 587.52 487.51 0 602.48 355.01 0 40.00 385.00 0 558.74 173.74 0 98.00 493.75 0 259.88 62.64 0 517.52 557.50
33 6 0 582.49 482.58 0 37.52 382.51 0 555.02 169.29 0 42.51 570.02 0 596.79 351.22 0 258.62 60.14
34 6 0 42.50 388.76 0 583.73 486.26 0 555.01 171.69 0 101.25 493.74 0 598.72 356.24 0 261.23 63.77
35 6 0 579.99 481.24 0 41.26 386.25 0 261.25 61.20 0 551.25 168.76 0 593.74 351.25 0 140.02 147.45
36 7 0 581.26 479.98 0 46.24 387.03 0 594.98 350.01 0 553.75 166.24 0 146.26 146.33 0 501.25 96.25 0 143.74 146.32
37 6 0 575.01 481.27 0 42.48 390.09 0 106.27 488.80 0 548.75 168.74 0 548.74 166.25 0 590.61 351.25
38 5 0 577.52 481.26 0 48.69 392.47 0 594.98 354.96 0 549.93 168.75 0 548.79 166.26
39 7 0 571.33 479.97 0 45.00 393.70 0 109.99 485.00 0 586.25 347.62 0 146.26 146.26 0 543.73 166.50 0 543.74 168.79
40 7 0 569.94 480.00 0 45.03 396.52 0 543.68 168.76 0 583.74 351.26 0 150.03 146.94 0 109.69 488.79 0 485.03 298.75
41 4 0 571.23 481.23 0 50.66 399.49 0 543.72 168.77 0 115.01 490.00
42 6 0 566.25 480.01 0 581.25 349.97 0 153.76 146.28 0 48.75 401.24 0 538.76 168.77 0 47.51 400.01
43 7 0 563.85 476.27 0 578.74 346.27 0 536.27 166.24 0 50.18 401.02 0 116.27 482.67 0 155.01 142.47 0 557.56 180.00
44 9 0 566.25 477.49 0 54.65 403.45 0 162.51 147.51 0 538.75 168.78 0 20.01 155.00 0 122.50 483.78 0 370.00 172.21 0 147.50 155.00 0 278.68 75.04
45 7 0 562.50 472.60 0 53.76 401.27 0 122.50 482.49 0 534.11 163.75 0 578.77 343.73 0 536.27 163.75 0 55.09 400.02
46 7 0 557.75 473.86 0 52.50 403.77 0 531.26 166.24 0 121.27 481.31 0 573.75 343.78 0 573.76 345.83 0 277.74 75.08
47 4 0 558.65 471.25 0 164.99 140.01 0 56.25 403.76 0 531.27 163.82
48 6 0 558.80 471.25 0 530.02 164.79 0 58.69 406.19 0 168.76 138.75 0 573.75 343.73 0 560.01 472.47
49 7 0 557.47 475.01 0 61.24 411.24 0 572.51 347.51 0 129.99 482.52 0 169.97 143.72 0 528.76 168.70 0 528.78 166.36
50 8 0 552.54 473.87 0 60.09 413.39 0 132.38 481.46 0 524.03 168.74 0 92.53 20.34 0 526.19 166.23 0 168.90 143.75 0 566.20 346.28
