1 0
2 2 0 56.25 201.27 0 48.79 517.51
3 3 0 50.06 517.16 0 57.42 201.25 0 596.25 383.74
4 3 0 58.75 200.99 0 51.26 513.76 0 593.75 381.27
5 4 0 66.13 198.75 0 593.76 378.76 0 58.71 513.75 0 57.64 511.21
6 4 0 64.96 199.15 0 588.75 378.75 0 57.58 513.73 0 58.72 511.30
7 3 0 67.51 199.99 0 586.27 378.75 0 61.24 511.23
8 3 0 68.74 202.30 0 61.26 513.78 0 583.74 379.61
9 3 0 76.24 202.52 0 586.26 378.75 0 68.74 513.77
10 3 0 74.99 206.27 0 67.50 516.26 0 578.76 381.26
11 3 0 76.23 206.26 0 68.75 515.49 0 576.26 381.24
12 3 0 76.23 517.16 0 83.77 207.21 0 578.75 381.58
13 3 0 82.49 205.02 0 571.27 378.75 0 73.74 513.75
14 3 0 86.24 208.77 0 573.75 382.86 0 78.74 516.25
15 3 0 91.24 206.26 0 571.27 378.75 0 82.59 513.79
16 4 0 91.28 205.00 0 568.75 377.47 0 83.75 511.24 0 83.76 513.67
17 4 0 95.01 210.74 0 566.25 381.27 0 86.25 516.26 0 88.56 516.24
18 3 0 89.98 516.24 0 98.75 211.25 0 564.99 381.30
19 3 0 101.37 210.02 0 563.75 380.31 0 93.74 513.78
20 3 0 100.00 209.99 0 556.25 377.51 0 91.25 511.24
21 3 0 103.75 213.76 0 556.24 381.27 0 96.23 516.24
22 3 0 106.26 208.74 0 553.76 376.25 0 98.75 511.25
23 3 0 106.26 213.76 0 548.77 378.76 0 98.75 513.77
24 3 0 109.99 211.26 0 546.29 376.26 0 101.28 511.22
25 3 0 115.01 216.25 0 548.71 381.25 0 107.49 516.23
26 3 0 114.98 216.24 0 543.73 379.96 0 106.29 514.99
27 3 0 121.26 213.75 0 113.75 511.25 0 543.75 376.25
28 3 0 118.75 216.24 0 111.24 513.76 0 538.72 378.75
29 3 0 121.76 215.52 0 113.75 511.25 0 534.61 376.27
30 3 0 128.74 218.76 0 537.40 378.75 0 122.47 513.77
31 3 0 531.26 378.75 0 128.75 218.76 0 121.25 513.77
32 3 0 128.79 218.75 0 528.76 378.75 0 121.25 513.76
33 4 0 136.25 216.26 0 128.75 511.25 0 529.32 373.73 0 500.01 595.02
34 3 0 136.25 221.24 0 524.99 378.75 0 126.26 513.75
35 3 0 141.25 218.75 0 132.53 510.01 0 526.25 376.26
36 3 0 138.75 219.99 0 518.73 376.25 0 132.49 510.03
37 3 0 146.25 221.25 0 521.25 376.27 0 139.23 514.61
38 3 0 149.97 221.23 0 518.73 376.27 0 141.25 511.25
39 3 0 511.24 376.25 0 146.25 223.48 0 137.60 511.25
40 3 0 150.05 221.28 0 511.23 373.76 0 140.96 509.95
41 3 0 156.25 225.18 0 148.77 513.72 0 511.23 378.68
42 3 0 157.49 226.28 0 150.01 513.79 0 507.96 378.77
43 3 0 158.76 226.27 0 503.74 376.27 0 150.02 514.18
44 4 0 158.76 223.73 0 501.25 373.75 0 151.25 511.27 0 160.00 224.98
45 4 0 162.53 228.73 0 498.75 376.26 0 153.73 513.77 0 153.75 511.60
46 3 0 167.45 228.73 0 498.75 377.24 0 158.73 513.73
47 3 0 493.73 373.76 0 167.53 226.28 0 158.72 507.55
48 4 0 170.01 228.66 0 161.25 510.07 0 491.25 373.81 0 491.27 376.04
49 3 0 173.74 231.14 0 163.75 511.26 0 488.74 376.26
50 3 0 173.74 228.74 0 486.25 373.75 0 166.24 508.75
