1 0
2 1 0 593.74 182.53
3 2 0 593.74 182.41 0 128.77 413.79
4 3 0 130.01 412.51 0 591.91 182.51 0 137.05 458.76
5 3 0 591.24 182.24 0 128.76 413.53 0 138.55 458.74
6 3 0 591.24 181.25 0 130.00 411.25 0 138.74 458.67
7 3 0 589.99 181.25 0 130.04 409.97 0 139.97 456.27
8 4 0 590.00 180.02 0 141.25 453.79 0 131.22 406.24 0 131.26 408.75
9 4 0 587.49 180.02 0 141.24 452.78 0 132.50 406.23 0 16.29 426.37
10 3 0 587.49 180.04 0 132.51 406.23 0 141.24 452.49
11 3 0 586.25 178.75 0 133.73 405.01 0 143.69 451.25
12 3 0 585.03 177.53 0 133.02 403.77 0 143.72 451.27
13 4 0 585.04 177.50 0 133.75 402.50 0 143.74 448.98 0 23.74 426.24
14 3 0 583.68 176.26 0 136.26 401.27 0 143.75 448.77
15 4 0 582.50 176.25 0 136.25 401.28 0 146.25 446.25 0 26.25 426.27
16 4 0 581.26 176.01 0 146.38 448.75 0 136.28 398.74 0 136.27 401.29
17 4 0 580.01 175.01 0 147.49 446.27 0 136.33 398.75 0 523.75 622.31
18 4 0 147.49 445.00 0 580.00 174.61 0 27.49 427.51 0 137.53 397.49
19 6 0 578.76 173.75 0 149.95 443.73 0 30.00 427.52 0 597.51 402.55 0 138.63 396.27 0 522.54 626.25
20 3 0 577.50 172.50 0 151.22 442.52 0 136.84 393.77
21 4 0 576.46 172.49 0 149.99 442.53 0 138.74 393.74 0 518.71 623.73
22 7 0 575.02 171.67 0 516.71 623.75 0 138.74 391.22 0 33.76 423.75 0 151.26 441.28 0 33.75 426.22 0 138.75 393.73
23 5 0 575.01 171.26 0 139.98 390.11 0 516.25 623.76 0 153.76 441.26 0 151.26 441.29
24 6 0 573.74 170.04 0 141.26 389.99 0 37.51 427.49 0 153.75 438.76 0 516.25 625.76 0 515.65 623.73
25 5 0 572.51 170.02 0 153.76 437.47 0 141.24 388.73 0 513.72 626.21 0 513.76 623.73
26 4 0 571.24 170.01 0 155.00 437.50 0 141.24 387.51 0 513.72 625.57
27 5 0 569.99 168.76 0 155.00 437.50 0 511.26 626.06 0 143.69 386.26 0 512.51 625.03
28 5 0 570.01 168.75 0 156.22 435.03 0 508.97 626.16 0 143.74 386.26 0 509.05 623.76
29 5 0 568.75 167.49 0 42.50 427.53 0 157.51 434.28 0 508.72 626.25 0 143.54 383.75
30 4 0 567.48 167.46 0 157.50 433.78 0 507.49 626.25 0 146.24 383.74
31 5 0 566.26 166.33 0 506.24 626.27 0 158.74 433.77 0 146.25 383.70 0 567.49 167.54
32 4 0 565.02 166.25 0 146.24 381.26 0 158.73 431.22 0 503.73 626.21
33 5 0 564.99 165.32 0 146.69 380.00 0 503.71 626.26 0 161.25 430.57 0 159.97 429.86
34 4 0 563.75 165.01 0 147.49 380.01 0 161.28 429.17 0 503.30 627.48
35 4 0 562.46 164.81 0 162.51 428.81 0 501.24 627.39 0 147.50 376.26
36 4 0 561.24 163.77 0 162.51 427.49 0 147.49 378.60 0 499.91 627.00
37 4 0 561.10 163.26 0 163.74 426.21 0 148.73 376.27 0 498.74 627.69
38 5 0 559.92 162.49 0 498.62 628.60 0 148.83 373.74 0 165.91 426.26 0 166.01 423.78
39 4 0 557.50 162.52 0 149.98 372.66 0 166.24 423.77 0 166.24 426.21
40 3 0 557.47 161.30 0 149.99 372.50 0 166.24 423.75
41 3 0 556.25 161.28 0 153.76 371.23 0 166.27 423.76
42 3 0 554.99 160.04 0 149.97 370.00 0 166.24 422.21
43 4 0 554.89 160.00 0 151.25 368.78 0 168.77 421.24 0 166.23 421.25
44 5 0 553.66 160.00 0 170.02 420.01 0 151.23 366.24 0 602.50 187.50 0 151.24 368.72
45 4 0 552.50 158.76 0 170.01 419.97 0 153.75 366.25 0 60.70 428.89
46 3 0 551.25 158.77 0 155.01 365.01 0 170.01 418.74
47 5 0 550.01 158.74 0 153.91 363.76 0 171.15 418.72 0 390.01 77.50 0 227.54 37.51
48 3 0 549.06 157.49 0 156.25 362.53 0 171.26 416.26
49 3 0 547.50 157.51 0 157.50 362.52 0 173.25 416.26
50 3 0 547.47 157.38 0 156.26 361.24 0 173.76 413.75
