1 0
2 0
3 1 0 33.72 41.27
4 1 0 589.95 283.74
5 2 0 490.05 277.50 0 153.77 408.77
6 0
7 0
8 1 0 573.76 16.25
9 2 0 476.23 610.03 0 271.20 578.75
10 0
11 1 0 443.74 376.25
12 1 0 606.12 296.27
13 0
14 2 0 623.73 356.24 0 621.33 283.77
15 0
16 0
17 0
18 0
19 0
20 0
21 0
22 0
23 1 0 459.32 543.73
24 0
25 0
26 1 0 573.77 16.26
27 0
28 1 0 258.76 443.78
29 3 0 233.75 52.74 0 86.32 588.86 0 516.24 363.75
30 1 0 549.52 348.57
31 0
32 0
33 1 0 596.60 303.43
34 3 0 153.76 491.26 0 151.28 491.27 0 96.24 531.32
35 2 0 566.20 18.71 0 568.73 18.77
36 2 0 603.74 283.76 0 452.54 18.76
37 1 0 576.22 616.23
38 0
39 0
40 2 0 573.72 17.40 0 576.21 17.00
41 1 0 490.08 273.76
42 0
43 3 0 608.75 296.24 0 608.76 294.27 0 606.26 296.26
44 0
45 1 0 165.00 195.01
46 3 0 482.49 275.02 0 405.00 109.96 0 451.25 18.77
47 0
48 0
49 1 0 93.75 213.74
50 1 0 536.26 623.74
