1 0
2 0
3 2 0 461.26 153.78 0 37.53 325.08
4 1 0 465.97 156.07
5 1 0 461.25 158.76
6 2 0 463.75 161.19 0 465.00 160.03
7 1 0 459.99 161.27
8 1 0 463.74 166.27
9 1 0 462.49 165.46
10 3 0 622.58 65.29 0 462.51 168.75 0 155.18 428.87
11 2 0 462.50 171.25 0 621.85 65.74
12 3 0 458.76 172.56 0 616.25 66.28 0 613.81 66.26
13 2 0 461.25 176.07 0 616.25 66.30
14 2 0 612.51 67.04 0 459.99 177.50
15 3 0 458.74 181.26 0 610.27 66.27 0 92.54 34.99
16 2 0 461.24 188.74 0 609.01 72.44
17 2 0 456.25 186.26 0 603.75 68.86
18 3 0 601.25 73.77 0 456.71 193.73 0 467.57 180.68
19 2 0 459.99 191.25 0 603.74 71.23
20 2 0 596.25 71.26 0 456.23 193.75
21 2 0 593.84 71.24 0 456.26 195.11
22 2 0 458.75 201.21 0 596.24 73.77
23 2 0 458.74 203.76 0 594.92 76.01
24 2 0 456.26 203.75 0 589.86 73.73
25 4 0 456.26 210.00 0 587.48 78.74 0 117.52 35.02 0 16.31 555.92
26 5 0 587.50 76.28 0 458.76 211.25 0 16.26 551.23 0 45.02 620.00 0 496.32 358.72
27 4 0 456.17 210.63 0 583.33 73.76 0 14.06 548.20 0 16.14 547.53
28 4 0 457.50 216.24 0 583.73 77.51 0 16.23 548.75 0 13.76 548.75
29 3 0 451.99 218.76 0 576.25 78.75 0 527.50 319.96
30 3 0 453.75 218.74 0 576.26 76.27 0 427.49 596.19
31 2 0 453.75 221.22 0 573.32 77.44
32 5 0 453.73 223.73 0 571.76 77.50 0 454.99 224.95 0 37.47 570.18 0 16.27 541.15
33 3 0 449.99 229.84 0 568.74 82.35 0 566.27 81.31
34 4 0 448.79 231.26 0 563.75 82.51 0 237.48 622.05 0 100.01 410.00
35 6 0 453.74 235.98 0 565.00 85.00 0 241.25 623.74 0 141.25 48.80 0 576.26 181.28 0 574.13 181.26
36 4 0 451.25 232.89 0 242.49 618.66 0 141.24 44.98 0 561.24 81.26
37 3 0 451.25 241.25 0 245.96 618.56 0 558.71 86.23
38 4 0 451.25 238.74 0 557.51 82.51 0 246.23 612.62 0 149.97 45.00
39 4 0 453.72 243.73 0 556.27 85.01 0 251.30 613.37 0 2.76 347.31
40 5 0 448.75 243.76 0 550.00 85.00 0 122.50 100.01 0 248.73 608.79 0 246.27 608.78
41 4 0 252.49 610.00 0 452.14 247.57 0 553.74 86.25 0 551.23 86.24
42 3 0 448.76 253.74 0 547.50 90.00 0 252.48 610.03
43 3 0 252.51 608.77 0 446.24 254.62 0 543.76 88.77
44 4 0 448.76 253.75 0 543.75 86.26 0 162.49 50.02 0 256.25 601.93
45 4 0 260.00 602.50 0 451.25 257.55 0 543.72 88.75 0 166.21 52.51
46 3 0 448.76 258.75 0 258.79 598.75 0 538.76 88.77
47 3 0 446.69 266.27 0 261.26 601.27 0 536.30 92.74
48 4 0 451.26 266.29 0 3.30 345.39 0 538.77 92.51 0 266.25 598.74
49 5 0 532.52 90.00 0 446.24 266.25 0 263.76 593.75 0 447.53 264.99 0 266.22 593.77
50 5 0 447.38 268.06 0 531.29 91.25 0 266.26 591.24 0 266.26 593.76 0 178.80 56.23
