1 0
2 0
3 0
4 0
5 3 0 189.99 132.50 0 28.76 336.28 0 378.75 17.61
6 6 0 13.76 228.75 0 373.75 21.26 0 26.25 336.27 0 186.24 136.24 0 186.26 133.91 0 141.24 70.03
7 6 0 28.75 336.27 0 17.81 232.55 0 18.72 231.37 0 189.98 138.74 0 376.74 23.73 0 143.72 74.96
8 7 0 21.24 228.75 0 381.24 21.24 0 191.15 133.76 0 33.76 331.25 0 146.29 73.74 0 323.70 587.50 0 146.27 71.22
9 5 0 21.25 228.75 0 380.65 21.23 0 33.72 328.76 0 31.55 328.78 0 191.27 136.24
10 4 0 29.99 330.00 0 19.51 232.54 0 378.25 23.76 0 189.97 138.72
11 4 0 21.24 231.29 0 378.75 23.76 0 31.24 328.74 0 189.98 138.73
12 4 0 381.23 28.75 0 22.51 236.25 0 32.88 330.03 0 191.25 143.63
13 7 0 381.24 29.38 0 23.42 236.27 0 31.23 328.73 0 143.71 82.15 0 193.75 143.71 0 32.50 327.46 0 191.24 143.46
14 7 0 34.99 323.38 0 25.01 235.00 0 382.44 27.34 0 195.02 141.24 0 463.71 333.74 0 557.42 397.50 0 462.82 336.23
15 7 0 197.50 147.50 0 37.48 326.07 0 28.73 241.23 0 150.67 84.73 0 386.25 31.25 0 386.25 33.74 0 152.77 84.50
16 6 0 29.99 237.47 0 387.48 30.00 0 38.74 321.25 0 198.75 141.23 0 16.26 578.75 0 150.00 84.05
17 6 0 31.15 238.74 0 41.23 318.73 0 388.75 33.70 0 388.74 31.26 0 201.27 143.74 0 17.99 578.75
18 9 0 31.23 243.76 0 387.48 37.50 0 18.78 583.75 0 38.74 322.37 0 602.99 147.47 0 40.55 322.26 0 149.99 89.99 0 201.24 153.74 0 198.73 153.74
19 9 0 42.50 316.23 0 389.99 35.00 0 201.29 147.52 0 33.73 241.24 0 153.76 86.24 0 237.50 157.50 0 23.68 578.96 0 402.47 195.03 0 33.12 239.96
20 7 0 35.00 242.52 0 202.52 149.98 0 46.17 315.00 0 26.25 581.28 0 393.75 38.74 0 391.27 38.74 0 23.77 581.27
21 7 0 388.75 38.75 0 201.26 151.25 0 33.74 243.82 0 41.24 316.24 0 22.38 581.43 0 456.28 326.25 0 32.45 244.77
22 7 0 37.46 245.04 0 157.50 90.00 0 393.76 38.75 0 28.75 581.24 0 46.34 313.70 0 48.76 313.71 0 206.23 149.94
23 7 0 389.98 43.62 0 36.25 248.76 0 203.75 154.11 0 41.24 313.77 0 41.25 311.27 0 452.52 82.51 0 23.74 586.22
24 8 0 37.51 252.49 0 30.24 589.05 0 395.76 46.22 0 208.76 158.73 0 46.25 314.16 0 48.11 314.96 0 206.87 158.76 0 395.16 48.65
25 6 0 38.72 249.98 0 46.25 310.03 0 393.75 43.77 0 206.24 156.26 0 29.36 586.22 0 156.27 96.25
26 7 0 41.25 253.76 0 396.23 50.00 0 49.97 311.22 0 208.74 161.28 0 30.23 588.33 0 449.96 317.51 0 206.24 161.27
27 6 0 38.76 251.26 0 48.75 306.25 0 396.26 46.26 0 208.77 158.75 0 33.76 586.23 0 31.21 586.21
28 8 0 396.26 51.25 0 50.64 308.73 0 209.99 163.86 0 41.49 256.25 0 157.49 101.20 0 34.26 590.78 0 33.73 593.78 0 42.42 255.00
29 7 0 397.51 51.28 0 51.22 306.25 0 41.27 256.10 0 36.24 589.49 0 210.11 165.06 0 42.14 255.01 0 157.74 101.77
30 6 0 402.44 51.26 0 46.22 256.27 0 56.27 303.73 0 217.24 161.83 0 163.78 102.72 0 215.44 162.85
31 9 0 163.76 107.49 0 403.17 56.26 0 48.76 258.75 0 41.34 590.00 0 56.27 303.77 0 216.24 168.74 0 56.26 306.32 0 216.24 166.44 0 54.00 303.71
32 7 0 51.17 259.99 0 403.76 56.26 0 58.74 301.34 0 216.33 168.74 0 357.36 378.74 0 163.95 107.48 0 216.30 166.67
33 6 0 51.25 261.26 0 403.76 58.26 0 45.01 595.00 0 216.35 168.78 0 56.96 301.27 0 165.00 108.74
34 6 0 48.95 258.76 0 45.01 590.00 0 58.73 296.28 0 162.48 107.52 0 402.48 54.01 0 216.27 166.25
35 7 0 53.73 262.21 0 61.25 298.75 0 219.99 170.58 0 406.23 60.96 0 407.53 58.78 0 50.03 597.48 0 357.49 532.49
36 7 0 51.26 266.27 0 406.23 63.72 0 58.75 298.76 0 162.47 117.45 0 216.36 173.78 0 147.49 364.98 0 48.74 596.27
37 6 0 51.24 263.83 0 161.25 114.99 0 51.26 265.70 0 403.76 62.24 0 58.74 296.25 0 46.18 595.05
38 5 0 53.76 263.16 0 61.23 291.26 0 221.25 172.50 0 406.28 61.24 0 51.05 593.76
39 6 0 54.21 268.73 0 61.23 293.76 0 408.75 67.48 0 221.26 178.76 0 52.50 597.50 0 165.00 117.50
40 8 0 408.74 63.75 0 56.25 266.27 0 165.01 116.43 0 63.57 288.77 0 223.72 176.23 0 52.50 593.84 0 223.74 173.93 0 62.50 287.10
41 7 0 59.98 266.43 0 411.26 66.24 0 66.26 286.23 0 58.67 596.24 0 226.27 176.71 0 223.72 178.84 0 323.65 587.50
42 5 0 62.46 268.76 0 412.52 68.74 0 68.66 286.33 0 227.48 179.99 0 61.24 597.50
43 8 0 58.74 271.24 0 66.25 288.73 0 410.12 71.26 0 58.79 273.36 0 223.73 183.68 0 56.24 601.27 0 166.22 123.73 0 64.75 286.92
44 7 0 63.78 286.25 0 58.74 271.22 0 59.22 273.60 0 410.34 73.76 0 223.72 181.45 0 410.05 71.21 0 429.98 298.78
45 7 0 412.79 75.01 0 62.44 276.24 0 226.32 186.25 0 68.90 286.43 0 61.24 602.67 0 226.26 184.10 0 171.25 128.75
46 10 0 172.53 122.52 0 66.27 271.75 0 64.96 272.56 0 230.13 183.67 0 71.46 281.29 0 416.25 71.23 0 115.01 107.50 0 73.78 281.32 0 416.25 73.72 0 63.68 596.43
47 4 0 69.41 276.03 0 416.27 73.78 0 231.20 183.73 0 71.44 277.65
48 5 0 70.53 276.34 0 233.77 188.59 0 418.72 77.47 0 237.49 37.51 0 70.69 602.98
49 8 0 234.99 189.99 0 419.19 78.76 0 71.21 277.49 0 426.25 293.80 0 73.03 277.50 0 176.25 130.19 0 71.23 602.47 0 73.70 601.43
50 4 0 72.30 275.69 0 416.65 78.74 0 233.74 187.55 0 423.74 288.76
