1 0
2 2 0 348.74 76.24 0 101.25 227.52
3 2 0 346.25 78.76 0 100.01 228.78
4 2 0 347.51 79.01 0 102.12 227.52
5 3 0 348.63 80.78 0 347.52 79.99 0 103.75 226.28
6 2 0 348.74 78.74 0 106.24 221.25
7 3 0 345.26 83.78 0 103.73 226.25 0 103.73 224.27
8 2 0 346.23 81.27 0 103.72 221.31
9 2 0 350.28 83.88 0 108.75 223.74
10 3 0 345.05 86.21 0 103.74 221.35 0 428.73 526.25
11 3 0 348.74 83.77 0 109.98 218.88 0 433.65 524.94
12 4 0 348.73 85.57 0 111.23 218.76 0 433.74 523.79 0 431.23 523.78
13 3 0 348.73 91.26 0 111.24 222.01 0 428.73 526.29
14 2 0 347.53 88.44 0 111.24 218.76
15 2 0 351.24 91.24 0 115.01 218.86
16 3 0 351.24 92.57 0 117.50 219.83 0 430.00 521.25
17 3 0 348.73 91.26 0 427.49 517.50 0 113.75 216.26
18 3 0 347.47 93.74 0 113.75 216.25 0 423.74 517.52
19 4 0 348.74 93.76 0 116.26 213.73 0 15.02 425.03 0 16.57 258.73
20 5 0 347.50 97.62 0 14.08 428.15 0 116.24 217.21 0 16.25 262.61 0 421.25 517.49
21 5 0 20.00 427.49 0 352.49 97.62 0 121.25 216.24 0 427.50 515.06 0 23.71 263.75
22 5 0 348.73 97.50 0 118.73 213.75 0 18.86 261.26 0 18.75 427.51 0 421.30 513.75
23 3 0 351.26 103.73 0 21.25 431.26 0 121.25 216.27
24 3 0 353.76 101.27 0 124.99 213.73 0 22.48 429.47
25 4 0 349.98 101.26 0 122.51 212.50 0 20.09 429.74 0 23.73 263.76
26 5 0 351.24 107.41 0 123.78 216.27 0 26.27 268.72 0 21.24 434.98 0 419.99 515.01
27 5 0 124.99 210.00 0 351.23 103.60 0 352.49 102.72 0 21.26 430.02 0 26.23 266.28
28 5 0 348.75 108.73 0 21.26 436.25 0 26.25 268.85 0 124.99 213.74 0 416.25 511.22
29 3 0 351.25 110.58 0 23.74 437.29 0 27.50 271.23
30 4 0 129.99 210.00 0 352.50 106.22 0 29.98 267.51 0 26.26 433.75
31 6 0 351.28 108.59 0 29.98 270.01 0 128.76 208.74 0 352.49 107.94 0 26.25 433.76 0 387.50 602.51
32 4 0 355.02 110.71 0 29.99 435.00 0 132.50 210.00 0 35.02 270.00
33 6 0 353.24 110.76 0 29.12 435.02 0 131.26 208.77 0 33.78 269.90 0 211.25 618.75 0 414.20 501.48
34 6 0 29.99 435.10 0 414.73 500.04 0 133.73 208.76 0 352.65 111.26 0 210.01 618.88 0 33.75 271.26
35 5 0 351.24 113.77 0 29.98 437.49 0 131.27 206.25 0 411.03 499.99 0 33.73 271.26
36 4 0 354.75 113.77 0 33.76 436.26 0 36.07 271.24 0 136.25 208.75
37 6 0 353.75 121.25 0 37.49 277.50 0 136.26 211.26 0 33.75 443.74 0 211.30 618.75 0 31.37 443.72
38 5 0 355.02 121.28 0 35.00 444.98 0 38.72 277.52 0 138.77 211.26 0 212.81 613.84
39 6 0 351.24 119.91 0 37.49 275.01 0 136.26 206.25 0 31.24 441.25 0 205.74 612.52 0 33.04 441.24
40 4 0 353.75 123.75 0 138.75 210.53 0 35.27 444.97 0 38.73 278.77
41 4 0 35.00 441.34 0 138.75 206.26 0 38.56 276.27 0 353.75 121.25
42 5 0 357.47 123.76 0 212.51 610.01 0 45.03 278.76 0 41.25 446.24 0 143.74 208.78
43 5 0 354.99 128.11 0 210.01 612.10 0 42.68 281.29 0 143.74 208.75 0 38.75 448.75
44 5 0 356.25 123.75 0 43.74 277.51 0 210.01 605.00 0 143.75 203.75 0 41.26 443.76
45 6 0 353.75 128.76 0 42.50 282.52 0 38.74 448.76 0 209.98 606.28 0 142.79 206.26 0 610.01 362.54
46 5 0 353.83 131.25 0 45.00 283.81 0 209.12 606.22 0 143.76 208.78 0 41.22 450.83
47 5 0 357.46 128.74 0 148.73 203.76 0 44.98 446.25 0 212.46 602.50 0 48.75 282.51
48 5 0 358.72 132.51 0 212.50 602.50 0 50.01 282.88 0 149.97 205.02 0 45.03 448.72
49 5 0 353.74 131.51 0 147.49 204.98 0 45.93 283.75 0 42.49 448.73 0 352.47 132.55
50 7 0 357.50 131.26 0 50.01 282.51 0 211.26 597.51 0 402.50 484.99 0 151.24 201.28 0 44.03 448.78 0 44.96 447.49
