1 0
2 1 0 496.32 603.76
3 1 0 487.51 609.06
4 1 0 486.24 608.75
5 4 0 131.28 11.39 0 485.02 599.95 0 189.22 636.96 0 521.26 586.26
6 2 0 137.50 21.27 0 488.77 606.27
7 4 0 136.32 17.49 0 486.23 598.50 0 311.24 618.75 0 487.50 597.52
8 4 0 136.24 20.02 0 483.77 596.25 0 308.74 616.26 0 130.01 189.98
9 4 0 475.00 601.25 0 301.24 621.25 0 127.61 28.80 0 209.98 621.21
10 8 0 482.51 597.48 0 137.50 28.76 0 42.51 341.28 0 311.17 616.24 0 385.62 348.72 0 301.22 226.16 0 193.81 547.52 0 381.26 321.24
11 5 0 135.00 36.26 0 477.49 600.00 0 546.35 21.24 0 306.25 618.29 0 323.58 143.73
12 6 0 132.41 28.76 0 303.51 606.27 0 622.49 132.53 0 543.73 13.75 0 471.82 588.75 0 486.27 573.73
13 5 0 306.26 611.24 0 136.28 38.76 0 626.25 142.56 0 475.00 595.00 0 548.73 23.72
14 9 0 132.51 43.79 0 621.25 147.26 0 469.98 596.28 0 301.25 611.28 0 543.75 28.76 0 46.46 2.85 0 42.35 543.64 0 20.00 131.23 0 38.71 346.25
15 6 0 615.02 140.06 0 463.74 586.26 0 128.76 37.53 0 296.29 601.25 0 538.75 23.73 0 188.78 637.54
16 5 0 136.27 46.26 0 622.41 147.50 0 468.99 588.75 0 303.74 603.76 0 547.48 29.99
17 5 0 127.49 50.02 0 459.80 591.26 0 612.45 152.35 0 538.75 35.01 0 296.26 604.96
18 6 0 130.00 43.76 0 612.52 144.99 0 297.45 593.76 0 458.74 581.16 0 541.24 27.84 0 621.81 608.74
19 7 0 617.52 152.49 0 135.02 52.56 0 627.48 611.25 0 546.24 35.58 0 626.27 533.76 0 463.74 585.64 0 301.27 596.26
20 10 0 133.74 51.25 0 613.75 150.00 0 460.01 578.75 0 301.12 591.21 0 543.74 33.73 0 41.26 338.76 0 623.75 606.24 0 624.44 530.45 0 21.24 434.29 0 45.37 533.73
21 9 0 126.26 57.49 0 450.01 581.26 0 604.28 156.25 0 612.50 532.52 0 536.27 41.26 0 291.25 593.76 0 16.24 438.76 0 230.02 598.77 0 285.48 3.06
22 10 0 607.50 162.53 0 130.07 63.74 0 541.24 46.23 0 452.51 583.79 0 293.75 594.91 0 23.73 443.75 0 616.61 608.78 0 235.00 602.51 0 613.71 536.27 0 616.27 536.28
23 10 0 125.04 63.36 0 288.76 588.76 0 601.23 161.28 0 445.01 580.01 0 611.00 605.01 0 536.27 46.25 0 608.75 531.27 0 21.24 441.25 0 606.63 531.27 0 21.24 439.06
24 8 0 124.99 66.23 0 288.75 586.27 0 443.75 578.75 0 599.98 162.59 0 610.00 602.50 0 606.18 530.01 0 23.72 441.24 0 491.24 623.74
25 9 0 124.98 67.50 0 597.48 164.09 0 287.71 583.76 0 608.75 598.74 0 603.76 528.79 0 441.28 576.25 0 330.03 477.52 0 26.21 438.72 0 285.31 2.66
26 7 0 597.46 167.51 0 124.98 71.26 0 602.51 529.88 0 28.73 441.24 0 438.74 576.25 0 288.06 583.76 0 608.74 598.76
27 9 0 598.19 162.50 0 128.77 66.26 0 610.06 589.97 0 34.99 434.99 0 603.74 521.27 0 440.76 568.73 0 288.85 576.23 0 538.76 48.75 0 440.00 567.48
28 7 0 133.75 76.25 0 602.50 170.13 0 444.99 573.46 0 42.49 441.25 0 293.74 578.76 0 606.23 526.25 0 616.27 594.63
29 10 0 133.76 76.25 0 602.48 170.84 0 441.74 571.26 0 293.75 573.75 0 604.97 523.72 0 41.25 341.23 0 490.00 612.50 0 44.92 438.89 0 251.15 583.67 0 301.23 226.21
30 12 0 132.50 82.49 0 598.75 177.50 0 291.23 575.98 0 46.14 443.75 0 438.71 571.43 0 610.00 590.05 0 601.27 526.25 0 41.24 343.74 0 541.24 63.74 0 41.25 346.19 0 249.98 586.25 0 439.98 572.57
31 10 0 589.96 177.48 0 124.95 84.99 0 283.74 573.75 0 429.93 570.01 0 591.24 523.76 0 41.26 443.76 0 601.26 588.74 0 477.50 611.32 0 533.75 66.28 0 243.77 583.75
32 11 0 587.44 177.50 0 123.72 83.74 0 426.26 563.75 0 43.76 441.27 0 281.26 568.77 0 245.00 580.00 0 531.25 66.26 0 475.97 606.69 0 598.75 583.75 0 588.73 518.76 0 588.74 521.27
33 9 0 594.98 177.51 0 132.51 83.81 0 290.01 565.02 0 433.75 561.28 0 596.26 515.02 0 608.75 579.97 0 482.51 602.50 0 541.24 66.26 0 253.80 573.91
34 9 0 123.75 91.28 0 422.50 565.01 0 584.84 183.75 0 598.76 583.74 0 281.26 566.26 0 251.20 576.25 0 279.98 567.54 0 531.92 73.70 0 531.43 71.26
35 11 0 582.51 180.03 0 123.73 88.75 0 421.25 558.75 0 279.23 558.75 0 532.50 69.41 0 581.23 163.69 0 583.64 513.76 0 252.47 568.80 0 33.75 338.65 0 596.31 573.75 0 280.01 559.99
36 9 0 281.27 556.25 0 125.02 90.01 0 56.26 438.75 0 583.75 180.00 0 597.51 571.23 0 420.29 554.99 0 36.23 336.24 0 253.75 566.25 0 581.41 511.22
37 10 0 587.49 189.96 0 131.28 100.02 0 286.26 561.28 0 261.25 572.53 0 63.74 446.26 0 601.24 576.28 0 423.75 561.29 0 476.28 601.26 0 586.71 517.61 0 285.06 560.01
38 12 0 580.01 192.53 0 124.98 103.74 0 278.74 558.75 0 532.49 83.23 0 416.27 561.27 0 467.53 597.51 0 593.76 576.26 0 58.96 448.77 0 578.39 519.11 0 43.51 2.83 0 256.24 571.30 0 59.87 447.49
39 10 0 131.27 100.01 0 585.00 188.62 0 421.24 553.77 0 283.89 551.26 0 71.19 441.26 0 539.99 78.75 0 474.98 589.97 0 581.25 508.77 0 266.30 561.72 0 598.76 568.76
40 10 0 582.49 194.98 0 283.76 553.75 0 418.75 556.25 0 131.24 107.52 0 597.48 570.01 0 538.74 86.28 0 71.19 446.25 0 41.29 343.76 0 73.71 446.26 0 266.34 565.01
41 14 0 580.01 198.74 0 129.96 111.25 0 281.24 553.78 0 413.99 557.50 0 73.73 448.76 0 595.04 570.03 0 228.77 88.77 0 41.24 346.28 0 266.32 566.23 0 543.72 221.27 0 576.37 513.79 0 467.53 595.02 0 60.37 450.22 0 43.74 543.70
42 10 0 572.52 192.52 0 123.73 105.36 0 70.00 441.32 0 529.99 83.73 0 407.48 547.47 0 275.02 542.62 0 568.73 506.25 0 261.25 556.22 0 461.24 583.75 0 588.74 561.25
43 12 0 571.86 195.02 0 273.73 541.20 0 406.20 546.23 0 587.49 557.51 0 123.73 108.76 0 33.74 337.11 0 458.76 581.26 0 71.27 441.30 0 73.72 441.30 0 38.74 533.75 0 566.30 503.73 0 36.22 451.26
44 11 0 131.28 114.97 0 577.50 201.26 0 411.27 548.76 0 281.27 542.49 0 83.74 446.26 0 573.74 507.46 0 538.76 92.50 0 271.17 553.95 0 466.24 583.75 0 42.91 341.22 0 273.59 553.91
45 9 0 570.02 197.48 0 125.69 112.52 0 565.00 500.78 0 403.76 541.27 0 275.00 535.79 0 267.49 547.40 0 78.75 441.26 0 586.25 551.26 0 586.26 553.19
46 10 0 130.02 121.82 0 575.00 206.46 0 590.00 557.50 0 406.24 547.59 0 278.74 539.49 0 88.73 448.79 0 461.25 581.26 0 536.27 99.99 0 566.24 507.63 0 568.75 508.54
47 8 0 572.50 202.52 0 128.81 118.72 0 88.74 443.75 0 403.74 540.18 0 277.43 532.57 0 565.02 500.01 0 587.52 549.89 0 242.45 449.96
48 14 0 126.26 129.99 0 567.34 213.71 0 397.50 547.49 0 273.74 538.76 0 557.52 507.53 0 226.25 89.75 0 37.60 346.30 0 453.74 581.23 0 88.73 453.76 0 237.50 42.50 0 532.47 108.02 0 296.28 231.23 0 429.06 30.45 0 86.19 453.74
49 10 0 564.98 214.99 0 126.25 132.50 0 396.25 546.26 0 557.51 507.50 0 92.51 452.70 0 396.83 544.97 0 273.72 536.29 0 532.50 109.00 0 238.52 42.53 0 38.72 346.24
50 11 0 567.52 208.73 0 128.75 126.28 0 273.75 526.26 0 397.43 536.25 0 96.25 444.07 0 558.73 498.75 0 533.75 103.76 0 585.04 545.12 0 583.74 543.72 0 453.75 568.75 0 127.55 127.54
