1 0
2 2 0 198.71 106.23 0 198.74 103.78
3 1 0 198.72 106.24
4 1 0 198.73 108.73
5 3 0 140.02 16.27 0 198.75 111.26 0 45.59 325.34
6 2 0 141.24 18.75 0 200.00 113.72
7 3 0 142.49 20.02 0 201.24 116.20 0 199.98 115.56
8 4 0 201.26 118.75 0 358.74 621.26 0 143.73 21.23 0 620.00 482.53
9 3 0 358.74 618.76 0 201.25 120.02 0 144.72 23.75
10 3 0 146.27 26.27 0 202.48 122.51 0 358.76 617.49
11 3 0 147.44 28.74 0 202.56 123.79 0 358.74 613.76
12 4 0 148.75 31.24 0 357.51 612.48 0 203.75 126.24 0 203.16 127.46
13 3 0 204.99 129.60 0 356.23 610.65 0 149.97 32.69
14 3 0 204.09 131.26 0 356.25 608.75 0 151.24 36.10
15 4 0 206.22 133.75 0 356.25 606.25 0 152.50 37.48 0 205.10 134.97
16 4 0 204.99 623.75 0 356.25 603.75 0 206.25 136.26 0 153.76 39.65
17 4 0 206.26 621.33 0 356.25 601.26 0 155.01 41.27 0 206.26 138.76
18 4 0 156.24 43.75 0 356.25 598.74 0 207.52 619.99 0 207.49 141.25
19 4 0 156.36 46.26 0 355.78 596.26 0 208.75 142.58 0 209.97 617.52
20 4 0 210.04 614.98 0 353.84 593.76 0 208.75 143.97 0 158.74 48.74
21 5 0 212.45 613.72 0 210.02 146.99 0 353.77 591.25 0 158.75 50.82 0 159.99 50.00
22 4 0 213.74 611.24 0 353.76 588.75 0 211.26 148.77 0 161.24 52.52
23 6 0 215.02 609.99 0 353.77 586.26 0 211.58 151.24 0 161.25 54.74 0 212.28 152.49 0 381.20 43.41
24 4 0 162.49 56.31 0 212.51 153.77 0 216.29 607.51 0 353.75 584.65
25 4 0 163.75 58.76 0 213.74 156.25 0 218.74 605.70 0 353.77 583.68
26 6 0 219.53 603.42 0 166.23 61.23 0 353.76 581.06 0 213.75 158.75 0 215.00 157.64 0 352.51 580.04
27 5 0 166.27 63.73 0 221.24 601.26 0 215.01 160.54 0 621.26 181.26 0 353.74 578.77
28 5 0 216.25 162.52 0 167.05 66.29 0 621.24 183.76 0 222.49 598.75 0 352.76 576.23
29 6 0 217.51 165.00 0 223.76 597.52 0 351.24 573.75 0 168.75 68.74 0 617.82 186.26 0 100.01 612.52
30 5 0 351.24 571.25 0 218.75 166.25 0 169.42 70.21 0 226.26 594.96 0 616.28 187.44
31 6 0 351.23 568.76 0 219.99 168.74 0 227.50 593.74 0 170.45 72.73 0 623.76 99.35 0 613.75 187.74
32 6 0 351.24 566.24 0 228.74 591.22 0 171.24 75.72 0 221.24 171.25 0 612.51 189.99 0 621.25 101.25
33 7 0 351.24 563.77 0 228.74 588.73 0 221.24 173.75 0 172.50 77.48 0 618.75 103.76 0 611.26 191.25 0 611.27 193.74
34 11 0 351.23 562.28 0 193.75 16.26 0 231.24 586.23 0 173.75 79.96 0 223.47 175.00 0 608.78 193.76 0 423.74 18.02 0 616.25 106.27 0 609.58 192.49 0 232.49 587.46 0 616.27 103.79
35 8 0 223.74 177.50 0 193.75 18.75 0 423.75 21.24 0 173.74 81.29 0 349.99 558.95 0 233.14 585.01 0 616.26 106.26 0 606.27 194.19
36 9 0 349.99 557.36 0 423.74 23.57 0 235.00 582.48 0 226.03 178.75 0 606.24 197.52 0 176.26 83.76 0 613.72 107.48 0 193.75 21.28 0 191.61 21.28
37 8 0 176.25 86.26 0 236.22 581.26 0 348.72 555.52 0 423.74 25.05 0 226.11 181.25 0 611.24 109.23 0 603.76 198.76 0 193.75 23.74
38 9 0 237.51 578.74 0 177.51 88.75 0 227.48 183.69 0 423.74 28.76 0 348.74 553.65 0 191.25 26.27 0 611.22 111.24 0 603.75 201.22 0 603.74 199.16
39 8 0 348.75 551.25 0 423.74 31.13 0 238.74 576.27 0 178.74 91.25 0 191.23 28.74 0 228.76 185.21 0 598.75 202.40 0 27.49 517.49
40 9 0 348.74 548.74 0 422.49 33.77 0 178.75 93.74 0 229.96 187.49 0 191.23 30.22 0 598.74 203.78 0 240.01 574.96 0 606.24 115.01 0 307.46 197.50
41 8 0 422.45 34.98 0 348.73 546.29 0 241.26 572.54 0 231.25 188.76 0 597.48 205.01 0 605.00 115.01 0 191.23 32.65 0 181.24 96.25
42 8 0 421.26 38.73 0 347.48 543.74 0 243.75 570.20 0 191.21 34.97 0 232.55 191.24 0 602.52 118.02 0 596.14 206.27 0 181.25 97.66
43 8 0 233.74 193.76 0 347.49 541.25 0 421.27 41.27 0 244.99 568.75 0 181.25 101.26 0 190.81 36.25 0 593.76 208.77 0 601.22 118.75
44 8 0 246.25 566.25 0 421.25 43.76 0 347.27 538.76 0 188.74 38.76 0 235.07 195.85 0 591.22 209.98 0 598.71 122.54 0 182.49 102.47
45 8 0 421.24 46.23 0 346.25 536.25 0 188.74 41.44 0 236.25 197.75 0 589.99 211.37 0 597.50 123.75 0 247.51 563.74 0 183.74 104.11
46 8 0 188.75 43.76 0 346.26 533.76 0 421.24 48.76 0 250.00 562.50 0 587.50 212.51 0 594.99 124.99 0 237.50 198.76 0 183.74 106.29
47 9 0 346.26 532.46 0 188.74 46.25 0 419.98 51.24 0 238.74 201.26 0 251.26 561.28 0 183.75 108.73 0 586.27 216.24 0 593.74 126.23 0 239.97 200.00
48 9 0 252.49 558.32 0 420.00 53.75 0 346.25 529.97 0 187.50 48.77 0 240.67 203.77 0 583.74 216.29 0 593.74 128.78 0 186.28 111.23 0 186.24 113.51
49 8 0 253.75 556.24 0 419.99 56.26 0 186.28 51.25 0 186.25 113.79 0 242.26 203.98 0 589.98 131.16 0 346.25 527.07 0 581.25 218.75
50 8 0 418.76 58.76 0 587.50 132.50 0 186.27 53.77 0 186.28 116.24 0 243.76 206.26 0 581.25 221.27 0 255.00 553.77 0 346.15 526.22
