1 0
2 8 0 607.51 534.98 0 281.25 107.50 0 510.03 488.74 0 83.76 58.64 0 260.98 101.05 0 616.25 461.24 0 143.71 268.75 0 463.74 56.24
3 9 0 291.22 108.75 0 93.76 58.75 0 518.73 488.74 0 616.39 535.17 0 153.75 268.77 0 271.25 101.40 0 475.00 58.76 0 626.16 462.18 0 624.21 462.21
4 10 0 612.49 532.29 0 288.75 107.33 0 515.00 485.00 0 271.27 98.78 0 91.25 57.96 0 151.26 268.75 0 623.61 459.01 0 471.28 56.26 0 153.40 268.38 0 473.74 56.28
5 8 0 612.49 530.45 0 290.00 108.75 0 516.23 485.00 0 93.03 58.75 0 153.77 268.76 0 621.26 461.24 0 271.28 101.02 0 273.69 100.93
6 9 0 285.08 117.50 0 148.74 277.49 0 607.64 538.80 0 467.49 66.36 0 616.56 468.78 0 511.18 493.74 0 88.49 68.76 0 268.01 109.54 0 61.10 37.49
7 9 0 611.82 530.00 0 289.94 109.80 0 91.26 60.01 0 621.23 461.20 0 513.75 483.76 0 273.68 99.89 0 471.26 58.77 0 153.70 268.76 0 565.04 522.51
8 7 0 612.32 529.97 0 290.07 111.26 0 91.26 61.28 0 275.00 100.22 0 618.76 461.22 0 155.02 271.24 0 513.76 485.24
9 8 0 612.53 530.00 0 291.27 113.73 0 156.24 273.76 0 93.73 63.75 0 276.25 101.45 0 618.74 463.75 0 513.76 486.26 0 473.75 61.27
10 8 0 91.25 71.23 0 291.03 120.04 0 610.09 534.97 0 511.25 491.25 0 155.02 279.99 0 618.75 468.75 0 276.28 108.47 0 471.26 69.06
11 9 0 610.03 532.49 0 292.50 119.99 0 93.75 71.22 0 156.25 278.75 0 511.22 490.00 0 278.67 106.30 0 618.74 468.76 0 156.98 279.99 0 473.75 69.92
12 8 0 610.05 529.99 0 292.52 118.75 0 92.52 68.76 0 157.51 278.76 0 510.00 488.79 0 617.14 466.34 0 280.05 106.08 0 408.76 46.25
13 9 0 290.29 116.05 0 607.49 524.94 0 156.24 276.24 0 91.26 66.26 0 507.50 482.65 0 613.75 463.74 0 278.71 100.60 0 471.23 66.26 0 471.24 63.78
14 8 0 283.81 116.24 0 601.51 524.99 0 150.02 276.23 0 84.99 67.53 0 608.77 463.74 0 501.22 482.51 0 606.34 463.73 0 463.74 66.24
15 8 0 607.51 525.02 0 292.53 118.71 0 158.72 278.75 0 92.51 70.01 0 507.48 482.51 0 281.28 102.03 0 613.75 466.27 0 471.23 67.60
16 8 0 603.74 532.49 0 156.12 286.26 0 288.76 127.49 0 609.55 473.78 0 467.51 77.29 0 278.73 110.14 0 88.75 78.75 0 503.69 491.25
17 9 0 601.23 521.24 0 286.25 118.77 0 606.23 463.74 0 153.80 277.51 0 86.21 69.96 0 498.76 482.13 0 278.64 99.22 0 375.02 332.00 0 401.67 41.28
18 8 0 606.66 524.99 0 292.56 125.03 0 161.25 283.75 0 611.26 469.83 0 92.49 76.20 0 286.25 106.25 0 471.25 73.74 0 503.73 486.26
19 9 0 290.03 130.03 0 603.74 529.98 0 88.76 81.25 0 158.75 288.75 0 283.80 110.00 0 608.74 473.75 0 501.25 489.13 0 468.74 77.50 0 606.43 473.75
20 8 0 291.23 122.53 0 89.69 73.78 0 604.99 520.00 0 500.52 481.65 0 608.73 466.26 0 468.79 71.25 0 158.81 281.27 0 286.17 101.30
21 8 0 85.00 83.75 0 603.75 474.91 0 287.49 132.49 0 157.49 290.96 0 599.98 527.53 0 281.91 111.25 0 466.24 81.25 0 496.26 490.00
22 10 0 292.51 131.26 0 604.00 525.00 0 90.01 82.51 0 162.51 290.00 0 288.76 108.74 0 499.98 486.21 0 470.02 78.74 0 606.28 473.79 0 608.76 473.75 0 286.30 108.69
23 8 0 286.26 125.01 0 596.49 517.50 0 156.23 282.51 0 85.00 76.25 0 282.51 100.90 0 601.24 466.27 0 463.75 73.78 0 492.53 481.31
24 8 0 592.57 522.15 0 283.75 130.80 0 596.24 471.25 0 154.99 288.82 0 81.26 81.28 0 461.24 78.72 0 490.02 482.50 0 281.28 106.27
25 6 0 597.48 515.01 0 598.75 466.27 0 492.50 478.71 0 158.73 285.63 0 288.76 126.25 0 86.17 77.48
26 7 0 594.81 515.12 0 596.24 467.43 0 286.24 128.75 0 158.74 286.26 0 83.70 78.74 0 488.76 478.76 0 461.32 76.26
27 8 0 600.02 522.41 0 293.76 136.26 0 602.52 475.01 0 469.99 85.00 0 292.51 110.00 0 165.41 293.75 0 91.23 86.28 0 496.27 486.10
28 7 0 597.49 513.77 0 598.74 468.05 0 491.23 477.49 0 289.80 129.94 0 290.10 101.24 0 163.75 288.73 0 87.30 81.24
29 8 0 589.98 517.48 0 157.49 292.50 0 283.77 136.23 0 81.26 86.25 0 484.13 482.51 0 458.77 83.64 0 286.23 106.28 0 591.22 473.75
30 9 0 293.75 137.50 0 601.26 473.75 0 598.85 517.49 0 91.25 88.77 0 168.42 294.87 0 296.27 108.61 0 491.26 483.76 0 469.31 84.99 0 11.33 438.90
31 9 0 593.73 468.75 0 592.49 511.21 0 288.75 132.49 0 84.99 83.75 0 163.75 289.72 0 486.19 477.41 0 291.27 101.26 0 161.41 12.48 0 461.42 81.30
32 7 0 293.75 141.26 0 89.99 91.37 0 597.47 517.49 0 597.48 475.05 0 490.01 485.00 0 168.74 297.51 0 297.29 108.74
33 11 0 592.51 510.01 0 593.74 468.75 0 86.24 86.26 0 485.12 476.23 0 164.80 291.25 0 290.00 133.75 0 296.24 101.29 0 621.41 132.85 0 294.37 101.37 0 86.21 21.15 0 463.72 82.40
34 10 0 587.51 512.50 0 285.01 138.75 0 81.26 90.16 0 290.00 107.45 0 586.25 473.76 0 158.77 296.26 0 478.75 478.75 0 458.75 86.26 0 160.00 295.04 0 586.26 471.99
35 6 0 594.99 509.97 0 594.99 471.24 0 293.76 138.40 0 169.13 293.78 0 88.75 88.75 0 298.75 103.74
36 12 0 593.78 510.01 0 293.75 138.48 0 485.02 477.50 0 593.74 471.26 0 88.76 91.22 0 466.24 86.26 0 301.25 103.74 0 623.74 136.27 0 168.82 293.73 0 87.46 90.03 0 169.27 295.99 0 162.49 16.26
37 10 0 292.59 146.40 0 485.00 485.00 0 592.53 516.12 0 88.75 98.76 0 168.76 303.56 0 301.26 111.22 0 591.22 478.76 0 467.42 93.77 0 87.49 97.87 0 593.65 478.76
38 11 0 593.75 513.28 0 295.01 146.27 0 467.49 92.51 0 485.02 482.51 0 171.26 302.49 0 88.77 98.09 0 593.73 476.26 0 303.75 108.74 0 626.26 143.76 0 626.24 145.88 0 163.71 23.77
39 9 0 289.99 149.98 0 587.51 515.01 0 83.76 101.25 0 166.24 306.29 0 586.25 481.27 0 478.79 483.75 0 298.75 113.74 0 586.80 479.99 0 403.73 51.25
40 8 0 291.26 141.27 0 589.98 504.98 0 168.76 297.61 0 588.75 471.22 0 301.25 103.74 0 478.74 473.76 0 621.24 138.81 0 463.75 88.77
41 10 0 592.51 507.54 0 295.61 146.28 0 482.51 477.50 0 590.19 475.01 0 307.45 107.50 0 466.27 93.75 0 173.74 302.46 0 88.76 96.27 0 623.73 143.74 0 162.47 21.41
42 10 0 587.50 512.91 0 291.26 153.12 0 170.01 308.76 0 477.43 484.29 0 85.28 103.75 0 586.24 481.27 0 303.71 113.81 0 463.72 100.00 0 405.01 50.13 0 620.00 149.98
43 8 0 581.31 506.23 0 286.24 147.49 0 578.75 474.30 0 470.14 477.10 0 298.74 106.27 0 80.19 98.73 0 613.75 143.72 0 163.74 303.08
44 8 0 589.95 504.96 0 173.75 303.73 0 587.47 473.77 0 308.73 106.25 0 88.76 98.75 0 478.75 475.01 0 294.91 147.42 0 466.24 96.23
45 9 0 579.99 505.00 0 286.23 148.75 0 470.01 476.71 0 613.44 147.38 0 577.39 476.25 0 301.24 108.74 0 78.72 101.25 0 166.19 303.74 0 166.25 305.66
46 10 0 579.99 502.48 0 287.48 148.76 0 576.32 473.78 0 469.98 474.98 0 81.26 98.93 0 613.74 146.25 0 301.25 106.28 0 168.24 303.75 0 151.22 26.19 0 167.47 304.94
47 11 0 588.74 504.73 0 296.27 151.25 0 477.48 476.27 0 176.26 306.34 0 466.24 98.76 0 88.76 103.75 0 311.25 108.75 0 623.74 148.76 0 158.72 28.76 0 586.26 476.23 0 583.78 476.21
48 11 0 291.25 158.75 0 583.71 510.01 0 85.00 110.02 0 578.76 483.76 0 173.75 313.76 0 308.74 113.75 0 155.01 35.02 0 461.23 106.27 0 471.25 481.25 0 616.31 155.02 0 449.62 609.26
49 10 0 173.75 313.76 0 292.52 158.77 0 309.99 115.00 0 583.74 508.74 0 86.24 111.24 0 578.76 483.77 0 461.24 106.28 0 618.76 156.26 0 612.48 427.46 0 471.23 481.30
50 9 0 577.56 506.31 0 170.01 313.75 0 81.26 111.23 0 288.75 158.75 0 573.75 482.47 0 458.74 106.28 0 287.51 160.00 0 306.24 113.76 0 612.49 155.10
