1 0
2 1 0 207.87 9.00
3 4 0 203.79 12.49 0 351.27 133.75 0 353.75 133.77 0 178.75 17.39
4 3 0 351.17 140.47 0 181.24 26.25 0 206.19 18.75
5 4 0 211.25 21.24 0 351.27 141.27 0 353.75 141.27 0 183.76 28.75
6 2 0 348.50 141.27 0 211.17 22.42
7 4 0 208.76 21.26 0 343.72 139.51 0 181.25 29.97 0 437.49 18.76
8 4 0 218.74 16.27 0 188.74 26.28 0 351.23 133.73 0 446.26 16.28
9 4 0 341.25 133.75 0 212.46 18.74 0 183.75 26.43 0 438.74 18.73
10 5 0 338.74 138.75 0 212.44 23.73 0 438.74 23.68 0 182.26 33.77 0 562.82 358.04
11 3 0 346.26 138.75 0 221.30 23.75 0 449.99 23.14
12 5 0 18.92 533.73 0 338.74 143.74 0 187.51 37.76 0 218.77 29.96 0 442.54 29.81
13 4 0 223.73 23.03 0 341.46 136.20 0 193.75 33.79 0 341.82 134.62
14 5 0 333.75 141.27 0 186.25 42.50 0 218.75 30.92 0 442.54 29.99 0 636.98 614.29
15 6 0 155.01 625.20 0 338.73 143.76 0 449.47 33.78 0 193.77 43.75 0 226.26 31.25 0 20.54 541.29
16 6 0 151.25 623.76 0 445.00 35.01 0 333.74 143.75 0 221.26 33.75 0 187.50 45.00 0 23.71 531.25
17 4 0 148.73 616.26 0 328.75 138.76 0 221.24 27.51 0 57.88 521.98
18 3 0 151.25 611.26 0 226.31 26.30 0 330.04 133.76
19 6 0 148.75 618.75 0 326.25 143.75 0 226.25 36.24 0 188.78 49.23 0 443.73 42.53 0 28.72 526.27
20 6 0 157.48 613.75 0 233.73 33.75 0 331.26 141.23 0 37.52 525.02 0 452.52 37.51 0 197.49 46.23
21 6 0 150.15 616.26 0 227.50 38.75 0 446.22 43.90 0 31.23 526.25 0 190.09 52.29 0 323.75 143.76
22 6 0 156.24 611.25 0 236.24 37.50 0 452.50 42.52 0 197.51 52.49 0 38.72 522.49 0 328.76 141.25
23 7 0 153.75 603.76 0 37.48 515.00 0 450.02 37.52 0 196.23 46.23 0 323.75 133.76 0 233.76 33.76 0 233.76 31.27
24 8 0 149.99 611.25 0 37.49 523.74 0 318.72 143.74 0 446.48 51.01 0 233.77 43.77 0 231.23 43.73 0 447.78 50.41 0 318.72 145.83
25 7 0 237.49 35.01 0 153.73 601.28 0 197.49 49.48 0 450.00 42.51 0 321.25 136.25 0 41.30 513.76 0 152.47 600.02
26 8 0 149.99 608.76 0 235.01 45.01 0 196.26 60.00 0 38.74 522.49 0 448.74 51.26 0 316.25 146.23 0 21.23 23.75 0 316.28 143.73
27 7 0 148.76 606.27 0 234.99 45.87 0 194.99 61.30 0 38.74 521.24 0 446.24 53.42 0 311.22 143.76 0 311.21 146.22
28 7 0 152.50 595.37 0 46.25 511.24 0 198.75 52.60 0 452.52 45.00 0 313.82 136.25 0 241.25 37.46 0 27.50 20.02
29 5 0 148.82 593.74 0 43.79 510.02 0 238.72 37.51 0 310.00 138.33 0 149.96 592.48
30 8 0 242.49 50.00 0 151.23 601.26 0 311.07 146.45 0 152.50 602.46 0 27.52 29.97 0 451.26 58.74 0 48.75 518.74 0 4.23 564.55
31 7 0 147.65 598.74 0 45.03 517.53 0 450.01 60.04 0 305.40 146.29 0 238.75 49.12 0 304.67 145.08 0 197.49 67.50
32 7 0 153.76 597.49 0 52.49 517.50 0 202.50 69.38 0 246.73 51.07 0 311.22 146.22 0 453.78 61.25 0 311.22 144.27
33 7 0 148.74 596.26 0 243.75 52.63 0 50.01 516.61 0 303.70 146.18 0 198.69 70.16 0 451.25 63.68 0 27.50 36.60
34 6 0 306.24 146.25 0 151.25 595.30 0 248.73 53.75 0 52.90 514.86 0 453.84 66.58 0 118.75 21.59
35 9 0 153.75 591.23 0 252.51 52.50 0 306.25 143.75 0 205.63 70.75 0 122.48 21.25 0 456.23 66.25 0 56.32 511.22 0 56.46 513.76 0 456.27 64.13
36 8 0 243.76 49.99 0 51.24 507.45 0 296.95 138.75 0 197.49 67.50 0 145.23 585.09 0 113.74 18.74 0 111.26 18.74 0 450.00 61.21
37 10 0 52.52 509.89 0 143.72 586.27 0 293.74 143.74 0 448.77 66.99 0 243.80 53.75 0 245.03 55.52 0 196.68 71.25 0 144.99 584.97 0 113.73 23.75 0 111.24 23.73
38 6 0 246.25 53.71 0 291.26 142.00 0 52.55 506.56 0 143.74 581.32 0 111.22 23.74 0 247.53 53.11
39 7 0 148.75 586.80 0 252.49 60.00 0 117.50 30.03 0 58.75 511.22 0 453.68 75.01 0 293.75 147.52 0 202.47 81.25
40 8 0 148.74 576.22 0 251.52 51.24 0 292.51 138.76 0 61.25 501.28 0 453.77 66.26 0 372.52 522.49 0 117.51 21.88 0 597.48 27.49
41 9 0 148.74 573.75 0 253.75 53.82 0 118.72 23.75 0 456.27 66.31 0 205.00 73.74 0 61.24 500.08 0 290.09 138.73 0 438.60 636.98 0 372.47 522.56
42 7 0 153.75 576.28 0 122.51 28.85 0 261.23 58.75 0 67.51 501.26 0 42.51 42.53 0 209.44 78.73 0 293.75 141.29
43 7 0 149.99 569.99 0 117.49 27.49 0 289.98 138.75 0 66.38 498.78 0 458.78 70.00 0 256.57 56.24 0 206.24 76.25
44 8 0 153.74 573.74 0 459.97 77.50 0 122.52 33.75 0 262.64 61.26 0 267.49 29.99 0 71.22 501.30 0 73.77 501.28 0 291.22 143.70
45 8 0 151.26 569.98 0 121.26 30.00 0 460.01 75.01 0 261.26 59.40 0 71.24 498.76 0 210.76 82.51 0 286.23 141.24 0 288.74 141.26
46 7 0 203.76 81.25 0 256.27 61.25 0 113.76 33.75 0 278.72 141.21 0 143.74 567.41 0 66.28 498.72 0 453.66 74.98
47 7 0 452.51 84.99 0 143.74 572.54 0 277.48 147.50 0 203.38 90.01 0 256.27 69.24 0 113.77 41.31 0 101.25 473.72
48 9 0 151.24 563.86 0 122.49 36.44 0 76.24 496.25 0 283.75 141.27 0 212.53 86.25 0 461.24 81.33 0 265.45 63.76 0 53.75 251.28 0 56.27 251.26
49 8 0 117.49 35.03 0 147.56 561.30 0 210.01 83.87 0 277.50 139.99 0 73.77 493.86 0 263.74 63.74 0 50.93 249.99 0 456.26 81.26
50 7 0 148.74 568.76 0 277.49 149.99 0 460.01 92.48 0 266.25 73.81 0 118.74 46.38 0 77.45 501.23 0 210.03 96.26
