1 0
2 0
3 1 0 373.50 533.75
4 2 0 373.75 528.78 0 155.01 404.97
5 2 0 621.25 148.68 0 376.26 521.29
6 2 0 617.54 153.76 0 378.76 522.50
7 2 0 379.99 516.62 0 613.71 156.26
8 4 0 608.62 160.58 0 381.24 513.76 0 381.24 511.25 0 38.31 620.00
9 2 0 605.01 161.75 0 381.25 508.75
10 2 0 601.25 165.01 0 383.75 503.75
11 2 0 598.72 166.07 0 387.50 498.74
12 2 0 388.77 492.51 0 593.74 166.26
13 2 0 587.47 172.51 0 388.68 490.01
14 2 0 391.23 483.76 0 585.08 173.74
15 3 0 581.19 176.25 0 391.24 481.25 0 618.95 67.23
16 2 0 576.25 178.75 0 394.98 475.01
17 3 0 571.24 177.50 0 393.77 466.29 0 391.31 466.32
18 2 0 563.75 183.74 0 389.99 467.49
19 2 0 560.00 187.41 0 393.78 462.15
20 2 0 555.03 188.75 0 393.76 458.76
21 2 0 548.76 189.99 0 391.26 451.27
22 2 0 393.74 444.81 0 546.17 191.23
23 3 0 397.49 444.98 0 543.75 196.25 0 546.11 196.26
24 4 0 539.47 194.52 0 397.49 433.75 0 459.09 288.77 0 459.06 286.88
25 2 0 536.26 201.28 0 398.69 433.75
26 2 0 530.00 199.98 0 398.72 423.73
27 2 0 397.49 420.01 0 526.20 202.55
28 1 0 521.25 203.76
29 2 0 397.45 410.00 0 513.81 208.75
30 2 0 511.25 208.77 0 397.48 404.98
31 2 0 507.37 211.25 0 396.25 401.26
32 3 0 505.04 216.26 0 398.73 397.51 0 20.01 41.30
33 3 0 498.75 217.15 0 16.27 43.92 0 395.85 391.22
34 2 0 493.74 222.87 0 396.25 391.23
35 3 0 492.49 222.50 0 398.72 383.73 0 16.25 56.25
36 4 0 486.24 228.75 0 13.74 63.74 0 398.71 381.46 0 16.06 63.61
37 3 0 481.25 231.25 0 13.76 67.59 0 396.24 378.73
38 3 0 478.74 230.75 0 397.48 368.92 0 122.48 21.24
39 2 0 473.68 236.26 0 396.25 370.00
40 2 0 468.76 236.25 0 397.47 362.50
41 2 0 461.24 238.75 0 391.04 357.05
42 3 0 456.26 241.26 0 390.93 353.81 0 387.48 371.72
43 1 0 452.48 245.06
44 2 0 448.75 244.98 0 389.99 341.23
45 1 0 446.23 246.25
46 4 0 438.74 253.74 0 440.01 252.59 0 388.74 336.26 0 388.73 334.12
47 1 0 438.73 253.75
48 1 0 431.23 258.65
49 1 0 430.00 256.27
50 1 0 426.25 261.25
