1 0
2 1 0 337.47 586.27
3 1 0 336.26 576.88
4 2 0 333.76 567.32 0 37.19 362.51
5 1 0 331.26 557.82
6 1 0 329.91 548.76
7 1 0 328.33 538.75
8 1 0 325.05 528.87
9 2 0 323.76 519.99 0 75.84 597.50
10 1 0 321.24 510.25
11 1 0 317.43 501.26
12 1 0 316.23 491.26
13 1 0 312.60 481.22
14 1 0 308.98 472.50
15 1 0 306.24 463.40
16 1 0 302.51 453.99
17 1 0 298.75 445.00
18 1 0 296.28 436.25
19 1 0 291.30 426.32
20 1 0 288.76 418.76
21 1 0 285.00 408.75
22 1 0 281.24 400.02
23 1 0 276.25 391.24
24 1 0 272.49 382.50
25 1 0 267.49 373.76
26 1 0 263.72 365.02
27 1 0 258.75 356.25
28 3 0 253.75 347.53 0 613.65 515.04 0 366.24 18.75
29 2 0 249.92 340.02 0 603.73 517.50
30 2 0 244.00 331.24 0 591.23 518.75
31 2 0 238.74 322.45 0 583.68 521.28
32 1 0 233.76 313.78
33 3 0 228.74 305.83 0 563.75 525.15 0 227.64 305.01
34 2 0 223.73 298.75 0 553.74 526.21
35 1 0 218.75 291.25
36 5 0 212.74 281.26 0 533.72 533.71 0 20.00 595.10 0 267.49 19.08 0 536.25 533.74
37 1 0 206.28 273.76
38 3 0 201.26 266.25 0 513.77 537.32 0 445.00 390.00
39 2 0 193.74 258.74 0 506.28 539.98
40 2 0 188.85 249.97 0 539.99 522.54
41 2 0 181.28 243.76 0 484.94 543.75
42 2 0 473.82 546.34 0 176.61 235.04
43 2 0 171.24 227.48 0 466.25 548.74
44 0
45 1 0 195.00 266.38
46 0
47 2 0 143.70 198.81 0 426.23 558.70
48 3 0 416.28 561.24 0 136.34 191.25 0 136.44 193.30
49 1 0 405.67 563.75
50 2 0 397.47 565.00 0 123.13 178.79
