1 0
2 1 0 605.90 636.56
3 1 0 51.24 416.25
4 3 0 53.72 418.72 0 370.02 580.21 0 19.99 449.99
5 1 0 57.54 422.47
6 1 0 54.01 422.98
7 1 0 56.27 424.93
8 1 0 59.98 426.31
9 1 0 62.64 423.39
10 1 0 63.71 428.76
11 1 0 67.48 429.97
12 1 0 71.23 428.75
13 1 0 71.22 428.73
14 1 0 73.75 431.23
15 1 0 73.77 428.75
16 2 0 76.25 431.24 0 554.65 636.84
17 2 0 76.25 430.96 0 606.18 618.77
18 6 0 606.24 618.77 0 186.25 16.26 0 52.47 387.49 0 81.24 431.38 0 3.30 225.39 0 79.97 432.59
19 5 0 603.77 621.22 0 623.74 256.26 0 80.14 436.29 0 183.76 21.28 0 186.22 21.25
20 5 0 82.80 433.76 0 186.25 18.75 0 622.48 251.25 0 601.46 613.75 0 602.54 615.00
21 3 0 621.24 258.75 0 84.97 438.83 0 601.24 618.76
22 4 0 83.73 438.74 0 616.27 258.76 0 597.53 613.74 0 549.99 90.00
23 6 0 596.23 612.52 0 85.98 438.74 0 187.50 26.52 0 613.74 258.77 0 85.02 439.99 0 549.98 589.98
24 5 0 88.76 436.27 0 613.75 256.25 0 597.11 608.75 0 191.22 26.25 0 191.20 23.73
25 5 0 93.75 438.76 0 193.74 27.68 0 616.25 258.75 0 599.26 608.57 0 600.04 606.68
26 6 0 613.74 261.25 0 19.99 526.23 0 96.25 441.26 0 598.74 608.75 0 193.74 31.26 0 193.75 33.20
27 6 0 21.23 523.76 0 610.02 258.75 0 596.25 603.76 0 96.30 438.73 0 195.81 31.08 0 612.51 636.83
28 6 0 18.75 525.06 0 96.09 441.22 0 193.74 33.77 0 605.00 261.63 0 591.24 603.76 0 140.01 522.58
29 5 0 606.24 261.25 0 197.50 33.80 0 593.77 601.27 0 101.24 441.23 0 23.73 523.75
30 5 0 26.26 523.73 0 101.25 441.26 0 603.76 261.28 0 197.48 35.03 0 591.25 598.75
31 5 0 31.22 523.76 0 603.73 263.75 0 593.77 598.75 0 103.74 443.74 0 201.24 38.76
32 7 0 106.27 443.77 0 32.53 526.24 0 593.76 597.49 0 601.26 266.23 0 602.48 265.06 0 201.25 41.28 0 201.26 38.78
33 5 0 28.75 526.26 0 595.99 266.28 0 586.27 596.24 0 103.74 446.26 0 198.75 42.64
34 5 0 598.72 268.75 0 589.99 596.48 0 36.22 528.74 0 202.51 44.99 0 111.22 448.73
35 6 0 108.83 443.75 0 36.25 523.77 0 586.25 591.23 0 593.60 266.26 0 202.49 43.73 0 592.83 264.99
36 6 0 593.75 271.25 0 113.79 448.76 0 206.25 48.78 0 588.74 593.78 0 38.76 528.78 0 588.74 591.24
37 4 0 41.27 523.77 0 587.51 587.52 0 116.25 446.25 0 592.74 268.24
38 5 0 588.76 268.74 0 43.27 523.77 0 118.73 446.24 0 586.26 586.26 0 583.73 586.27
39 7 0 43.77 523.76 0 118.73 446.26 0 587.48 268.77 0 583.75 583.75 0 208.75 49.70 0 206.22 49.09 0 120.03 445.23
40 6 0 118.73 451.27 0 583.66 273.75 0 581.26 586.28 0 44.39 528.75 0 206.21 56.27 0 208.74 56.27
41 6 0 50.23 523.76 0 212.54 53.75 0 125.02 447.50 0 583.75 581.24 0 584.52 271.23 0 77.48 564.99
42 5 0 48.83 528.76 0 581.24 276.24 0 122.49 452.51 0 210.50 60.00 0 580.17 583.75
43 5 0 51.25 523.76 0 123.76 448.76 0 578.75 578.76 0 578.76 273.79 0 211.23 58.75
44 5 0 578.79 276.26 0 58.49 526.25 0 130.64 452.50 0 216.26 61.26 0 581.26 578.76
45 7 0 58.74 525.82 0 578.48 276.25 0 131.50 452.23 0 581.25 576.42 0 19.99 236.25 0 218.75 61.54 0 128.76 450.71
46 6 0 58.75 528.76 0 132.77 456.27 0 216.24 66.27 0 578.75 578.75 0 573.75 280.04 0 124.82 449.47
47 5 0 63.75 526.25 0 573.76 278.75 0 136.96 454.59 0 578.75 573.77 0 220.00 66.22
48 5 0 136.26 456.27 0 571.17 281.24 0 62.51 527.50 0 218.77 69.98 0 576.24 573.77
49 5 0 63.75 526.26 0 136.27 456.25 0 566.24 281.25 0 572.54 573.77 0 217.33 71.25
50 7 0 68.74 523.76 0 141.25 453.76 0 221.22 68.73 0 568.74 278.76 0 566.45 278.74 0 573.84 568.74 0 575.93 568.75
