1 0
2 5 0 329.44 101.23 0 285.03 476.26 0 512.48 407.43 0 578.75 41.29 0 63.74 536.22
3 5 0 325.95 111.25 0 503.72 406.28 0 292.43 471.02 0 71.24 528.77 0 572.50 50.00
4 6 0 493.75 406.25 0 322.29 119.97 0 298.75 463.59 0 78.74 522.31 0 568.74 56.27 0 566.25 56.27
5 4 0 317.85 128.77 0 484.97 405.01 0 306.25 457.51 0 88.72 516.24
6 6 0 313.74 137.50 0 474.99 405.00 0 435.02 623.74 0 313.04 451.26 0 94.97 510.00 0 557.48 73.75
7 6 0 466.25 403.75 0 310.06 146.02 0 103.74 506.25 0 319.96 444.98 0 431.22 616.21 0 555.00 82.52
8 6 0 456.28 402.52 0 426.27 606.24 0 307.43 155.05 0 547.49 90.00 0 326.24 437.51 0 112.54 498.76
9 7 0 303.73 163.75 0 447.51 402.50 0 423.74 596.27 0 334.20 431.64 0 121.24 493.41 0 119.99 492.49 0 543.54 97.50
10 6 0 438.73 401.28 0 300.00 172.51 0 340.35 426.07 0 128.76 488.75 0 538.55 106.29 0 418.75 588.76
11 5 0 429.97 401.27 0 347.49 418.77 0 137.46 482.51 0 296.25 181.26 0 416.26 578.77
12 9 0 291.26 190.24 0 146.26 478.76 0 353.73 413.71 0 420.04 399.92 0 411.27 570.05 0 528.75 122.40 0 144.99 477.51 0 70.39 637.02 0 350.00 172.50
13 6 0 410.02 398.76 0 156.23 473.74 0 361.25 406.24 0 522.50 131.26 0 288.72 199.62 0 408.76 561.26
14 5 0 401.27 398.34 0 163.73 468.74 0 284.98 208.76 0 402.49 551.26 0 368.74 400.12
15 4 0 391.34 397.53 0 374.92 393.85 0 173.74 463.76 0 280.41 217.48
16 6 0 277.46 226.27 0 182.46 461.26 0 382.52 396.01 0 396.24 533.76 0 382.69 388.00 0 511.18 153.76
17 7 0 389.93 381.33 0 373.73 396.26 0 273.57 234.87 0 391.24 523.75 0 192.49 456.29 0 506.89 162.48 0 374.98 395.46
18 7 0 364.46 395.03 0 269.94 243.72 0 201.26 453.76 0 388.71 515.01 0 396.23 374.96 0 500.02 170.00 0 199.99 452.54
19 7 0 355.01 394.77 0 402.49 368.74 0 266.18 252.47 0 211.19 448.77 0 383.68 506.22 0 496.27 176.26 0 494.21 176.26
20 6 0 346.25 393.44 0 410.02 362.50 0 261.25 261.25 0 218.75 446.25 0 381.23 498.76 0 344.99 392.84
21 6 0 228.75 443.75 0 336.97 392.50 0 417.33 355.50 0 258.00 269.65 0 376.28 486.29 0 376.25 488.74
22 5 0 423.74 349.99 0 327.51 392.48 0 238.73 441.26 0 254.07 278.81 0 372.87 479.09
23 6 0 429.97 342.50 0 318.69 391.15 0 249.99 288.75 0 248.75 438.74 0 368.75 468.80 0 474.98 210.05
24 7 0 308.73 389.99 0 437.52 337.46 0 366.02 460.08 0 257.55 436.16 0 247.41 297.50 0 469.99 218.76 0 623.75 94.22
25 8 0 299.98 389.99 0 445.01 330.01 0 243.74 306.27 0 361.26 451.25 0 268.74 433.75 0 466.97 226.41 0 617.46 102.00 0 267.51 432.45
26 6 0 290.01 388.74 0 612.50 110.00 0 451.24 323.77 0 277.50 431.26 0 356.29 442.52 0 239.13 313.96
27 8 0 281.24 387.54 0 606.24 117.51 0 458.74 317.50 0 236.00 323.75 0 286.30 428.74 0 351.26 433.75 0 456.38 241.39 0 353.74 433.76
28 7 0 272.48 387.50 0 297.50 427.48 0 232.47 332.52 0 465.54 311.00 0 349.05 423.73 0 599.09 124.99 0 291.16 484.99
29 7 0 262.49 386.26 0 228.73 341.24 0 593.74 132.51 0 306.25 426.26 0 472.51 304.98 0 233.77 163.77 0 343.75 415.40
30 8 0 253.74 385.67 0 588.75 140.01 0 478.75 298.77 0 224.99 349.98 0 316.26 423.75 0 341.24 406.24 0 441.26 263.75 0 254.96 385.03
31 6 0 243.78 385.03 0 486.25 292.49 0 220.42 358.73 0 326.25 423.77 0 581.24 148.49 0 337.55 397.48
32 7 0 234.92 383.75 0 492.34 286.24 0 576.25 154.97 0 332.75 387.51 0 606.25 16.26 0 217.34 367.07 0 336.27 423.54
33 9 0 596.23 18.76 0 226.20 383.13 0 571.26 163.66 0 212.66 376.63 0 499.91 278.75 0 346.25 421.26 0 330.21 377.63 0 426.90 290.11 0 224.87 381.93
34 8 0 563.77 170.37 0 506.47 273.77 0 326.23 370.02 0 214.16 383.30 0 587.49 23.65 0 356.44 421.28 0 610.01 547.50 0 423.69 296.27
35 7 0 513.75 267.39 0 206.22 393.75 0 558.75 177.50 0 206.39 381.35 0 321.27 361.25 0 366.24 422.47 0 578.74 28.75
36 9 0 197.52 381.33 0 201.26 403.74 0 521.26 261.27 0 377.48 421.26 0 552.55 185.78 0 519.99 260.44 0 318.73 351.25 0 568.75 31.25 0 412.51 315.03
37 7 0 188.73 380.03 0 198.68 412.46 0 386.25 421.24 0 546.26 193.76 0 527.55 254.15 0 558.76 36.24 0 313.78 343.17
38 10 0 178.80 378.94 0 551.23 41.27 0 396.24 423.73 0 194.55 421.25 0 533.75 248.76 0 402.91 330.01 0 309.95 332.49 0 541.22 201.24 0 535.01 247.52 0 540.50 200.00
39 8 0 170.00 378.75 0 541.24 46.27 0 541.25 242.02 0 306.24 325.01 0 190.69 428.99 0 406.25 423.74 0 533.72 208.77 0 397.47 338.74
40 8 0 546.78 236.25 0 532.63 50.82 0 161.38 377.56 0 187.52 438.75 0 417.32 423.76 0 528.76 216.26 0 302.64 314.15 0 393.75 346.26
41 8 0 151.24 376.28 0 426.25 426.27 0 555.03 228.74 0 522.51 223.71 0 387.91 349.98 0 524.47 56.26 0 183.72 447.43 0 298.74 306.27
42 8 0 436.25 426.25 0 142.49 376.26 0 516.25 230.97 0 178.84 456.44 0 515.19 61.26 0 562.51 222.50 0 293.75 296.28 0 383.74 361.31
43 9 0 511.22 238.76 0 132.52 375.07 0 446.25 428.75 0 507.92 66.26 0 291.24 288.73 0 568.80 216.30 0 175.08 465.01 0 378.77 369.99 0 569.75 215.17
44 10 0 123.75 374.95 0 171.29 473.86 0 456.26 431.25 0 575.76 210.03 0 505.15 246.23 0 498.75 71.25 0 498.77 73.62 0 288.74 278.74 0 376.27 376.25 0 286.26 278.71
45 8 0 114.70 373.76 0 582.49 203.74 0 498.75 253.73 0 282.49 269.98 0 489.86 78.75 0 168.56 482.60 0 466.26 432.53 0 368.76 386.31
46 10 0 589.97 197.51 0 105.09 372.55 0 163.96 492.43 0 476.23 433.83 0 483.73 85.00 0 492.95 261.23 0 278.92 261.24 0 280.84 261.25 0 403.93 8.73 0 404.05 6.89
47 9 0 96.26 371.54 0 475.01 91.26 0 597.40 191.15 0 486.24 436.32 0 274.99 252.48 0 487.05 268.55 0 159.98 501.09 0 358.74 401.39 0 487.50 437.46
48 8 0 86.26 371.53 0 157.34 510.00 0 481.24 276.25 0 602.51 185.23 0 466.25 96.31 0 494.96 439.95 0 362.50 357.51 0 272.59 241.32
49 9 0 77.49 370.85 0 474.99 283.75 0 153.75 518.74 0 610.31 178.72 0 458.75 103.74 0 266.29 233.75 0 505.12 443.76 0 152.51 517.58 0 348.76 417.60
50 8 0 68.74 370.02 0 468.74 291.26 0 513.75 446.25 0 451.26 111.24 0 148.75 526.29 0 616.35 172.50 0 263.73 223.73 0 343.73 426.27
