1 0
2 1 0 28.73 536.35
3 3 0 33.73 531.26 0 31.21 531.30 0 202.52 163.27
4 0
5 1 0 43.75 533.74
6 2 0 48.79 533.72 0 46.53 533.79
7 2 0 48.77 536.28 0 49.96 196.42
8 1 0 56.27 536.26
9 2 0 61.24 536.28 0 336.25 588.85
10 0
11 3 0 69.90 536.77 0 43.79 296.28 0 69.94 535.19
12 1 0 76.34 532.51
13 0
14 2 0 348.85 605.13 0 83.72 532.50
15 2 0 349.98 605.01 0 90.02 537.39
16 1 0 357.49 597.50
17 1 0 356.26 593.78
18 1 0 358.71 586.26
19 1 0 361.26 581.41
20 2 0 358.76 581.38 0 242.94 596.13
21 2 0 117.50 530.00 0 361.28 570.50
22 1 0 362.51 570.22
23 1 0 366.23 563.78
24 1 0 368.77 557.52
25 2 0 370.01 556.86 0 122.51 532.51
26 2 0 372.50 550.00 0 142.40 529.72
27 3 0 123.77 20.00 0 373.77 546.27 0 376.24 546.26
28 1 0 376.26 538.75
29 2 0 374.41 532.43 0 376.18 531.43
30 2 0 376.27 526.32 0 376.24 528.65
31 2 0 381.41 523.76 0 410.01 490.01
32 2 0 378.75 523.74 0 523.50 617.65
33 1 0 383.74 516.31
34 2 0 383.73 508.26 0 163.76 570.01
35 1 0 389.67 507.52
36 3 0 278.71 612.55 0 387.48 498.77 0 163.67 557.50
37 4 0 277.48 612.51 0 391.24 496.26 0 576.27 150.37 0 391.25 494.13
38 3 0 391.22 493.76 0 269.98 610.02 0 197.48 522.53
39 2 0 396.24 486.28 0 269.97 605.01
40 2 0 396.26 481.26 0 268.74 597.49
41 3 0 397.50 476.30 0 262.99 596.36 0 291.26 496.26
42 5 0 396.26 470.01 0 258.76 589.89 0 213.95 513.76 0 216.27 513.75 0 623.74 73.77
43 2 0 252.48 590.02 0 397.49 467.52
44 3 0 250.22 583.71 0 397.48 461.33 0 250.02 585.22
45 2 0 403.77 461.27 0 250.43 583.59
46 5 0 233.73 511.25 0 403.73 453.86 0 403.28 456.13 0 243.76 578.75 0 357.49 17.20
47 5 0 404.60 446.25 0 242.83 570.00 0 236.24 506.27 0 243.70 376.28 0 263.67 582.43
48 3 0 410.01 442.52 0 243.76 568.73 0 243.76 566.25
49 2 0 411.27 436.25 0 468.77 16.25
50 3 0 411.23 431.24 0 233.73 556.42 0 231.25 556.90
