1 0
2 2 0 50.79 189.23 0 341.25 93.16
3 3 0 51.26 191.25 0 341.51 96.24 0 341.26 94.35
4 3 0 445.00 517.51 0 48.32 194.98 0 338.75 98.76
5 3 0 53.74 193.73 0 343.73 98.75 0 448.73 513.82
6 3 0 53.74 194.97 0 343.72 101.27 0 446.26 513.75
7 5 0 343.74 99.50 0 55.83 193.76 0 446.22 511.24 0 446.23 513.75 0 562.45 53.77
8 4 0 56.25 197.51 0 445.01 514.20 0 343.74 103.74 0 524.96 469.51
9 3 0 53.74 194.99 0 341.25 101.25 0 441.28 509.99
10 4 0 441.26 513.76 0 56.26 200.62 0 341.42 107.53 0 132.50 444.99
11 3 0 58.75 201.25 0 343.73 108.75 0 438.74 513.73
12 5 0 61.23 197.51 0 346.27 106.30 0 438.73 507.26 0 344.94 106.88 0 440.02 507.50
13 4 0 61.26 201.26 0 438.70 510.04 0 346.25 111.22 0 343.78 111.25
14 4 0 62.49 201.27 0 437.50 508.75 0 346.24 111.26 0 88.76 481.83
15 3 0 63.73 203.75 0 437.49 508.75 0 346.24 113.76
16 6 0 64.37 201.24 0 346.26 111.25 0 434.75 503.76 0 434.77 505.99 0 426.61 634.70 0 346.26 113.08
17 3 0 66.25 202.53 0 434.99 506.38 0 346.44 113.77
18 4 0 63.74 201.30 0 343.74 113.77 0 428.80 503.70 0 342.87 112.47
19 4 0 68.74 203.76 0 348.72 116.13 0 431.33 502.44 0 433.73 502.40
20 3 0 65.01 206.26 0 343.75 118.76 0 426.26 503.75
21 4 0 67.56 204.61 0 427.45 501.28 0 347.45 117.50 0 13.85 437.99
22 4 0 428.75 501.25 0 349.70 121.26 0 71.23 206.26 0 18.75 438.76
23 4 0 69.96 210.58 0 423.74 503.74 0 346.25 123.75 0 16.25 442.00
24 4 0 73.74 208.75 0 350.00 123.73 0 426.27 500.00 0 21.25 441.27
25 4 0 346.24 123.75 0 18.76 438.73 0 70.59 207.50 0 421.26 498.73
26 4 0 74.99 208.77 0 350.00 125.01 0 423.74 497.57 0 23.75 438.76
27 4 0 74.94 208.76 0 23.76 438.74 0 421.24 496.26 0 348.74 126.24
28 6 0 73.82 213.71 0 23.74 443.75 0 346.27 131.26 0 418.75 498.75 0 74.93 215.00 0 532.48 147.50
29 4 0 73.76 211.46 0 23.74 441.24 0 346.25 128.99 0 416.26 496.27
30 5 0 26.26 443.76 0 347.29 133.75 0 76.24 214.99 0 416.26 497.55 0 25.00 444.89
31 4 0 349.99 130.94 0 29.99 441.28 0 79.99 212.54 0 416.26 491.56
32 4 0 417.41 493.77 0 351.24 133.76 0 82.58 213.74 0 32.98 442.39
33 5 0 31.23 446.26 0 413.74 496.26 0 348.75 138.76 0 80.64 218.76 0 18.78 355.03
34 5 0 85.02 217.49 0 36.22 443.76 0 413.74 493.75 0 351.25 138.74 0 353.57 138.76
35 5 0 85.01 218.75 0 35.03 446.24 0 412.54 493.75 0 351.25 141.27 0 155.02 147.52
36 5 0 81.27 218.74 0 348.57 140.57 0 20.00 356.64 0 31.23 445.53 0 406.27 491.26
37 5 0 86.26 217.49 0 37.48 442.42 0 351.22 138.76 0 410.13 488.75 0 23.74 353.76
38 6 0 37.48 442.51 0 86.26 218.19 0 351.24 141.26 0 408.75 486.67 0 26.25 355.00 0 136.20 578.75
39 6 0 86.23 218.75 0 37.51 443.74 0 348.74 141.27 0 23.75 356.24 0 406.21 488.64 0 405.49 487.46
40 5 0 41.27 443.76 0 406.24 486.25 0 90.00 219.80 0 27.99 357.13 0 351.23 143.74
41 7 0 27.50 357.49 0 402.55 486.25 0 86.26 221.23 0 41.25 445.00 0 351.20 146.26 0 37.53 349.94 0 351.21 143.98
42 6 0 43.75 448.77 0 91.26 226.26 0 403.76 490.01 0 351.23 150.04 0 31.29 362.24 0 609.04 484.86
43 5 0 42.51 445.00 0 398.73 484.33 0 349.56 148.64 0 27.50 357.51 0 90.05 222.49
44 5 0 398.71 486.23 0 348.74 151.25 0 43.75 448.74 0 30.02 361.93 0 91.27 226.25
45 5 0 398.74 481.65 0 93.76 223.75 0 35.00 358.76 0 46.24 445.02 0 351.25 148.74
46 6 0 397.49 481.25 0 93.75 223.74 0 351.22 151.26 0 33.76 358.76 0 46.26 446.27 0 94.96 224.98
47 6 0 397.46 486.23 0 50.00 451.23 0 96.49 231.21 0 37.50 364.99 0 353.75 156.66 0 351.34 157.46
48 5 0 353.76 158.75 0 51.27 451.26 0 396.23 485.01 0 37.50 365.01 0 98.75 231.25
49 6 0 393.74 483.77 0 51.26 449.99 0 37.50 365.01 0 351.23 161.28 0 98.75 231.24 0 352.51 160.00
50 5 0 53.75 446.26 0 393.76 478.75 0 99.99 227.10 0 353.75 156.25 0 41.26 362.14
