1 0
2 3 0 522.55 536.26 0 435.13 607.05 0 523.70 535.00
3 4 0 516.25 525.05 0 426.24 597.52 0 318.71 576.26 0 318.73 573.77
4 4 0 419.99 592.50 0 512.49 517.51 0 326.23 566.24 0 326.20 568.77
5 4 0 409.98 589.99 0 504.87 512.84 0 326.24 561.74 0 328.75 561.46
6 2 0 401.25 582.49 0 498.74 503.66
7 3 0 393.74 572.50 0 493.76 491.21 0 495.05 490.42
8 3 0 388.74 566.22 0 491.26 482.49 0 109.98 169.99
9 2 0 382.37 562.51 0 487.37 476.26
10 3 0 373.74 557.48 0 481.39 468.69 0 356.25 518.73
11 2 0 477.47 459.99 0 368.55 550.00
12 3 0 355.01 543.74 0 467.50 450.11 0 362.49 501.20
13 2 0 467.49 442.49 0 351.23 537.49
14 2 0 343.74 528.76 0 462.48 432.45
15 3 0 458.75 423.98 0 336.76 524.61 0 458.77 90.02
16 4 0 451.24 418.77 0 327.54 521.25 0 16.25 418.72 0 150.00 237.52
17 2 0 317.49 511.22 0 442.49 406.25
18 3 0 313.74 505.36 0 441.35 398.76 0 31.15 401.23
19 2 0 303.74 501.28 0 436.24 393.75
20 3 0 428.74 380.04 0 293.75 491.27 0 38.74 381.74
21 3 0 290.95 485.01 0 427.50 372.50 0 50.54 376.28
22 4 0 278.76 479.97 0 417.88 365.01 0 411.25 416.27 0 176.39 282.52
23 4 0 413.73 356.25 0 271.23 473.77 0 475.95 164.99 0 272.51 472.50
24 2 0 408.76 346.24 0 264.99 465.07
25 4 0 257.53 462.49 0 404.97 342.50 0 482.50 186.49 0 76.42 351.18
26 4 0 250.00 452.44 0 85.00 340.02 0 398.72 328.76 0 433.58 381.34
27 7 0 393.74 321.26 0 241.10 447.56 0 63.74 361.26 0 93.76 333.75 0 201.25 321.26 0 93.75 336.26 0 252.51 21.16
28 6 0 238.74 442.50 0 107.50 330.02 0 393.77 313.83 0 437.51 324.96 0 211.32 329.83 0 404.73 316.32
29 8 0 383.74 302.83 0 226.24 435.01 0 189.52 591.25 0 111.24 322.48 0 446.26 356.26 0 448.69 356.25 0 492.51 219.99 0 188.75 593.00
30 4 0 378.75 296.29 0 452.51 350.01 0 194.99 587.33 0 217.48 428.82
31 5 0 212.50 420.03 0 376.27 286.26 0 459.99 338.75 0 374.15 286.24 0 500.50 237.49
32 3 0 207.51 418.08 0 371.25 281.27 0 141.25 311.26
33 5 0 361.27 271.25 0 193.90 411.23 0 467.50 325.00 0 605.45 460.01 0 230.69 368.75
34 2 0 187.53 402.51 0 358.74 261.26
35 2 0 184.96 398.24 0 358.75 256.08
36 4 0 172.53 393.67 0 348.74 248.76 0 482.51 300.01 0 538.75 288.78
37 5 0 166.39 386.50 0 167.53 387.27 0 346.26 241.28 0 158.08 430.01 0 381.35 293.99
38 4 0 158.73 381.27 0 339.09 231.27 0 339.80 232.36 0 196.26 290.02
39 3 0 149.98 374.90 0 522.50 317.11 0 333.75 221.26
40 4 0 332.51 211.17 0 146.58 366.56 0 530.00 322.51 0 220.00 282.49
41 4 0 322.48 202.50 0 133.75 361.24 0 135.05 360.66 0 275.01 430.00
42 5 0 127.56 356.06 0 318.75 196.25 0 514.99 250.01 0 531.23 343.74 0 236.24 281.27
43 7 0 122.16 350.00 0 314.70 189.36 0 278.73 491.26 0 533.73 354.99 0 518.74 241.55 0 282.55 30.00 0 521.19 241.30
44 4 0 309.88 181.25 0 112.49 342.95 0 258.76 277.50 0 524.98 235.01
45 5 0 103.73 333.76 0 303.72 168.74 0 302.54 167.47 0 293.75 461.24 0 202.19 292.75
46 5 0 100.03 330.03 0 301.26 161.78 0 538.10 218.33 0 543.74 381.18 0 282.48 277.52
47 4 0 89.94 321.20 0 293.22 149.91 0 543.74 386.28 0 539.81 205.03
48 3 0 86.23 317.56 0 291.26 146.25 0 301.26 277.47
49 4 0 73.77 311.25 0 283.74 136.44 0 547.51 408.75 0 308.80 278.65
50 3 0 282.49 128.67 0 322.49 277.49 0 69.40 304.14
