1 0
2 6 0 285.00 494.96 0 616.25 460.00 0 528.76 343.75 0 570.04 378.76 0 589.13 153.73 0 527.52 344.97
3 6 0 283.75 480.46 0 521.26 336.27 0 608.62 449.98 0 563.77 368.74 0 563.77 366.28 0 582.73 148.74
4 6 0 557.50 358.32 0 598.74 445.62 0 281.23 471.07 0 513.73 331.26 0 280.17 472.16 0 511.28 331.26
5 6 0 277.49 461.23 0 588.74 441.26 0 501.24 328.76 0 548.72 351.25 0 548.73 353.66 0 146.25 383.21
6 7 0 281.25 453.73 0 586.26 438.74 0 279.99 452.64 0 148.78 377.47 0 546.23 346.30 0 498.75 326.28 0 584.88 437.54
7 6 0 273.78 443.71 0 143.74 366.26 0 571.24 431.24 0 484.99 319.25 0 571.28 433.69 0 533.62 338.76
8 4 0 481.25 316.22 0 568.76 426.31 0 278.76 433.78 0 278.74 431.90
9 6 0 558.73 423.72 0 281.24 423.68 0 522.48 326.24 0 471.24 311.22 0 473.76 311.24 0 124.97 34.99
10 5 0 546.25 419.97 0 281.21 416.27 0 541.25 361.26 0 463.75 307.24 0 279.98 414.89
11 5 0 278.72 406.26 0 538.76 416.26 0 453.74 302.70 0 507.50 315.02 0 279.98 407.47
12 8 0 280.01 393.74 0 130.00 318.71 0 493.47 158.33 0 526.58 408.69 0 446.13 293.76 0 527.47 407.42 0 267.50 435.07 0 409.98 522.47
13 8 0 281.26 382.40 0 436.25 290.44 0 518.72 401.25 0 485.00 157.50 0 157.48 381.04 0 126.27 308.76 0 128.76 308.74 0 490.13 296.31
14 9 0 289.66 376.26 0 130.01 301.23 0 477.87 162.51 0 486.22 291.26 0 431.26 286.24 0 433.74 286.24 0 511.24 398.96 0 488.77 291.24 0 512.59 399.99
15 7 0 129.99 291.29 0 481.25 282.51 0 293.74 366.24 0 426.25 278.73 0 505.14 393.76 0 427.32 279.97 0 324.98 412.51
16 2 0 298.75 355.03 0 496.26 386.29
17 2 0 408.76 267.70 0 486.24 384.92
18 4 0 478.76 376.46 0 403.76 257.68 0 441.25 161.28 0 118.73 260.03
19 6 0 116.24 253.74 0 396.25 256.22 0 431.25 166.23 0 468.76 376.27 0 312.71 331.25 0 451.24 256.26
20 7 0 445.00 244.99 0 390.00 244.98 0 459.99 368.74 0 421.25 163.57 0 113.75 242.59 0 318.74 318.80 0 467.18 370.64
21 5 0 323.75 311.24 0 412.52 162.51 0 437.50 236.46 0 451.24 359.06 0 111.21 229.99
22 6 0 333.75 306.27 0 443.75 356.27 0 403.75 165.01 0 431.25 231.24 0 376.25 233.75 0 110.01 223.74
23 5 0 433.75 351.26 0 338.74 298.75 0 393.74 163.76 0 422.80 221.42 0 106.25 212.24
24 6 0 421.25 346.27 0 343.46 291.27 0 413.67 216.28 0 101.27 203.76 0 358.71 216.26 0 348.74 570.00
25 6 0 416.31 343.74 0 357.49 212.49 0 356.26 288.73 0 376.24 167.38 0 436.17 172.51 0 408.76 213.44
26 6 0 363.75 281.24 0 404.99 202.61 0 366.24 168.77 0 408.76 338.75 0 353.72 203.79 0 351.23 203.76
27 6 0 396.25 331.25 0 368.76 273.76 0 343.74 193.74 0 391.25 193.74 0 369.45 272.46 0 288.73 338.74
28 8 0 387.49 186.34 0 381.24 268.75 0 391.23 324.80 0 340.02 186.25 0 346.24 166.30 0 303.75 617.02 0 346.23 168.76 0 117.29 210.01
29 7 0 386.23 266.28 0 377.49 321.24 0 376.30 178.77 0 333.69 168.81 0 88.76 156.24 0 384.99 265.53 0 331.19 179.92
30 5 0 370.06 315.01 0 398.71 259.43 0 326.24 168.75 0 372.52 171.34 0 88.75 146.25
31 7 0 362.50 163.88 0 406.23 258.70 0 321.27 161.67 0 83.77 136.26 0 358.74 311.14 0 407.49 257.91 0 360.17 310.66
32 5 0 356.23 307.54 0 419.98 256.29 0 85.01 130.00 0 346.24 206.27 0 359.15 158.64
33 5 0 77.50 117.50 0 425.00 253.74 0 346.39 150.56 0 342.49 301.24 0 283.76 576.27
34 8 0 438.33 251.24 0 283.76 568.75 0 336.25 296.15 0 91.10 180.02 0 288.74 171.25 0 343.08 141.72 0 335.01 294.99 0 331.27 187.32
35 11 0 445.39 251.26 0 323.76 291.26 0 276.25 172.51 0 300.75 129.50 0 76.25 98.85 0 276.30 561.22 0 333.70 136.25 0 436.19 410.92 0 333.74 134.41 0 368.92 181.42 0 387.47 270.08
36 6 0 456.25 253.76 0 316.26 289.38 0 296.29 123.77 0 329.98 132.48 0 113.75 30.01 0 274.98 555.02
37 8 0 468.74 248.76 0 258.76 173.74 0 322.50 122.48 0 311.22 278.75 0 70.19 78.82 0 118.73 33.75 0 118.73 31.27 0 296.25 113.79
38 7 0 317.49 115.01 0 122.50 43.84 0 253.74 176.25 0 478.88 251.26 0 301.26 276.26 0 293.74 103.69 0 73.75 71.21
39 8 0 308.74 107.50 0 291.24 269.17 0 486.24 253.61 0 285.12 93.72 0 123.85 51.27 0 238.73 173.76 0 66.65 60.01 0 487.48 252.50
40 7 0 283.52 270.01 0 498.75 257.48 0 231.19 178.76 0 301.24 103.75 0 128.74 63.73 0 263.74 521.50 0 303.75 571.67
41 10 0 506.27 261.26 0 276.57 81.30 0 293.05 98.56 0 256.24 511.25 0 133.72 73.65 0 220.01 181.24 0 273.75 266.24 0 82.60 111.26 0 133.71 71.42 0 272.17 265.99
42 9 0 516.79 263.72 0 276.26 73.69 0 136.25 83.75 0 265.83 258.76 0 211.18 181.25 0 253.73 503.72 0 282.52 157.54 0 256.29 503.72 0 34.99 315.05
43 8 0 528.76 263.60 0 203.79 178.76 0 275.38 60.75 0 258.74 251.25 0 253.75 489.95 0 283.56 78.72 0 143.67 86.28 0 143.73 88.73
44 11 0 268.76 53.77 0 246.33 248.77 0 536.26 268.82 0 143.71 98.80 0 191.29 183.73 0 248.71 486.15 0 193.50 183.74 0 271.22 76.23 0 246.33 485.91 0 273.52 76.23 0 37.47 477.51
45 8 0 236.27 241.23 0 146.25 103.73 0 264.93 41.73 0 181.25 180.80 0 242.50 474.19 0 541.27 271.26 0 263.09 65.75 0 397.13 602.52
46 8 0 230.00 233.77 0 555.01 275.00 0 173.76 178.76 0 258.74 56.26 0 241.31 463.68 0 156.27 113.53 0 156.26 111.23 0 263.75 31.18
47 7 0 563.77 282.53 0 253.75 49.99 0 158.74 123.74 0 223.72 231.23 0 166.26 181.25 0 238.70 458.76 0 256.36 516.24
48 7 0 571.24 291.24 0 211.26 229.32 0 233.74 452.49 0 243.77 46.29 0 153.77 186.28 0 161.25 133.77 0 34.98 510.00
49 9 0 577.52 296.26 0 234.98 38.75 0 201.25 222.61 0 163.78 141.49 0 227.08 442.49 0 143.72 186.25 0 142.55 185.09 0 220.02 483.84 0 58.79 405.00
50 8 0 196.25 218.75 0 587.61 302.47 0 136.25 186.26 0 230.15 31.16 0 168.80 153.74 0 530.19 266.43 0 168.80 151.24 0 278.73 101.27
