1 0
2 0
3 0
4 0
5 1 0 493.19 412.63
6 0
7 0
8 0
9 0
10 1 0 476.45 356.06
11 1 0 474.48 347.19
12 0
13 0
14 0
15 0
16 1 0 459.47 301.42
17 0
18 0
19 0
20 0
21 0
22 0
23 0
24 0
25 1 0 436.59 242.70
26 0
27 0
28 1 0 429.21 228.38
29 0
30 0
31 0
32 1 0 421.07 210.65
33 0
34 0
35 0
36 0
37 1 0 412.47 189.39
38 0
39 0
40 0
41 1 0 403.62 173.25
42 0
43 0
44 0
45 1 0 395.95 157.35
46 0
47 0
48 0
49 0
50 0
51 0
52 1 0 380.94 130.90
53 0
54 0
55 0
56 1 0 372.82 117.13
57 0
58 0
59 0
60 0
61 1 0 363.12 100.46
62 0
63 0
64 1 0 356.74 90.51
65 0
66 0
67 0
68 0
69 1 0 347.53 74.65
70 0
71 0
72 0
73 1 0 347.01 196.64
74 0
75 0
76 1 0 332.76 52.99
77 0
78 0
79 0
80 0
81 0
82 0
83 0
84 0
85 1 0 315.57 28.40
86 0
87 0
88 0
89 0
90 0
91 0
92 0
93 0
94 0
95 0
96 0
97 0
98 0
99 0
100 0
101 0
102 0
103 0
104 0
105 0
106 1 0 203.18 116.85
107 0
108 0
109 0
110 0
111 0
112 0
113 0
114 0
115 0
116 0
117 0
118 0
119 0
120 0
121 0
122 0
123 0
124 0
125 0
126 0
127 0
128 0
129 0
130 0
131 0
132 0
133 0
134 0
135 0
136 0
137 0
138 0
139 0
140 0
141 0
142 0
143 0
144 0
145 0
146 0
147 0
148 0
149 0
150 0
151 0
152 0
153 0
154 0
155 0
156 0
157 0
158 0
159 0
160 0
161 0
162 0
163 0
164 0
165 0
166 0
167 0
168 0
169 0
170 0
171 0
172 0
173 0
174 0
175 0
176 0
177 0
178 1 0 244.43 3.78
179 0
180 1 0 339.69 258.72
181 0
182 1 0 339.74 260.51
183 0
184 0
185 0
186 0
187 0
188 0
189 0
190 0
191 0
192 0
193 0
194 1 0 338.97 267.23
195 0
196 0
197 0
198 0
199 0
200 0
201 1 0 236.73 42.83
202 1 0 235.62 43.57
203 0
204 0
205 0
206 1 0 234.88 50.84
207 0
208 0
209 0
210 0
211 0
212 0
213 0
214 0
215 0
216 0
217 0
218 0
219 0
220 1 0 228.62 74.85
221 1 0 228.90 75.27
222 1 0 228.10 77.02
223 0
224 0
225 0
226 1 0 227.23 84.42
227 0
228 0
229 0
230 0
231 0
232 0
233 0
234 0
235 0
236 0
237 0
238 1 0 323.46 275.99
239 0
240 0
241 0
242 0
243 0
244 1 0 219.51 116.19
245 0
246 0
247 0
248 1 0 219.00 123.24
249 0
250 0
251 0
252 0
253 0
254 0
255 0
256 0
257 0
258 0
259 0
260 0
261 1 0 213.11 146.98
262 1 0 213.33 148.90
263 0
264 0
265 0
266 1 0 211.44 155.54
267 1 0 212.01 157.24
268 0
269 0
270 1 0 210.65 163.41
271 0
272 0
273 0
274 0
275 0
276 0
277 0
278 0
279 0
280 0
281 0
282 0
283 1 0 204.95 186.86
284 1 0 205.07 188.73
285 0
286 0
287 1 0 203.84 194.56
288 1 0 203.11 196.26
289 0
290 0
291 0
292 0
293 0
294 0
295 0
296 0
297 0
298 0
299 0
300 0
301 0
302 0
303 0
304 0
305 1 0 196.25 227.84
306 0
307 0
308 0
309 2 0 195.35 235.51 0 331.37 340.35
310 1 0 194.96 237.12
311 0
312 0
313 0
314 0
315 0
316 0
317 0
318 0
319 0
320 0
321 0
322 0
323 0
324 0
325 1 0 188.39 267.20
326 1 0 188.72 268.76
327 0
328 0
329 0
330 1 0 186.62 276.73
331 0
332 0
333 0
334 0
335 0
336 0
337 0
338 0
339 0
340 0
341 0
342 1 0 181.22 300.55
343 0
344 0
345 1 0 181.17 307.00
346 1 0 180.44 308.67
347 0
348 0
349 1 0 178.93 314.78
350 1 0 179.32 317.30
351 0
352 0
353 0
354 0
355 0
356 0
357 0
358 0
359 0
360 0
361 1 0 173.07 338.56
362 0
363 0
364 0
365 1 0 172.40 346.88
366 1 0 171.28 348.33
367 0
368 0
369 0
370 1 0 170.71 356.70
371 0
372 0
373 0
374 0
375 0
376 0
377 0
378 0
379 0
380 0
381 1 0 164.98 380.53
382 0
383 0
384 1 0 164.78 386.87
385 1 0 163.74 388.61
386 0
387 0
388 0
389 1 0 162.85 396.69
390 0
391 0
392 0
393 0
394 0
395 0
396 0
397 0
398 0
399 0
400 1 0 157.02 421.17
401 0
402 0
403 1 0 155.37 427.61
404 1 0 156.23 429.30
405 0
406 0
407 1 0 154.84 435.74
408 0
409 0
410 0
411 0
412 0
413 0
414 0
415 0
416 1 0 324.34 412.64
417 0
418 1 0 149.15 459.58
419 0
420 0
421 0
422 1 0 148.04 468.89
423 0
424 0
425 1 0 146.80 475.19
426 1 0 146.89 476.76
427 1 0 323.33 420.35
428 1 0 323.22 421.06
429 0
430 0
431 0
432 0
433 0
434 0
435 0
436 0
437 1 0 141.06 501.41
438 0
439 1 0 140.79 506.62
440 1 0 139.91 508.98
441 0
442 0
443 1 0 139.59 515.39
444 0
445 0
446 0
447 0
448 0
449 0
450 0
451 0
452 0
453 0
454 0
455 0
456 0
457 1 0 132.72 546.99
458 0
459 0
460 1 0 132.47 554.66
461 1 0 131.62 556.93
462 0
463 0
464 0
465 0
466 0
467 0
468 0
469 0
470 0
471 0
472 0
473 0
474 1 0 125.01 586.91
475 0
476 1 0 308.72 436.56
477 0
478 1 0 123.56 596.64
479 0
480 0
481 1 0 93.27 42.95
482 1 0 93.34 43.74
483 0
484 1 0 93.25 44.07
485 0
486 0
487 0
488 0
489 0
490 0
491 0
492 0
493 0
494 0
495 2 0 116.24 636.66 0 92.09 51.19
496 1 0 92.39 52.12
497 1 0 92.34 52.79
498 0
499 0
500 0
501 0
502 0
503 0
504 0
505 0
506 0
507 1 0 90.84 59.14
508 0
509 0
510 0
511 0
512 0
513 0
514 0
515 0
516 0
517 0
518 0
519 0
520 0
521 0
522 0
523 0
524 0
525 0
526 0
527 0
528 0
529 0
530 0
531 0
532 0
533 0
534 0
535 0
536 0
537 0
538 1 0 315.81 500.59
539 0
540 0
541 0
542 0
543 0
544 0
545 0
546 0
547 0
548 0
549 1 0 315.13 508.80
550 0
551 0
552 0
553 0
554 0
555 1 0 84.89 90.71
556 1 0 84.85 91.18
557 1 0 84.99 92.15
558 1 0 85.15 93.09
559 1 0 85.10 93.29
560 0
561 0
562 0
563 0
564 0
565 0
566 0
567 1 0 83.99 99.23
568 1 0 84.19 100.36
569 1 0 84.09 101.13
570 0
571 0
572 0
