1 0
2 0
3 1 0 481.29 178.75
4 1 0 481.25 178.75
5 2 0 481.26 178.75 0 626.25 71.22
6 1 0 480.04 178.74
7 1 0 478.72 178.75
8 1 0 478.73 178.75
9 1 0 477.49 178.77
10 1 0 476.27 179.30
11 1 0 473.75 178.79
12 1 0 473.76 181.24
13 2 0 471.25 181.25 0 348.93 623.74
14 1 0 471.25 181.20
15 1 0 471.24 182.16
16 1 0 468.76 182.39
17 2 0 468.74 181.41 0 158.74 623.44
18 1 0 466.25 182.49
19 3 0 466.26 183.42 0 53.21 118.76 0 88.72 389.30
20 2 0 466.28 182.52 0 459.06 37.52
21 1 0 463.78 183.53
22 2 0 463.73 183.71 0 606.19 148.81
23 4 0 463.72 183.73 0 488.78 306.61 0 157.50 322.54 0 130.05 21.17
24 2 0 461.25 183.73 0 27.50 589.61
25 2 0 461.25 183.57 0 29.98 523.80
26 4 0 461.16 183.76 0 157.49 610.01 0 461.25 186.25 0 483.61 82.42
27 1 0 458.75 183.75
28 2 0 458.75 183.76 0 157.51 610.00
29 2 0 456.42 186.24 0 158.74 608.74
30 2 0 456.26 183.75 0 454.98 185.10
31 3 0 456.28 186.27 0 454.94 184.95 0 149.86 325.02
32 3 0 453.75 186.20 0 572.53 162.61 0 455.04 184.97
33 1 0 452.47 186.99
34 2 0 451.26 187.50 0 33.76 589.23
35 3 0 451.28 187.51 0 623.70 548.74 0 27.50 27.51
36 2 0 450.05 187.49 0 623.57 547.60
37 2 0 622.12 546.31 0 450.01 187.66
38 2 0 621.25 546.24 0 448.78 188.57
39 4 0 619.99 545.00 0 446.25 186.72 0 447.53 187.48 0 157.52 597.50
40 3 0 618.75 543.75 0 444.98 188.11 0 114.98 349.99
41 2 0 444.99 187.51 0 618.75 543.61
42 4 0 443.74 187.71 0 617.59 542.48 0 157.47 593.72 0 69.98 116.37
43 3 0 616.27 541.25 0 443.73 188.78 0 157.62 591.23
44 4 0 616.25 541.20 0 441.27 188.75 0 286.24 166.24 0 615.03 540.02
45 4 0 441.24 190.14 0 156.13 589.46 0 616.20 539.98 0 605.15 147.49
46 2 0 614.20 540.01 0 441.26 191.13
47 2 0 613.76 538.74 0 438.74 191.21
48 3 0 438.73 191.27 0 613.74 537.50 0 570.21 445.00
49 5 0 436.25 191.25 0 611.45 536.37 0 156.62 587.48 0 30.00 525.01 0 437.02 192.48
50 2 0 611.26 536.25 0 435.85 192.51
