1 0
2 5 0 606.55 503.73 0 172.35 569.28 0 261.24 623.01 0 508.88 609.26 0 402.78 8.93
3 4 0 598.76 503.74 0 173.72 571.19 0 526.22 131.24 0 258.89 621.27
4 4 0 597.48 501.26 0 182.48 568.74 0 525.00 130.00 0 267.50 616.29
5 5 0 587.48 500.79 0 183.72 568.75 0 516.26 129.88 0 266.25 613.73 0 619.97 250.01
6 5 0 582.48 498.21 0 268.77 610.00 0 188.47 566.91 0 511.20 126.24 0 162.54 562.45
7 4 0 580.96 499.86 0 196.26 568.76 0 276.21 608.77 0 510.60 129.17
8 5 0 573.75 493.74 0 198.51 563.63 0 276.46 601.25 0 503.74 123.74 0 253.10 624.82
9 6 0 568.23 496.92 0 203.78 568.75 0 21.24 18.76 0 498.67 126.26 0 278.75 602.65 0 280.68 603.15
10 7 0 562.48 495.98 0 493.75 126.24 0 208.76 566.26 0 284.29 597.51 0 27.53 21.24 0 131.22 438.74 0 627.18 595.52
11 7 0 557.26 492.52 0 213.96 564.18 0 286.24 593.75 0 488.74 123.74 0 31.23 21.25 0 210.02 517.49 0 33.70 21.25
12 7 0 557.50 490.04 0 223.74 563.77 0 488.75 122.52 0 41.26 21.27 0 296.24 591.24 0 61.25 117.51 0 294.03 591.24
13 5 0 551.25 490.02 0 299.00 588.52 0 228.48 562.05 0 483.15 122.50 0 46.22 23.73
14 7 0 546.26 490.21 0 233.11 564.10 0 49.98 27.51 0 478.73 122.52 0 626.26 256.27 0 302.22 586.26 0 242.50 162.56
15 7 0 541.26 490.03 0 473.75 121.70 0 306.25 583.74 0 53.36 30.00 0 238.73 563.26 0 621.25 253.74 0 240.03 562.71
16 10 0 532.00 486.24 0 611.25 250.24 0 53.74 28.75 0 238.73 561.31 0 306.26 578.75 0 123.61 623.22 0 463.74 118.75 0 348.76 16.26 0 465.65 118.75 0 348.75 13.81
17 9 0 531.27 486.24 0 248.75 563.75 0 611.26 251.26 0 351.21 21.23 0 314.93 576.83 0 62.34 31.27 0 492.02 130.06 0 466.23 121.28 0 531.85 487.54
18 6 0 522.50 486.33 0 251.14 563.76 0 602.51 249.99 0 313.75 576.25 0 63.72 34.21 0 456.27 121.30
19 7 0 518.71 486.10 0 596.84 250.54 0 318.71 572.50 0 452.52 122.53 0 341.24 31.24 0 67.53 37.51 0 256.66 563.53
20 7 0 515.00 483.76 0 451.24 118.76 0 596.26 248.76 0 263.74 563.75 0 324.30 569.02 0 341.26 36.24 0 76.26 38.74
21 9 0 607.49 17.03 0 511.26 480.76 0 328.76 564.49 0 339.01 37.50 0 591.11 244.80 0 81.25 38.75 0 446.24 116.25 0 512.51 480.14 0 271.06 558.81
22 10 0 502.50 482.51 0 598.74 22.44 0 330.00 565.01 0 270.01 562.51 0 332.49 43.73 0 81.28 43.76 0 437.51 117.49 0 581.25 246.24 0 482.48 131.31 0 468.50 100.00
23 9 0 500.00 481.24 0 578.80 243.79 0 596.32 25.00 0 436.24 118.75 0 336.26 563.43 0 71.06 42.52 0 278.75 561.24 0 88.76 44.19 0 86.49 43.84
24 10 0 283.74 561.27 0 495.03 481.08 0 592.50 27.46 0 330.43 53.76 0 58.40 18.40 0 431.23 117.56 0 573.76 243.72 0 92.73 46.24 0 341.23 558.76 0 575.81 243.75
25 10 0 491.28 476.25 0 291.25 557.51 0 587.72 26.26 0 623.74 186.29 0 571.26 238.76 0 427.51 115.00 0 98.75 46.25 0 346.23 553.78 0 328.77 53.76 0 214.28 395.85
26 9 0 482.57 478.74 0 617.50 193.77 0 347.50 555.01 0 420.00 116.27 0 99.94 52.02 0 293.51 561.30 0 581.24 31.37 0 322.53 61.28 0 563.44 241.24
27 10 0 476.26 475.02 0 612.51 195.02 0 348.75 550.00 0 296.25 558.74 0 556.45 236.26 0 101.25 52.50 0 574.21 32.27 0 318.72 63.73 0 413.75 113.75 0 258.75 551.12
28 9 0 475.02 475.01 0 357.50 548.77 0 556.24 236.25 0 306.25 558.74 0 412.46 114.98 0 576.23 36.25 0 613.76 198.74 0 109.90 56.28 0 132.47 260.01
29 10 0 467.49 470.25 0 548.74 231.27 0 308.75 554.01 0 568.75 35.10 0 111.23 53.76 0 608.75 198.76 0 406.25 111.23 0 358.74 543.74 0 330.02 442.48 0 275.57 587.53
30 10 0 461.43 473.75 0 562.49 42.52 0 601.61 206.27 0 116.24 61.26 0 313.74 558.73 0 543.74 233.77 0 311.24 78.75 0 401.25 113.77 0 73.77 41.91 0 361.27 546.22
31 10 0 458.97 467.99 0 540.00 227.68 0 602.55 203.79 0 122.32 58.75 0 560.01 40.03 0 368.75 538.76 0 397.51 107.51 0 321.26 553.74 0 310.02 77.52 0 323.91 77.49
32 12 0 557.50 44.99 0 395.00 109.99 0 456.27 468.74 0 536.26 228.78 0 601.25 208.76 0 327.51 555.01 0 309.93 83.72 0 128.67 63.73 0 126.35 63.74 0 373.76 538.76 0 376.20 538.74 0 289.98 67.56
33 9 0 549.92 46.24 0 446.85 466.24 0 327.54 553.76 0 388.74 107.59 0 591.25 211.26 0 528.74 226.25 0 373.77 533.75 0 128.75 63.75 0 82.59 49.12
34 9 0 547.49 48.76 0 591.23 213.75 0 444.39 464.99 0 90.00 51.26 0 133.74 67.24 0 525.11 223.74 0 381.25 531.25 0 386.23 106.99 0 335.21 551.29
35 10 0 338.76 556.25 0 436.26 467.50 0 517.49 226.23 0 540.03 56.18 0 586.05 221.24 0 133.76 73.76 0 89.30 59.10 0 383.74 534.83 0 378.80 110.02 0 87.84 59.36
36 11 0 429.98 466.29 0 140.01 75.02 0 343.74 556.26 0 536.25 58.74 0 581.25 223.75 0 387.10 532.50 0 373.72 109.81 0 93.76 63.76 0 303.74 508.30 0 511.21 226.25 0 513.08 226.25
37 10 0 431.18 463.74 0 536.27 59.99 0 148.73 76.26 0 372.53 107.48 0 353.74 553.76 0 582.32 226.26 0 297.22 108.67 0 511.25 221.38 0 396.26 528.74 0 295.68 108.70
38 9 0 530.00 60.01 0 422.50 460.31 0 397.50 524.23 0 355.01 551.17 0 150.00 76.26 0 576.25 226.24 0 100.19 68.14 0 503.73 218.74 0 365.85 103.72
39 10 0 524.99 67.47 0 416.35 463.74 0 401.25 526.26 0 571.25 233.80 0 498.70 221.26 0 360.00 555.03 0 153.75 83.76 0 361.25 108.29 0 286.81 116.49 0 103.73 76.74
40 10 0 523.73 69.88 0 570.01 235.00 0 416.25 461.28 0 368.74 552.67 0 158.74 83.75 0 408.75 523.76 0 109.99 77.49 0 496.26 218.76 0 289.89 122.34 0 358.72 106.24
41 9 0 518.72 70.00 0 372.48 549.99 0 409.94 457.56 0 162.50 85.00 0 566.23 235.92 0 412.38 518.73 0 491.26 213.75 0 283.65 122.53 0 113.74 81.25
42 10 0 511.16 74.93 0 373.75 549.98 0 400.39 457.30 0 412.52 517.48 0 558.74 238.74 0 161.40 88.76 0 481.57 213.77 0 109.99 83.73 0 345.87 101.38 0 343.77 101.36
43 11 0 395.20 459.29 0 507.49 81.28 0 556.23 244.98 0 380.02 553.00 0 418.74 518.75 0 478.72 216.27 0 477.66 214.97 0 276.18 134.96 0 341.26 103.74 0 341.25 106.25 0 166.78 94.00
44 10 0 502.51 81.28 0 390.00 455.02 0 551.27 245.01 0 421.25 515.05 0 383.74 549.92 0 471.24 211.25 0 117.52 92.50 0 336.27 101.21 0 171.21 96.24 0 171.24 93.87
45 7 0 387.29 452.52 0 499.99 82.99 0 391.25 548.76 0 548.74 246.25 0 468.75 208.75 0 428.73 511.25 0 176.25 96.28
46 11 0 382.49 456.26 0 497.52 91.25 0 397.45 551.28 0 546.24 253.89 0 181.26 103.75 0 463.73 211.26 0 433.77 514.45 0 197.27 501.81 0 431.41 514.71 0 328.78 102.78 0 269.97 149.84
47 13 0 379.75 451.26 0 403.75 548.12 0 495.02 89.98 0 461.25 206.25 0 186.26 103.72 0 438.73 508.78 0 543.74 253.48 0 324.98 397.49 0 596.26 578.76 0 545.01 252.68 0 269.98 149.12 0 328.73 98.75 0 326.24 98.74
48 8 0 410.03 548.75 0 492.51 96.25 0 375.02 451.27 0 443.83 508.76 0 189.98 107.49 0 456.27 206.26 0 541.26 256.27 0 321.43 99.02
49 8 0 369.99 449.29 0 452.47 203.75 0 487.50 98.73 0 193.73 109.16 0 414.88 547.75 0 448.74 508.49 0 317.49 98.96 0 536.64 258.76
50 9 0 480.10 100.03 0 361.28 447.48 0 416.71 546.29 0 529.82 261.26 0 193.77 111.25 0 451.09 503.76 0 308.96 96.26 0 443.73 201.22 0 256.25 161.29
