1 0
2 2 0 236.25 591.25 0 438.22 20.63
3 2 0 240.01 585.54 0 441.25 21.20
4 4 0 236.26 585.00 0 92.51 90.30 0 438.75 22.95 0 626.23 381.31
5 5 0 442.50 28.74 0 309.99 18.75 0 238.86 586.24 0 98.75 93.75 0 307.97 79.38
6 4 0 237.49 581.96 0 307.63 21.21 0 441.26 28.74 0 98.76 93.80
7 4 0 237.53 577.50 0 307.50 20.53 0 441.26 30.01 0 99.99 92.51
8 4 0 238.30 577.51 0 442.59 33.76 0 308.72 25.55 0 101.25 98.74
9 4 0 243.76 572.49 0 447.95 33.77 0 313.76 25.33 0 108.77 96.26
10 4 0 308.74 26.21 0 443.75 35.69 0 240.31 569.98 0 106.24 96.26
11 4 0 241.25 567.50 0 308.74 28.74 0 445.00 37.51 0 107.49 98.76
12 4 0 308.74 33.76 0 241.24 567.54 0 443.82 43.74 0 109.99 101.24
13 5 0 243.74 567.44 0 311.23 38.71 0 448.73 46.26 0 447.50 47.55 0 113.76 106.25
14 7 0 246.28 563.77 0 313.76 38.75 0 451.26 48.59 0 450.02 613.76 0 522.50 147.51 0 118.72 106.24 0 118.71 103.74
15 5 0 242.48 560.01 0 308.74 38.83 0 446.23 48.74 0 307.54 39.99 0 116.22 106.25
16 4 0 243.46 556.73 0 308.74 41.25 0 447.90 50.01 0 446.35 50.88
17 4 0 451.26 51.25 0 247.88 553.73 0 311.23 43.75 0 122.54 106.49
18 5 0 248.77 555.02 0 312.48 48.75 0 125.00 110.58 0 453.71 57.54 0 2.52 185.70
19 5 0 248.76 548.74 0 453.76 56.26 0 311.24 46.26 0 312.13 47.50 0 126.23 108.82
20 6 0 311.12 53.77 0 451.26 63.68 0 247.52 551.27 0 126.23 115.04 0 309.96 55.04 0 322.13 74.84
21 4 0 249.99 543.75 0 453.75 61.27 0 313.67 51.26 0 132.47 111.23
22 5 0 451.26 63.74 0 246.27 541.93 0 309.92 53.82 0 131.28 113.76 0 122.47 100.07
23 5 0 250.02 538.76 0 311.23 56.26 0 455.04 65.00 0 136.29 113.74 0 18.75 107.30
24 6 0 252.49 540.41 0 456.25 71.24 0 313.77 62.53 0 21.24 109.09 0 136.29 118.76 0 452.47 590.01
25 5 0 308.74 61.24 0 453.75 71.24 0 248.74 536.28 0 138.75 117.48 0 247.50 535.03
26 5 0 253.74 533.75 0 313.76 64.90 0 26.29 107.49 0 457.34 73.75 0 141.60 117.62
27 6 0 311.21 68.84 0 26.25 111.23 0 456.26 78.75 0 251.24 534.02 0 251.24 536.26 0 142.38 123.75
28 5 0 458.74 78.73 0 254.67 529.98 0 30.08 108.78 0 313.49 69.95 0 146.26 122.50
29 8 0 17.49 208.78 0 251.25 528.83 0 308.74 75.15 0 28.75 109.99 0 453.75 83.75 0 157.44 125.03 0 143.72 126.28 0 581.59 18.32
30 9 0 22.49 210.02 0 458.76 86.25 0 37.47 110.02 0 256.27 526.26 0 312.81 77.01 0 148.76 128.76 0 583.73 18.74 0 125.01 275.00 0 255.01 527.53
31 7 0 19.99 212.30 0 252.50 525.00 0 34.99 110.00 0 373.75 19.99 0 147.50 129.98 0 308.74 78.78 0 454.14 88.73
32 8 0 22.46 213.74 0 308.75 81.23 0 253.74 521.26 0 37.51 109.95 0 148.77 129.13 0 453.72 91.26 0 373.58 21.38 0 455.49 91.26
33 8 0 27.49 214.99 0 155.00 130.00 0 458.76 92.83 0 43.77 110.01 0 257.49 520.00 0 311.30 83.78 0 376.25 26.24 0 376.28 23.77
34 7 0 27.39 212.49 0 310.00 82.51 0 256.26 513.74 0 373.74 23.75 0 43.70 106.26 0 456.27 91.25 0 155.02 130.03
35 8 0 27.36 217.49 0 253.76 514.72 0 371.25 28.73 0 42.51 110.01 0 154.99 132.51 0 456.26 96.59 0 308.74 88.74 0 307.65 87.21
36 8 0 256.27 508.76 0 29.98 216.27 0 310.73 86.24 0 373.07 28.80 0 456.28 96.26 0 157.52 132.51 0 566.25 21.13 0 48.76 106.31
37 8 0 31.25 222.51 0 371.24 36.26 0 308.74 93.76 0 256.25 511.25 0 456.25 103.74 0 48.75 111.24 0 255.02 512.49 0 158.73 138.73
38 9 0 32.48 221.27 0 256.26 506.23 0 307.46 92.51 0 371.27 34.95 0 52.48 107.52 0 456.26 101.26 0 161.26 133.76 0 255.02 505.31 0 269.99 44.98
39 9 0 260.12 506.24 0 311.24 98.75 0 37.47 226.26 0 373.76 41.25 0 56.25 111.25 0 459.98 107.49 0 166.31 139.34 0 562.33 27.96 0 168.69 140.88
40 9 0 257.53 501.23 0 36.20 223.75 0 556.27 27.52 0 306.29 96.27 0 456.27 106.87 0 34.99 224.98 0 371.23 38.74 0 56.27 106.53 0 165.02 138.39
41 8 0 261.24 501.36 0 42.15 228.75 0 373.75 46.25 0 311.23 101.24 0 61.25 110.00 0 170.36 141.18 0 461.23 111.23 0 461.25 113.74
42 8 0 42.55 226.54 0 262.50 496.26 0 171.15 140.00 0 461.24 111.25 0 373.75 44.13 0 311.24 101.23 0 555.02 27.96 0 63.75 106.27
43 6 0 44.99 229.99 0 263.73 494.98 0 311.23 106.27 0 461.29 116.23 0 373.76 48.76 0 67.51 108.07
44 7 0 261.26 490.04 0 44.97 228.75 0 371.25 48.77 0 458.74 116.26 0 308.75 106.27 0 547.51 29.98 0 68.76 106.31
45 8 0 259.98 488.75 0 368.77 51.26 0 307.84 108.74 0 69.99 106.25 0 44.99 232.47 0 457.33 118.73 0 173.76 143.75 0 35.03 395.04
46 8 0 46.25 235.70 0 260.03 488.76 0 368.73 56.26 0 70.57 108.57 0 306.23 113.75 0 456.26 123.76 0 177.32 148.72 0 542.68 35.00
47 9 0 52.50 234.99 0 265.00 484.45 0 310.00 115.01 0 461.24 123.75 0 77.49 106.19 0 373.74 56.26 0 181.23 147.49 0 492.53 612.52 0 546.47 34.98
48 7 0 52.39 241.26 0 263.57 486.25 0 456.26 131.25 0 77.51 109.99 0 368.76 63.75 0 306.26 121.23 0 181.32 151.21
49 9 0 266.25 481.95 0 56.25 241.28 0 82.52 109.77 0 461.24 132.50 0 311.23 121.26 0 371.37 63.75 0 66.25 131.29 0 187.50 151.24 0 310.21 120.00
50 8 0 266.25 481.94 0 57.50 243.75 0 308.75 123.73 0 371.29 67.50 0 82.50 110.01 0 458.81 133.94 0 459.83 135.06 0 187.50 155.01
