1 0
2 4 0 113.52 228.75 0 103.74 126.25 0 492.49 469.88 0 67.49 252.50
3 3 0 113.74 231.24 0 67.50 252.49 0 106.25 128.75
4 5 0 116.25 233.76 0 108.74 129.83 0 71.22 251.26 0 115.11 232.50 0 237.50 115.39
5 4 0 117.49 236.25 0 73.75 251.26 0 111.24 132.50 0 238.72 116.23
6 5 0 77.50 251.26 0 113.75 133.71 0 119.80 238.75 0 241.26 117.49 0 412.51 117.52
7 4 0 122.30 241.26 0 116.26 136.26 0 81.25 251.26 0 242.51 117.49
8 4 0 124.27 243.66 0 83.75 251.27 0 119.17 138.75 0 246.17 118.77
9 4 0 122.51 139.73 0 88.76 251.26 0 126.25 246.23 0 251.24 121.23
10 5 0 91.27 251.27 0 128.75 248.75 0 126.23 141.24 0 252.52 122.51 0 142.49 623.74
11 6 0 131.25 250.98 0 140.01 621.23 0 128.79 143.73 0 96.22 251.24 0 256.25 121.30 0 93.89 251.26
12 5 0 133.74 252.93 0 131.26 146.25 0 258.82 123.75 0 138.75 618.76 0 96.56 251.24
13 5 0 133.75 147.02 0 101.24 251.24 0 135.01 255.16 0 136.25 616.26 0 263.72 125.01
14 5 0 136.26 148.75 0 132.50 612.51 0 138.75 257.46 0 104.55 252.21 0 263.73 126.23
15 7 0 138.75 151.26 0 108.73 251.26 0 139.99 260.02 0 131.16 611.26 0 266.98 128.73 0 266.83 126.25 0 38.72 123.78
16 6 0 142.48 261.72 0 141.26 153.78 0 111.27 251.27 0 128.73 608.73 0 113.75 251.27 0 271.22 128.77
17 5 0 116.25 253.75 0 143.74 154.80 0 275.01 130.01 0 144.97 265.07 0 126.25 606.25
18 5 0 118.73 253.73 0 147.49 156.26 0 125.00 602.50 0 147.50 266.32 0 277.49 130.01
19 5 0 148.72 268.75 0 121.25 253.76 0 148.74 158.75 0 121.27 601.25 0 278.73 131.26
20 5 0 126.23 253.76 0 151.25 161.28 0 282.51 132.18 0 153.50 271.26 0 118.74 597.39
21 5 0 117.49 595.01 0 156.24 161.28 0 285.00 132.52 0 128.74 253.74 0 153.78 273.78
22 8 0 158.74 163.75 0 156.27 275.71 0 290.00 133.75 0 131.25 256.24 0 131.25 254.12 0 116.22 591.22 0 52.51 252.51 0 116.26 593.50
23 5 0 161.25 166.24 0 113.75 588.76 0 136.25 256.26 0 160.03 277.50 0 292.52 133.76
24 5 0 163.76 168.77 0 138.75 256.26 0 111.24 586.26 0 161.26 278.76 0 292.50 133.78
25 5 0 163.95 281.26 0 165.87 170.02 0 141.24 256.25 0 108.75 583.74 0 298.74 133.78
26 5 0 107.50 581.25 0 168.77 173.29 0 166.78 283.74 0 143.74 256.30 0 301.26 136.25
27 5 0 170.01 285.00 0 172.50 174.90 0 148.95 258.76 0 106.26 578.76 0 303.73 136.42
28 5 0 173.73 286.74 0 174.92 176.25 0 102.92 576.26 0 306.25 138.75 0 151.14 258.74
29 4 0 101.24 573.76 0 176.26 288.76 0 177.52 177.51 0 310.99 137.32
30 5 0 180.00 179.13 0 98.77 570.00 0 158.72 261.26 0 176.66 291.25 0 313.76 138.76
31 5 0 181.22 291.88 0 314.99 140.01 0 183.72 181.24 0 97.36 566.64 0 161.26 261.86
32 6 0 183.74 294.29 0 96.26 565.95 0 184.53 183.75 0 95.00 565.02 0 163.76 261.96 0 318.71 138.75
33 6 0 92.51 562.05 0 186.25 296.26 0 322.50 139.89 0 188.75 186.25 0 168.77 263.74 0 166.28 263.76
34 6 0 91.26 558.75 0 188.74 297.49 0 191.23 188.51 0 324.99 140.04 0 171.25 263.75 0 171.26 265.94
35 5 0 90.01 555.03 0 193.76 188.74 0 173.77 266.79 0 192.07 299.09 0 330.02 140.23
36 6 0 196.25 191.24 0 332.51 140.02 0 194.99 301.27 0 176.49 268.46 0 88.75 553.74 0 88.74 551.22
37 5 0 180.00 268.82 0 198.74 193.77 0 197.51 302.49 0 86.24 551.25 0 336.26 142.10
38 6 0 201.26 195.08 0 85.02 547.52 0 200.77 303.77 0 337.79 141.23 0 182.83 268.86 0 199.98 305.01
39 5 0 203.76 197.51 0 203.72 306.27 0 81.31 543.75 0 341.24 141.25 0 186.42 271.25
40 6 0 206.22 307.58 0 81.24 541.25 0 206.36 198.75 0 341.18 141.26 0 188.74 273.75 0 188.74 271.23
41 5 0 208.76 308.75 0 208.75 201.27 0 78.76 538.76 0 347.51 143.76 0 191.28 275.00
42 5 0 211.25 311.26 0 195.00 277.50 0 212.52 202.50 0 77.59 536.09 0 350.08 143.72
43 6 0 76.23 531.26 0 197.49 277.50 0 215.21 206.24 0 214.29 311.25 0 215.07 312.49 0 353.74 143.75
44 6 0 73.75 528.76 0 217.51 206.26 0 217.43 313.77 0 356.26 143.74 0 202.47 281.22 0 201.27 278.73
45 5 0 221.24 314.98 0 221.23 208.75 0 73.72 526.25 0 205.01 281.25 0 358.73 143.73
46 6 0 223.74 316.24 0 223.72 211.23 0 71.23 523.25 0 208.74 282.38 0 361.28 143.75 0 72.50 522.49
47 5 0 226.25 317.52 0 226.25 212.51 0 210.94 283.73 0 70.06 518.79 0 366.26 143.74
48 5 0 68.74 516.27 0 228.75 213.75 0 228.90 318.76 0 213.75 286.24 0 368.75 143.74
49 6 0 66.50 513.76 0 231.24 216.25 0 216.27 286.24 0 233.75 320.28 0 67.48 512.47 0 371.20 143.74
50 5 0 236.23 321.27 0 66.24 510.12 0 218.77 288.78 0 233.77 218.74 0 376.27 143.74
