1 0
2 2 0 285.00 609.99 0 153.77 256.27
3 3 0 275.00 610.00 0 566.24 101.23 0 146.24 257.01
4 2 0 282.48 603.64 0 153.75 251.27
5 2 0 153.75 251.25 0 281.26 601.30
6 4 0 158.73 260.02 0 572.49 106.46 0 283.96 608.74 0 285.06 607.19
7 4 0 153.74 252.53 0 563.75 98.75 0 278.73 601.24 0 278.73 598.78
8 6 0 278.71 598.75 0 153.78 256.27 0 561.26 101.34 0 151.81 256.22 0 536.52 238.76 0 165.00 130.00
9 3 0 161.26 261.25 0 284.98 605.00 0 133.45 139.96
10 2 0 155.02 256.26 0 278.73 598.74
11 3 0 163.74 252.82 0 563.04 99.98 0 283.77 593.76
12 2 0 161.25 252.54 0 281.26 591.24
13 2 0 168.73 260.02 0 288.75 596.58
14 3 0 161.25 253.73 0 281.26 591.25 0 553.75 103.75
15 3 0 168.78 253.74 0 286.19 586.56 0 288.78 586.35
16 4 0 163.74 254.56 0 282.50 587.50 0 551.24 103.75 0 551.22 106.24
17 4 0 171.27 253.77 0 288.77 583.75 0 553.77 103.78 0 554.78 104.99
18 3 0 174.99 261.26 0 291.25 591.11 0 522.49 307.48
19 4 0 171.27 253.75 0 286.24 581.73 0 548.51 103.73 0 548.72 105.82
20 4 0 173.76 253.74 0 288.76 581.26 0 548.74 106.27 0 50.00 21.02
21 3 0 177.56 261.26 0 291.26 587.50 0 551.26 114.79
22 3 0 171.24 256.26 0 283.76 580.00 0 541.25 108.92
23 4 0 181.24 261.87 0 547.51 115.01 0 293.76 586.25 0 293.75 583.82
24 4 0 176.26 263.73 0 540.03 117.50 0 288.76 583.75 0 636.12 2.80
25 3 0 181.24 253.75 0 291.26 573.73 0 543.76 108.46
26 3 0 182.49 263.74 0 541.25 118.74 0 293.04 582.15
27 2 0 187.49 258.02 0 296.27 576.25
28 3 0 188.72 258.16 0 541.26 113.78 0 297.48 573.75
29 5 0 371.18 626.26 0 183.74 263.73 0 291.27 578.76 0 184.93 264.99 0 621.19 93.73
30 5 0 183.74 263.75 0 368.75 626.24 0 290.75 577.39 0 532.30 120.97 0 532.50 119.03
31 3 0 193.75 260.00 0 298.75 571.28 0 372.51 620.02
32 5 0 189.99 254.79 0 533.31 110.20 0 300.80 580.66 0 293.77 563.79 0 296.25 563.77
33 3 0 291.75 565.03 0 187.29 257.49 0 529.82 113.79
34 5 0 194.98 256.26 0 298.74 563.75 0 606.26 18.75 0 368.76 613.74 0 368.78 615.61
35 5 0 366.23 621.22 0 193.75 263.74 0 530.01 122.49 0 296.73 571.24 0 618.56 98.75
36 6 0 198.74 261.25 0 301.23 566.23 0 366.27 618.74 0 368.71 618.74 0 608.77 26.26 0 530.18 122.51
37 5 0 200.85 258.74 0 367.48 612.56 0 301.27 561.28 0 606.24 26.25 0 529.98 118.75
38 5 0 358.54 611.24 0 193.57 258.76 0 609.97 92.50 0 597.55 26.25 0 292.53 558.76
39 4 0 203.75 258.74 0 364.99 611.25 0 606.27 26.25 0 301.25 557.50
40 5 0 196.25 256.26 0 356.29 606.24 0 597.59 26.24 0 296.26 553.81 0 557.42 507.06
41 5 0 602.50 35.01 0 202.49 265.40 0 298.75 561.23 0 360.05 615.05 0 521.25 126.27
42 6 0 604.07 31.28 0 206.49 258.76 0 362.49 607.26 0 303.73 553.76 0 522.52 122.49 0 605.06 32.50
43 5 0 208.73 260.00 0 522.51 122.52 0 361.25 606.39 0 603.85 33.73 0 301.99 553.70
44 10 0 201.99 263.73 0 595.01 37.51 0 351.24 611.22 0 296.24 556.17 0 603.76 103.75 0 294.09 556.04 0 636.55 2.57 0 352.53 610.42 0 33.73 101.21 0 513.73 126.25
45 7 0 202.48 258.75 0 349.94 603.74 0 296.27 547.47 0 593.73 31.25 0 511.25 122.05 0 593.73 33.74 0 601.25 98.73
46 4 0 211.50 263.76 0 358.75 608.76 0 303.75 553.75 0 603.32 41.31
47 4 0 206.25 256.25 0 351.23 598.77 0 298.74 543.75 0 597.48 34.55
48 5 0 356.25 598.75 0 213.75 257.61 0 602.52 37.51 0 514.62 122.51 0 303.55 543.76
49 5 0 353.75 606.26 0 214.71 265.47 0 302.74 549.09 0 601.25 44.09 0 442.44 522.36
50 4 0 218.76 261.26 0 354.74 601.27 0 306.27 543.75 0 219.45 283.75
