1 0
2 0
3 3 0 76.25 161.29 0 610.00 231.24 0 133.73 23.73
4 6 0 77.45 162.44 0 493.76 483.68 0 610.02 230.80 0 495.03 483.05 0 136.27 23.74 0 68.74 148.29
5 4 0 77.48 163.77 0 493.75 481.27 0 608.76 231.23 0 136.31 23.76
6 6 0 78.70 166.26 0 138.75 23.74 0 493.76 478.75 0 606.25 231.17 0 495.08 480.01 0 608.74 231.21
7 6 0 491.28 478.73 0 141.23 23.74 0 77.53 168.61 0 492.27 479.98 0 606.23 233.74 0 606.23 231.24
8 6 0 78.73 168.75 0 490.41 478.74 0 141.24 23.73 0 603.75 233.76 0 603.79 231.25 0 343.49 529.10
9 5 0 78.72 171.24 0 490.01 477.52 0 603.76 233.75 0 142.37 23.74 0 603.76 231.36
10 8 0 78.74 173.29 0 489.98 476.25 0 601.66 231.27 0 143.75 23.76 0 339.96 524.96 0 602.45 232.50 0 149.99 36.31 0 82.50 402.49
11 7 0 146.23 23.75 0 78.81 173.74 0 598.74 231.23 0 336.26 526.26 0 79.78 174.96 0 486.23 474.38 0 488.76 474.88
12 6 0 486.24 473.74 0 80.00 176.26 0 596.30 231.25 0 148.76 23.63 0 338.77 523.75 0 597.47 232.60
13 4 0 486.25 473.73 0 81.27 177.48 0 149.99 23.72 0 596.27 233.75
14 5 0 596.27 235.03 0 80.02 178.52 0 484.06 471.23 0 151.26 23.75 0 153.21 23.76
15 7 0 483.75 469.97 0 81.25 181.48 0 591.20 233.82 0 151.26 23.75 0 593.77 233.78 0 153.33 23.75 0 620.00 522.54
16 4 0 81.25 182.49 0 483.74 468.75 0 589.98 234.95 0 153.77 21.46
17 5 0 81.26 183.75 0 589.98 236.22 0 482.75 466.79 0 156.26 23.71 0 336.25 516.32
18 5 0 81.25 186.27 0 587.49 236.26 0 156.29 23.74 0 481.26 466.28 0 479.51 466.34
19 8 0 81.31 188.25 0 586.26 236.16 0 478.35 465.68 0 158.76 23.73 0 479.88 465.13 0 336.25 516.25 0 333.80 516.24 0 189.98 602.53
20 6 0 82.62 188.75 0 478.71 463.74 0 161.26 23.75 0 583.76 236.22 0 336.25 516.23 0 585.74 236.27
21 5 0 83.48 190.04 0 332.52 510.19 0 477.50 463.73 0 583.72 237.50 0 162.52 23.73
22 4 0 163.74 23.75 0 476.24 462.59 0 83.73 192.64 0 581.26 237.47
23 5 0 83.75 193.75 0 580.00 237.49 0 332.52 509.02 0 476.25 461.22 0 166.21 23.75
24 4 0 83.74 195.05 0 579.99 237.48 0 476.26 459.43 0 166.23 23.75
25 5 0 83.79 196.95 0 476.22 458.75 0 331.53 506.28 0 168.76 23.70 0 576.31 237.48
26 5 0 86.22 198.75 0 171.25 23.14 0 576.27 238.75 0 333.75 503.74 0 471.25 458.76
27 8 0 571.24 237.49 0 173.67 23.74 0 85.00 199.09 0 471.24 456.26 0 329.98 503.74 0 209.99 37.50 0 621.23 540.01 0 122.52 510.03
28 5 0 86.24 201.26 0 173.74 23.74 0 469.34 456.28 0 570.85 238.74 0 571.25 241.04
29 7 0 86.24 203.76 0 176.26 23.75 0 330.89 498.76 0 571.23 238.92 0 571.25 241.13 0 470.03 456.22 0 469.14 453.84
30 7 0 467.48 452.50 0 86.23 205.02 0 570.65 241.25 0 176.25 23.75 0 331.24 498.73 0 140.02 197.51 0 570.28 239.99
31 6 0 86.25 206.26 0 178.75 23.73 0 467.48 450.01 0 568.77 241.24 0 331.16 498.07 0 403.76 151.28
32 6 0 466.25 449.99 0 181.24 23.75 0 566.26 242.53 0 86.39 208.75 0 87.56 207.49 0 570.41 29.98
33 5 0 563.76 241.28 0 466.26 449.98 0 88.49 210.02 0 330.41 493.30 0 181.25 23.72
34 4 0 88.75 211.26 0 563.75 241.24 0 463.75 447.24 0 183.59 23.80
35 6 0 88.75 213.76 0 563.70 241.31 0 330.04 490.01 0 463.71 448.74 0 186.24 23.74 0 183.79 23.75
36 6 0 89.78 213.75 0 186.24 23.75 0 558.10 244.90 0 462.23 446.28 0 559.78 244.82 0 122.52 427.50
37 5 0 90.00 216.26 0 461.24 443.75 0 556.28 243.72 0 188.65 23.76 0 276.27 178.77
38 6 0 90.06 218.05 0 556.25 245.01 0 460.01 442.50 0 191.19 23.75 0 226.39 16.25 0 330.03 486.20
39 5 0 556.23 245.00 0 90.36 219.88 0 191.22 23.75 0 458.75 442.51 0 531.24 420.00
40 8 0 91.24 221.25 0 456.59 441.26 0 193.74 23.74 0 555.61 248.74 0 450.01 330.02 0 529.99 420.01 0 556.15 246.26 0 593.74 376.25
41 9 0 90.12 221.27 0 195.02 23.73 0 456.25 438.73 0 450.04 410.03 0 329.85 482.50 0 551.26 246.25 0 246.26 623.75 0 553.40 246.25 0 553.68 248.79
42 6 0 92.50 223.75 0 456.25 438.74 0 196.26 26.25 0 550.22 248.76 0 548.90 246.30 0 196.25 23.78
43 4 0 92.39 225.02 0 549.97 249.98 0 196.30 23.75 0 456.25 437.45
44 6 0 92.71 227.45 0 453.46 436.24 0 548.73 249.95 0 198.72 26.27 0 326.22 476.27 0 198.73 24.45
45 6 0 452.54 436.25 0 93.75 228.09 0 546.25 249.19 0 202.44 26.26 0 201.80 23.76 0 543.75 248.84
46 5 0 93.75 230.03 0 452.49 434.96 0 543.75 250.37 0 202.84 26.24 0 203.61 23.74
47 5 0 93.75 231.27 0 451.25 433.76 0 541.34 251.25 0 203.75 26.25 0 202.51 69.99
48 6 0 206.23 23.74 0 541.26 251.25 0 95.00 233.13 0 96.26 233.78 0 451.25 431.24 0 451.26 433.74
49 6 0 539.74 252.94 0 96.27 234.97 0 448.77 431.27 0 208.76 26.27 0 208.71 24.30 0 206.81 23.90
50 9 0 97.44 236.25 0 536.25 253.74 0 210.52 26.26 0 323.46 469.43 0 446.24 429.02 0 447.53 430.04 0 603.74 330.04 0 210.19 25.03 0 405.08 26.78
