1 0
2 3 0 418.75 541.26 0 251.25 522.54 0 429.99 75.03
3 4 0 421.24 538.74 0 256.25 521.27 0 364.99 579.94 0 433.74 73.81
4 3 0 420.01 538.75 0 256.26 518.73 0 431.22 73.74
5 3 0 418.75 543.74 0 430.01 77.50 0 256.24 522.07
6 4 0 418.75 538.76 0 256.63 516.26 0 428.65 73.79 0 190.01 340.00
7 4 0 415.91 538.76 0 257.51 515.01 0 336.27 166.25 0 426.23 73.80
8 4 0 416.26 540.00 0 260.00 516.22 0 338.76 168.78 0 426.26 73.79
9 4 0 261.25 516.27 0 340.00 171.26 0 416.28 541.27 0 426.24 75.00
10 4 0 413.75 538.81 0 259.97 512.50 0 423.73 73.77 0 338.75 168.80
11 4 0 258.75 511.25 0 411.24 538.76 0 421.25 73.74 0 336.26 171.25
12 4 0 411.25 543.75 0 262.50 514.99 0 421.25 77.54 0 338.72 176.26
13 4 0 409.98 543.74 0 420.00 77.51 0 262.44 513.76 0 338.76 178.76
14 4 0 406.24 543.73 0 262.31 513.74 0 336.26 178.75 0 416.43 77.48
15 3 0 403.73 542.87 0 412.52 77.50 0 261.23 510.52
16 5 0 266.25 509.96 0 407.48 542.66 0 418.77 76.25 0 338.74 178.76 0 5.41 336.92
17 4 0 403.75 543.75 0 264.98 510.06 0 413.76 78.77 0 336.28 183.73
18 5 0 401.26 538.75 0 411.28 74.44 0 264.99 504.98 0 486.20 591.22 0 333.74 179.99
19 4 0 403.74 540.65 0 268.73 503.75 0 412.52 75.03 0 336.26 181.26
20 3 0 268.73 503.73 0 401.33 541.14 0 336.27 183.50
21 4 0 401.26 539.99 0 269.98 502.49 0 412.51 75.02 0 336.51 183.75
22 4 0 396.22 541.28 0 266.24 502.30 0 406.24 76.26 0 331.87 186.30
23 4 0 398.75 541.33 0 409.99 76.29 0 271.23 502.28 0 336.26 188.73
24 4 0 398.73 541.27 0 272.74 501.27 0 336.27 188.72 0 408.81 76.26
25 4 0 396.25 540.07 0 272.95 498.76 0 406.23 75.03 0 336.29 188.82
26 4 0 393.76 538.76 0 272.48 496.38 0 333.76 188.73 0 404.95 74.24
27 7 0 275.02 499.99 0 394.99 543.74 0 309.98 490.00 0 89.99 18.75 0 403.74 78.76 0 336.26 193.77 0 310.38 329.40
28 6 0 272.49 500.00 0 391.24 543.74 0 90.00 20.05 0 333.31 195.01 0 18.75 338.69 0 401.25 78.75
29 6 0 387.53 541.26 0 397.49 75.33 0 333.75 193.75 0 272.48 494.14 0 501.25 51.23 0 17.63 333.76
30 5 0 273.74 497.51 0 386.26 543.74 0 332.52 197.51 0 397.51 77.52 0 453.78 378.51
31 5 0 386.25 543.74 0 273.75 496.24 0 396.24 78.75 0 331.24 198.74 0 157.57 346.45
32 5 0 274.99 492.50 0 383.74 541.28 0 395.00 77.50 0 331.13 197.50 0 117.48 402.54
33 7 0 387.49 542.49 0 279.42 493.76 0 397.52 77.49 0 26.26 341.25 0 561.31 622.29 0 336.27 201.25 0 100.01 20.03
34 8 0 386.26 543.74 0 279.99 492.52 0 561.27 621.25 0 333.75 202.33 0 98.75 26.20 0 406.03 70.43 0 395.44 78.66 0 2.67 620.92
35 5 0 382.48 538.76 0 278.81 487.53 0 98.75 20.01 0 395.01 76.25 0 558.75 616.27
36 6 0 281.26 491.28 0 332.51 205.02 0 382.51 543.75 0 558.74 621.25 0 101.23 26.26 0 393.71 81.27
37 7 0 378.75 538.78 0 330.03 202.49 0 278.75 487.46 0 387.52 76.25 0 98.76 21.26 0 27.48 341.21 0 556.24 616.23
38 7 0 377.49 542.50 0 278.74 488.75 0 387.50 78.75 0 555.05 616.27 0 279.98 487.51 0 28.45 345.48 0 332.50 204.98
39 7 0 376.26 543.74 0 280.42 487.58 0 331.27 208.78 0 386.48 81.65 0 555.01 616.28 0 490.03 245.03 0 28.77 346.27
40 7 0 377.53 543.76 0 282.50 488.28 0 386.24 82.52 0 32.90 348.53 0 556.24 616.25 0 332.51 212.51 0 338.60 189.50
41 8 0 286.24 482.52 0 378.76 539.99 0 557.50 612.47 0 387.51 77.49 0 332.52 210.01 0 33.77 343.74 0 106.24 26.27 0 33.91 345.46
42 9 0 376.26 539.43 0 286.24 481.30 0 557.50 610.01 0 386.27 76.24 0 34.98 343.70 0 397.48 411.28 0 333.15 208.76 0 106.30 23.74 0 33.92 346.29
43 5 0 376.27 541.27 0 287.50 482.52 0 37.51 347.50 0 557.73 611.34 0 108.73 23.76
44 7 0 372.52 538.76 0 381.25 76.46 0 286.23 478.76 0 34.95 347.53 0 107.48 26.58 0 330.00 210.39 0 553.76 606.26
45 7 0 368.76 541.24 0 284.96 479.98 0 378.73 78.76 0 107.51 27.50 0 551.24 608.76 0 33.74 348.89 0 31.21 348.74
46 7 0 368.76 538.75 0 286.25 477.50 0 37.41 347.53 0 378.75 75.02 0 108.76 26.29 0 553.75 603.78 0 551.25 603.76
47 6 0 370.01 538.75 0 290.02 476.25 0 554.99 605.00 0 380.00 77.52 0 38.71 348.74 0 330.65 213.74
48 9 0 292.38 477.50 0 370.08 540.01 0 554.98 605.02 0 115.01 29.62 0 381.25 78.74 0 41.24 351.25 0 333.74 218.75 0 38.85 351.21 0 597.49 517.49
49 6 0 365.00 538.75 0 550.00 602.50 0 288.75 476.25 0 37.48 350.01 0 373.76 78.73 0 328.75 218.73
50 6 0 292.51 477.48 0 367.53 541.93 0 332.50 221.05 0 553.74 605.01 0 42.49 355.03 0 376.47 81.28
