1 0
2 1 0 84.95 586.28
3 4 0 434.16 513.75 0 541.24 74.63 0 116.26 53.74 0 84.11 586.24
4 8 0 538.77 76.24 0 86.24 583.73 0 433.76 513.77 0 412.51 532.49 0 26.27 308.65 0 116.25 56.23 0 24.39 308.34 0 116.25 54.02
5 9 0 538.74 76.25 0 26.24 308.85 0 86.24 583.75 0 431.21 513.72 0 409.87 533.74 0 118.73 56.25 0 118.75 54.27 0 432.50 512.88 0 516.22 212.50
6 7 0 27.49 309.98 0 537.51 76.24 0 431.24 511.23 0 408.74 533.80 0 118.74 56.25 0 86.25 583.74 0 88.80 583.68
7 6 0 27.49 309.95 0 536.26 76.24 0 428.74 511.24 0 89.98 581.27 0 406.24 532.49 0 121.26 56.25
8 6 0 90.01 581.33 0 28.26 311.22 0 428.68 511.24 0 533.74 76.38 0 406.25 532.49 0 121.25 56.25
9 6 0 426.26 511.24 0 533.40 76.26 0 403.70 532.50 0 90.01 580.04 0 123.74 58.72 0 28.75 311.24
10 6 0 402.51 532.49 0 92.52 580.01 0 532.50 77.49 0 125.00 58.75 0 423.84 511.24 0 29.97 313.78
11 6 0 530.02 77.49 0 423.74 510.44 0 126.23 58.76 0 402.50 532.49 0 92.51 578.77 0 31.23 313.76
12 7 0 528.76 76.26 0 126.21 60.01 0 421.25 508.83 0 402.50 530.11 0 93.75 578.75 0 31.26 315.01 0 96.24 578.76
13 7 0 421.25 508.75 0 397.51 530.02 0 33.74 316.24 0 557.48 620.88 0 98.76 578.82 0 528.74 77.61 0 126.24 61.21
14 7 0 418.98 508.77 0 35.01 317.49 0 526.25 77.51 0 397.49 530.02 0 130.00 61.25 0 557.50 620.00 0 98.75 576.27
15 7 0 418.75 508.75 0 35.01 317.49 0 525.00 77.51 0 397.47 530.01 0 557.48 620.00 0 130.17 61.26 0 98.77 577.51
16 7 0 416.32 508.74 0 523.58 77.50 0 554.99 620.00 0 36.59 317.51 0 98.76 576.26 0 131.26 62.03 0 395.02 530.02
17 7 0 521.28 77.51 0 414.95 508.72 0 553.75 618.74 0 393.74 528.77 0 133.74 63.75 0 101.24 576.28 0 37.48 318.76
18 7 0 413.74 508.74 0 521.26 78.75 0 38.74 321.27 0 551.25 618.75 0 133.75 63.75 0 103.73 573.76 0 391.27 528.75
19 9 0 412.93 507.67 0 518.75 78.73 0 38.75 321.25 0 103.73 573.77 0 391.23 526.25 0 551.23 616.26 0 34.98 429.58 0 133.83 63.76 0 136.30 63.77
20 8 0 411.27 507.92 0 518.73 78.74 0 389.99 526.22 0 41.25 321.26 0 136.24 66.30 0 549.99 618.68 0 106.24 572.46 0 136.27 64.03
21 7 0 409.46 506.24 0 42.50 322.52 0 516.25 78.75 0 106.24 573.48 0 387.49 526.05 0 547.50 616.26 0 138.76 66.26
22 7 0 408.76 506.27 0 107.49 572.50 0 42.51 325.00 0 387.50 525.00 0 516.25 78.76 0 138.76 66.27 0 546.38 616.23
23 7 0 42.50 324.99 0 140.00 67.50 0 107.77 571.25 0 387.52 525.01 0 513.74 78.77 0 406.37 506.27 0 546.26 613.75
24 8 0 45.01 325.01 0 109.98 570.01 0 406.24 506.26 0 141.23 67.53 0 513.75 81.26 0 383.73 524.14 0 546.25 613.75 0 546.27 616.23
25 8 0 403.77 506.26 0 110.00 570.01 0 143.74 68.76 0 511.23 78.79 0 383.73 523.74 0 543.73 613.75 0 45.00 328.79 0 404.87 505.01
26 8 0 403.75 506.25 0 511.24 81.25 0 381.22 522.52 0 143.76 68.75 0 543.69 612.48 0 510.00 79.97 0 46.24 328.75 0 113.76 570.00
27 8 0 146.25 69.85 0 380.00 523.74 0 401.27 505.61 0 508.73 81.25 0 541.24 611.26 0 46.24 328.75 0 113.75 568.75 0 48.74 328.75
28 8 0 539.99 611.27 0 146.26 70.01 0 507.49 81.26 0 378.75 521.26 0 401.27 504.04 0 48.75 328.78 0 114.66 568.81 0 400.02 505.11
29 7 0 398.74 503.73 0 147.48 70.00 0 50.00 330.00 0 539.99 611.21 0 506.25 81.26 0 378.75 521.29 0 115.59 566.25
30 7 0 397.47 503.73 0 50.01 332.33 0 117.40 565.03 0 376.28 521.28 0 538.76 610.00 0 506.26 81.26 0 149.96 71.23
31 7 0 396.24 503.74 0 52.54 332.49 0 117.50 565.16 0 503.71 81.25 0 151.22 71.23 0 538.76 609.99 0 376.37 518.65
32 8 0 52.51 332.49 0 396.24 503.74 0 501.26 81.28 0 118.73 565.01 0 536.27 608.72 0 151.23 73.76 0 373.76 518.76 0 151.24 71.25
33 10 0 393.76 503.74 0 501.24 81.25 0 121.27 563.72 0 372.54 517.48 0 151.26 73.79 0 621.24 198.75 0 52.51 333.72 0 52.39 334.97 0 533.74 608.78 0 536.27 608.75
34 7 0 498.75 81.26 0 372.52 517.49 0 121.28 563.75 0 391.21 502.06 0 155.00 74.37 0 532.51 606.26 0 56.25 336.25
35 7 0 122.51 562.50 0 155.00 75.03 0 370.00 517.48 0 498.74 81.24 0 391.22 501.85 0 532.59 606.25 0 53.72 336.26
36 7 0 532.50 605.01 0 157.48 75.00 0 122.58 562.50 0 496.26 81.27 0 369.98 515.89 0 388.75 501.73 0 56.25 336.26
37 6 0 387.60 501.25 0 157.51 75.02 0 530.02 605.00 0 496.26 81.27 0 126.07 562.09 0 56.25 338.76
38 7 0 386.27 501.26 0 493.14 82.42 0 530.01 605.00 0 364.99 515.04 0 158.74 76.24 0 56.33 338.74 0 126.26 561.25
39 6 0 60.00 340.01 0 162.50 77.50 0 492.52 82.50 0 386.27 501.26 0 364.98 515.01 0 526.25 602.55
40 7 0 383.74 501.28 0 59.99 340.02 0 491.26 82.50 0 162.50 77.51 0 363.77 513.78 0 128.77 558.75 0 526.24 602.59
41 7 0 490.00 82.50 0 382.46 501.26 0 163.01 77.50 0 361.56 513.80 0 525.01 602.51 0 130.30 557.51 0 61.23 341.25
42 8 0 381.24 500.01 0 488.75 82.47 0 131.28 557.50 0 523.33 602.51 0 166.23 78.73 0 361.31 513.82 0 61.25 341.26 0 361.34 511.09
43 7 0 132.51 557.51 0 379.80 499.32 0 165.00 77.51 0 523.76 601.23 0 488.73 82.56 0 63.62 343.49 0 486.27 81.61
44 7 0 378.75 498.77 0 486.22 82.60 0 69.96 12.52 0 133.76 556.26 0 63.74 343.73 0 166.24 81.24 0 523.63 601.23
45 7 0 483.76 83.75 0 376.41 498.76 0 168.76 81.27 0 357.47 509.97 0 522.04 597.52 0 136.26 556.26 0 63.74 346.26
46 8 0 376.27 498.74 0 482.53 82.52 0 170.01 82.51 0 355.02 509.98 0 66.39 346.25 0 518.74 598.76 0 50.03 324.99 0 136.32 555.04
47 7 0 481.27 83.74 0 373.76 498.74 0 171.21 82.51 0 66.25 346.27 0 517.47 595.44 0 355.17 507.59 0 136.45 554.99
48 7 0 67.49 347.50 0 517.49 597.49 0 481.26 83.75 0 172.50 82.47 0 373.16 498.76 0 138.99 553.70 0 355.11 509.94
49 8 0 371.38 498.77 0 68.45 347.77 0 478.75 83.75 0 517.47 597.50 0 172.62 83.74 0 141.25 553.75 0 172.49 341.14 0 351.23 506.17
50 8 0 477.50 84.10 0 68.95 349.99 0 515.00 595.01 0 141.25 551.22 0 371.25 497.50 0 173.75 83.74 0 78.68 26.25 0 349.97 507.42
