1 0
2 1 0 248.76 153.77
3 1 0 246.26 158.75
4 1 0 246.22 163.64
5 1 0 241.26 166.24
6 2 0 243.76 168.75 0 621.26 91.25
7 2 0 237.51 171.26 0 616.26 91.28
8 2 0 236.24 173.75 0 18.75 132.55
9 4 0 236.24 178.74 0 612.48 100.00 0 332.48 475.00 0 23.74 133.76
10 2 0 237.49 181.25 0 28.73 133.78
11 1 0 231.24 183.75
12 3 0 231.23 188.72 0 605.31 103.72 0 232.49 187.46
13 3 0 228.75 189.92 0 602.52 106.38 0 33.78 136.24
14 3 0 231.25 188.75 0 41.24 133.72 0 38.98 133.84
15 2 0 231.22 193.81 0 45.10 133.76
16 1 0 228.74 198.75
17 3 0 226.26 203.74 0 595.00 115.03 0 46.21 138.70
18 3 0 222.45 206.26 0 590.00 117.50 0 50.12 138.75
19 3 0 221.25 203.77 0 588.64 115.05 0 53.75 133.78
20 3 0 222.51 208.75 0 297.51 623.37 0 60.01 136.23
21 3 0 293.23 618.76 0 216.32 211.24 0 60.70 136.24
22 3 0 218.78 216.15 0 295.26 617.47 0 68.71 136.32
23 5 0 218.75 218.76 0 293.75 616.24 0 70.25 139.07 0 583.75 126.30 0 585.60 126.29
24 5 0 288.75 609.98 0 213.78 218.77 0 576.48 126.25 0 215.55 218.74 0 71.22 136.24
25 4 0 213.75 222.77 0 288.75 606.23 0 577.66 128.74 0 75.04 136.27
26 2 0 213.75 228.74 0 288.72 607.69
27 6 0 282.50 605.01 0 208.72 233.32 0 77.50 140.92 0 207.48 232.37 0 50.52 301.21 0 98.77 107.51
28 5 0 286.21 598.74 0 210.48 233.77 0 300.02 563.70 0 570.95 137.04 0 86.22 139.99
29 4 0 283.75 598.75 0 208.77 238.73 0 89.98 143.71 0 568.74 141.23
30 3 0 206.23 242.54 0 278.75 597.51 0 563.78 143.75
31 3 0 621.27 48.84 0 277.49 590.01 0 202.53 241.28
32 7 0 278.74 588.75 0 623.74 53.74 0 206.22 246.25 0 624.98 55.08 0 98.73 143.75 0 554.49 93.56 0 562.48 147.51
33 8 0 618.43 52.51 0 273.75 583.74 0 100.00 140.02 0 198.76 246.26 0 187.48 307.52 0 555.01 146.27 0 492.51 44.99 0 482.50 484.98
34 6 0 618.75 57.47 0 201.28 253.74 0 276.26 583.72 0 556.26 149.98 0 493.75 49.56 0 106.25 143.59
35 9 0 274.14 581.26 0 615.97 61.27 0 29.98 572.49 0 598.72 18.80 0 553.77 153.98 0 201.25 258.69 0 108.75 143.74 0 490.24 52.37 0 553.80 152.29
36 6 0 271.24 578.76 0 611.23 65.05 0 196.34 261.27 0 549.99 156.24 0 589.98 20.83 0 485.18 54.47
37 4 0 610.00 66.27 0 196.22 263.75 0 270.16 576.26 0 547.49 158.74
38 6 0 606.25 62.60 0 267.51 568.75 0 193.73 261.24 0 116.27 143.68 0 546.26 157.49 0 481.25 54.33
39 4 0 603.73 69.97 0 191.22 271.23 0 477.50 61.20 0 266.28 570.16
40 7 0 602.52 72.36 0 266.24 566.25 0 125.01 147.53 0 540.01 165.00 0 193.76 273.77 0 476.26 63.59 0 583.29 30.61
41 6 0 260.01 562.08 0 596.22 71.24 0 186.77 274.38 0 470.49 63.74 0 576.26 28.86 0 122.49 146.37
42 5 0 593.74 74.84 0 258.75 558.76 0 467.49 67.51 0 186.20 277.72 0 573.75 33.73
43 5 0 467.51 69.99 0 591.30 78.06 0 258.75 558.74 0 529.98 172.63 0 183.74 281.29
44 5 0 589.99 76.25 0 183.57 281.29 0 257.37 551.23 0 525.27 170.06 0 463.74 68.74
45 4 0 586.25 81.25 0 253.74 550.00 0 181.25 286.26 0 255.13 550.16
46 8 0 588.63 83.79 0 256.28 548.75 0 183.73 291.26 0 461.23 77.50 0 450.06 237.51 0 145.87 148.74 0 568.77 41.26 0 143.71 148.76
47 6 0 584.98 87.44 0 253.75 547.53 0 562.51 44.99 0 181.24 294.90 0 146.25 151.24 0 509.77 261.25
48 6 0 580.00 88.74 0 251.26 543.75 0 176.25 298.76 0 453.75 81.22 0 147.51 151.23 0 558.74 48.76
49 5 0 578.61 86.25 0 248.79 536.28 0 176.26 296.25 0 150.02 147.43 0 452.47 81.29
50 5 0 578.79 91.26 0 452.50 85.00 0 251.22 536.25 0 178.75 303.45 0 158.74 151.23
