1 0
2 1 0 548.84 275.03
3 4 0 547.49 277.49 0 101.23 597.50 0 138.30 117.49 0 317.50 510.06
4 6 0 318.63 510.00 0 547.50 276.29 0 138.76 118.75 0 101.70 594.76 0 593.74 548.73 0 146.67 328.80
5 4 0 319.25 508.78 0 138.75 119.84 0 102.13 593.77 0 546.30 275.01
6 3 0 138.75 121.26 0 321.25 508.73 0 103.69 591.24
7 4 0 138.74 123.76 0 323.75 507.48 0 103.74 590.95 0 543.14 273.76
8 5 0 325.12 507.50 0 106.25 589.89 0 138.75 126.26 0 541.24 271.24 0 541.24 273.71
9 6 0 106.25 586.26 0 138.75 128.77 0 538.76 271.25 0 326.26 506.27 0 611.18 450.02 0 328.60 506.28
10 5 0 138.75 128.98 0 328.78 506.26 0 106.24 583.73 0 538.78 269.99 0 106.26 586.24
11 5 0 138.76 131.25 0 106.26 583.73 0 533.70 269.98 0 328.76 503.74 0 328.85 505.38
12 4 0 532.49 269.99 0 138.75 133.75 0 107.32 581.32 0 333.40 503.73
13 6 0 530.00 267.49 0 108.75 578.75 0 333.74 503.67 0 138.75 136.25 0 138.75 134.49 0 67.54 530.03
14 4 0 528.80 267.47 0 336.27 503.71 0 108.74 577.71 0 138.76 137.26
15 4 0 138.76 140.01 0 108.73 576.26 0 336.26 501.34 0 528.76 266.24
16 5 0 138.74 141.26 0 336.29 501.28 0 111.22 573.74 0 526.25 266.26 0 507.49 277.47
17 4 0 111.21 573.75 0 138.74 143.75 0 341.25 498.56 0 523.73 263.77
18 6 0 521.25 263.74 0 341.25 498.76 0 138.76 146.24 0 111.26 571.26 0 138.76 143.76 0 113.72 571.26
19 4 0 138.76 148.51 0 343.71 498.77 0 113.75 568.84 0 521.24 263.72
20 8 0 138.75 148.75 0 346.25 496.27 0 518.74 261.25 0 437.49 117.51 0 113.73 566.46 0 111.26 568.76 0 110.00 452.50 0 113.68 568.74
21 4 0 140.06 151.26 0 113.69 566.12 0 346.33 496.25 0 517.49 261.22
22 8 0 113.73 563.76 0 141.19 153.76 0 513.74 261.27 0 58.74 456.25 0 348.81 496.30 0 141.23 151.34 0 511.28 261.26 0 348.89 494.59
23 6 0 114.99 562.51 0 141.25 155.01 0 511.19 261.22 0 621.27 433.75 0 513.58 261.20 0 348.78 496.27
24 4 0 141.25 157.38 0 116.24 561.24 0 511.21 259.22 0 619.64 431.27
25 5 0 141.25 157.56 0 116.20 557.51 0 618.74 431.25 0 354.92 493.77 0 508.74 257.17
26 5 0 117.49 557.50 0 141.26 161.29 0 616.26 431.25 0 353.79 493.78 0 507.47 257.83
27 8 0 613.75 431.24 0 141.24 163.78 0 116.33 554.46 0 356.34 493.73 0 503.74 256.32 0 63.71 451.25 0 358.37 496.22 0 66.24 451.24
28 5 0 611.26 430.01 0 141.25 166.24 0 361.96 492.55 0 117.48 553.73 0 503.65 256.26
29 5 0 610.01 430.00 0 362.50 492.51 0 117.48 551.23 0 501.11 256.26 0 141.24 166.24
30 5 0 608.77 429.12 0 118.73 549.38 0 498.76 256.25 0 363.68 492.51 0 141.30 169.98
31 9 0 622.50 248.24 0 606.25 428.81 0 365.01 492.50 0 118.74 547.27 0 556.27 16.26 0 141.25 171.26 0 498.74 253.75 0 607.49 430.00 0 550.02 381.19
32 8 0 619.99 247.49 0 603.78 428.75 0 557.47 18.76 0 143.74 172.48 0 365.55 492.49 0 121.24 546.26 0 493.80 253.55 0 495.67 253.16
33 8 0 618.74 246.22 0 603.73 428.74 0 176.26 16.26 0 555.00 20.01 0 121.25 543.74 0 493.73 252.96 0 368.75 492.48 0 143.71 176.25
34 10 0 17.49 227.45 0 176.26 18.59 0 617.51 246.25 0 601.25 428.75 0 490.00 252.51 0 121.25 543.34 0 553.79 21.26 0 143.73 176.25 0 370.00 492.49 0 150.00 387.52
35 8 0 19.25 227.53 0 615.00 245.01 0 122.49 541.23 0 598.73 427.50 0 489.98 252.50 0 177.44 19.95 0 143.73 178.76 0 553.77 23.58
36 10 0 21.26 227.58 0 612.92 243.76 0 596.24 427.52 0 177.51 21.25 0 122.51 538.75 0 489.03 250.35 0 551.26 23.74 0 143.74 181.28 0 373.22 489.90 0 486.40 250.02
37 11 0 611.25 243.75 0 22.48 228.74 0 595.00 427.51 0 485.00 252.48 0 178.74 23.74 0 551.23 26.26 0 372.48 489.99 0 122.50 536.28 0 143.73 183.76 0 466.58 636.25 0 51.20 528.87
38 8 0 610.02 243.32 0 24.93 228.73 0 549.99 27.48 0 593.76 426.26 0 178.75 25.10 0 483.92 250.93 0 123.74 536.23 0 143.73 186.27
39 8 0 26.27 228.74 0 178.76 26.23 0 607.50 242.51 0 548.50 28.73 0 482.52 250.27 0 591.22 426.27 0 123.77 533.75 0 143.74 186.26
40 8 0 28.73 229.90 0 606.24 242.41 0 179.16 28.75 0 547.48 30.00 0 588.74 426.28 0 126.23 532.12 0 478.72 251.27 0 146.26 188.73
41 8 0 30.00 230.00 0 603.75 241.27 0 179.99 30.58 0 125.00 529.99 0 477.50 250.00 0 548.73 31.24 0 586.25 426.26 0 147.51 189.97
42 9 0 602.48 239.96 0 32.46 229.98 0 180.01 32.49 0 546.24 33.76 0 475.01 249.77 0 125.02 528.82 0 586.28 424.17 0 146.31 193.77 0 585.11 425.64
43 8 0 33.74 230.00 0 181.25 33.71 0 600.11 239.97 0 583.74 423.75 0 146.30 195.01 0 546.24 35.04 0 125.99 526.23 0 473.74 248.80
44 10 0 181.25 36.24 0 35.18 230.10 0 597.52 239.99 0 146.26 196.25 0 581.23 423.73 0 128.76 523.75 0 473.09 249.16 0 543.76 36.59 0 471.32 249.17 0 124.98 347.51
45 8 0 37.53 231.22 0 597.00 238.76 0 182.40 38.73 0 147.47 197.51 0 543.74 38.76 0 578.98 424.74 0 128.76 523.75 0 471.15 248.75
46 9 0 594.99 237.52 0 40.01 231.25 0 182.50 41.22 0 467.49 250.01 0 577.68 422.68 0 128.74 522.24 0 148.74 201.24 0 543.73 41.26 0 126.31 521.32
47 8 0 592.50 237.50 0 41.60 231.25 0 183.71 41.27 0 147.49 202.50 0 576.26 422.49 0 541.24 42.49 0 467.46 249.04 0 128.78 518.74
48 8 0 590.12 236.23 0 183.75 43.74 0 42.63 231.49 0 148.74 202.51 0 540.00 42.51 0 573.73 422.17 0 128.76 518.75 0 463.75 246.25
49 8 0 589.96 235.38 0 183.74 46.26 0 45.00 232.52 0 149.97 204.99 0 571.29 421.26 0 540.01 45.01 0 131.20 515.19 0 461.28 246.23
50 9 0 587.50 235.03 0 47.43 232.49 0 570.01 421.23 0 183.73 48.78 0 460.01 245.00 0 131.25 513.76 0 149.98 208.77 0 184.97 47.50 0 538.75 46.23
