1 0
2 4 0 403.77 474.65 0 503.73 336.20 0 505.00 335.28 0 522.51 498.75
3 4 0 401.26 473.77 0 502.48 332.55 0 518.72 498.76 0 355.99 75.04
4 4 0 398.72 473.79 0 499.99 330.00 0 516.24 498.74 0 353.97 76.25
5 6 0 393.75 473.78 0 498.74 328.75 0 351.23 78.74 0 623.73 501.26 0 513.74 498.75 0 106.24 461.24
6 5 0 391.26 473.93 0 347.51 82.49 0 496.25 326.23 0 508.75 498.65 0 392.50 475.03
7 5 0 387.49 473.77 0 493.71 321.49 0 506.25 496.27 0 617.32 501.28 0 343.75 85.00
8 5 0 383.74 473.78 0 491.24 320.44 0 503.72 496.25 0 343.17 86.20 0 612.49 501.18
9 5 0 381.24 473.75 0 488.76 318.75 0 500.01 496.28 0 9.73 507.58 0 341.25 88.76
10 7 0 486.23 316.26 0 27.49 202.50 0 377.49 473.77 0 338.76 90.24 0 606.55 501.91 0 496.25 493.76 0 608.21 501.55
11 5 0 373.74 473.76 0 483.74 315.01 0 493.75 496.26 0 336.25 91.87 0 493.73 494.26
12 5 0 370.02 473.78 0 490.00 493.72 0 481.25 311.26 0 481.25 313.39 0 333.75 96.24
13 6 0 366.26 473.76 0 485.00 492.51 0 478.73 308.75 0 596.28 503.75 0 331.23 96.46 0 37.48 202.48
14 7 0 363.75 473.77 0 476.26 307.67 0 483.84 493.66 0 329.98 99.99 0 517.49 602.52 0 593.73 503.73 0 38.72 201.26
15 6 0 482.50 492.49 0 360.00 473.75 0 473.75 303.75 0 41.45 201.25 0 326.24 101.24 0 595.13 502.23
16 5 0 477.49 492.48 0 43.77 201.19 0 586.74 501.25 0 356.25 471.24 0 471.25 303.74
17 5 0 353.75 473.75 0 470.00 300.01 0 475.02 490.02 0 352.47 473.20 0 322.49 106.48
18 7 0 349.99 472.51 0 318.70 108.89 0 466.24 298.53 0 473.74 489.33 0 580.69 505.31 0 471.64 489.56 0 580.69 503.32
19 7 0 468.75 488.86 0 346.27 471.69 0 317.49 110.01 0 465.21 296.24 0 578.64 503.75 0 463.91 294.90 0 56.27 198.77
20 4 0 56.24 198.73 0 343.72 471.26 0 463.21 292.96 0 573.74 503.60
21 5 0 460.00 291.27 0 338.74 471.25 0 61.23 198.75 0 571.18 503.74 0 313.75 115.02
22 6 0 336.26 471.24 0 458.74 486.26 0 310.01 117.52 0 458.75 288.77 0 63.69 198.72 0 335.03 472.52
23 5 0 332.51 471.27 0 563.56 503.68 0 456.26 286.24 0 456.26 484.11 0 453.74 485.01
24 7 0 328.76 471.26 0 452.53 484.97 0 453.75 284.70 0 69.42 198.66 0 306.50 122.51 0 561.24 503.75 0 69.48 200.09
25 6 0 326.23 471.25 0 451.25 282.51 0 450.00 483.75 0 556.21 503.54 0 303.73 125.00 0 73.74 198.77
26 4 0 321.28 471.25 0 449.24 278.74 0 76.19 197.51 0 448.76 482.07
27 5 0 318.75 471.24 0 442.52 482.50 0 77.51 197.52 0 446.24 277.50 0 298.77 128.76
28 6 0 315.04 471.25 0 445.00 275.01 0 438.75 481.23 0 83.90 201.92 0 548.76 500.67 0 438.74 479.11
29 5 0 312.48 471.25 0 436.26 478.76 0 441.23 272.94 0 543.73 503.75 0 333.76 461.26
30 6 0 308.74 471.25 0 435.01 477.52 0 362.51 140.00 0 441.23 271.20 0 438.76 271.17 0 540.00 503.75
31 8 0 437.50 267.52 0 303.73 471.23 0 536.26 503.76 0 288.75 138.25 0 361.23 138.80 0 431.22 476.49 0 358.86 138.16 0 536.21 505.68
32 5 0 301.26 470.87 0 428.61 476.36 0 434.97 266.26 0 286.22 140.02 0 533.75 503.75
33 5 0 298.74 471.21 0 431.22 263.66 0 426.65 475.36 0 446.28 471.19 0 528.90 503.72
34 5 0 431.21 260.05 0 421.25 473.88 0 293.75 468.81 0 294.97 469.94 0 282.43 146.51
35 8 0 291.25 469.86 0 428.66 258.29 0 418.75 471.24 0 278.70 148.75 0 52.50 20.00 0 523.76 506.24 0 523.77 503.77 0 621.27 318.77
36 5 0 288.76 468.94 0 416.27 471.22 0 287.50 469.87 0 426.25 256.27 0 521.26 506.26
37 7 0 285.03 469.98 0 618.77 318.74 0 423.74 253.73 0 412.48 470.00 0 273.73 151.26 0 531.87 511.26 0 518.60 506.01
38 6 0 281.25 468.76 0 408.78 468.71 0 421.25 251.24 0 511.23 506.28 0 616.26 318.82 0 616.23 320.87
39 6 0 277.51 468.75 0 418.78 248.76 0 610.69 319.08 0 406.23 466.51 0 509.98 506.27 0 269.95 157.50
40 6 0 273.74 468.74 0 402.53 467.49 0 416.27 246.26 0 267.48 157.49 0 608.74 318.78 0 606.83 318.75
41 8 0 271.25 468.76 0 416.29 243.78 0 606.15 318.77 0 401.26 466.27 0 503.74 506.28 0 122.52 194.37 0 503.74 503.91 0 401.25 463.85
42 8 0 267.49 468.77 0 412.51 242.50 0 499.37 506.25 0 602.33 318.75 0 398.74 463.73 0 187.46 242.82 0 263.55 163.75 0 398.72 466.19
43 6 0 263.74 468.76 0 260.00 165.01 0 408.85 241.17 0 496.26 506.26 0 396.08 462.90 0 598.74 321.22
44 7 0 261.24 468.77 0 492.52 506.36 0 406.35 238.75 0 408.60 238.75 0 596.25 318.75 0 393.76 460.18 0 391.21 460.39
45 7 0 257.52 468.76 0 406.18 236.23 0 490.02 507.48 0 388.76 458.89 0 593.75 318.75 0 253.65 168.87 0 253.43 166.54
46 8 0 253.76 468.74 0 588.77 318.76 0 486.23 506.28 0 403.75 233.68 0 386.24 456.29 0 139.96 191.23 0 403.74 231.28 0 551.02 627.35
47 6 0 251.24 468.73 0 482.52 507.52 0 587.48 317.49 0 398.89 231.21 0 381.53 456.25 0 141.25 193.76
48 5 0 246.22 467.60 0 397.49 227.56 0 478.74 506.25 0 583.74 318.75 0 381.26 453.78
49 7 0 581.24 318.74 0 243.76 467.79 0 396.04 226.13 0 476.24 506.27 0 378.77 452.50 0 245.01 179.89 0 99.98 427.54
50 6 0 238.74 467.72 0 393.77 223.74 0 473.75 506.27 0 373.75 451.26 0 577.40 318.73 0 610.02 162.50
