1 0
2 2 0 245.93 56.31 0 253.74 547.43
3 2 0 463.75 490.10 0 346.25 26.27
4 1 0 451.41 576.26
5 1 0 572.50 482.52
6 1 0 451.05 573.19
7 1 0 449.98 573.64
8 3 0 448.77 573.73 0 446.19 573.77 0 245.00 547.52
9 1 0 444.99 571.38
10 1 0 443.76 568.74
11 2 0 441.26 568.73 0 329.99 506.49
12 1 0 441.29 568.74
13 2 0 438.75 568.74 0 259.81 609.92
14 2 0 437.48 568.78 0 438.46 566.28
15 0
16 0
17 0
18 0
19 1 0 426.33 563.76
20 5 0 18.72 558.75 0 426.23 564.83 0 509.99 29.93 0 423.98 564.85 0 17.54 560.00
21 2 0 18.75 558.84 0 423.73 563.75
22 2 0 423.70 563.76 0 22.10 558.76
23 2 0 420.02 562.53 0 23.74 558.53
24 2 0 26.26 557.48 0 418.74 561.27
25 2 0 27.49 557.49 0 418.50 561.24
26 3 0 28.74 556.26 0 416.21 559.90 0 414.79 561.01
27 2 0 31.23 556.25 0 413.72 561.26
28 2 0 411.22 558.74 0 34.54 556.25
29 3 0 410.02 557.51 0 34.99 554.99 0 250.00 109.99
30 2 0 37.49 555.01 0 410.00 557.72
31 2 0 38.72 553.85 0 406.20 556.19
32 4 0 41.25 553.74 0 30.00 237.49 0 404.03 555.30 0 405.03 551.97
33 6 0 402.51 556.24 0 43.77 553.74 0 621.89 441.24 0 51.18 466.23 0 51.23 463.75 0 29.99 237.48
34 4 0 401.23 556.23 0 16.26 171.28 0 46.23 551.23 0 46.22 553.01
35 5 0 397.48 555.02 0 18.75 171.26 0 618.73 441.26 0 48.74 551.22 0 48.77 553.69
36 4 0 19.97 171.25 0 50.17 551.24 0 616.26 441.26 0 397.52 553.77
37 7 0 50.98 550.99 0 21.25 171.25 0 396.25 553.69 0 612.54 438.73 0 396.25 551.37 0 490.09 451.26 0 613.60 440.05
38 5 0 23.74 171.25 0 52.50 549.53 0 611.25 438.76 0 393.86 550.61 0 38.74 233.78
39 5 0 608.76 438.74 0 26.25 171.25 0 393.74 551.24 0 56.21 548.78 0 53.86 548.74
40 5 0 27.48 171.25 0 56.26 548.75 0 608.75 438.75 0 391.25 551.24 0 391.25 553.73
41 6 0 31.23 171.27 0 58.76 548.74 0 606.24 438.75 0 45.39 230.05 0 388.64 553.76 0 388.74 551.24
42 7 0 387.48 549.98 0 60.70 548.77 0 603.75 438.74 0 46.18 231.21 0 33.74 171.25 0 31.35 171.26 0 326.24 501.23
43 5 0 33.75 171.26 0 602.50 438.75 0 63.74 546.35 0 386.24 549.00 0 46.19 229.99
44 5 0 36.29 171.27 0 598.73 438.73 0 66.23 545.98 0 383.72 548.67 0 64.92 545.14
45 6 0 38.74 171.25 0 598.73 438.75 0 51.28 226.86 0 67.59 546.23 0 383.71 547.51 0 67.64 543.81
46 6 0 41.23 171.26 0 596.25 438.75 0 381.24 546.24 0 52.53 227.51 0 67.59 545.34 0 203.82 346.25
47 8 0 41.28 171.23 0 593.79 436.28 0 380.01 547.04 0 71.21 543.27 0 122.52 189.95 0 53.75 226.34 0 137.59 505.64 0 271.23 489.98
48 7 0 43.75 171.19 0 71.22 543.74 0 591.22 437.47 0 376.22 546.23 0 56.26 226.25 0 374.31 546.24 0 593.71 437.60
49 9 0 589.99 437.49 0 73.76 541.25 0 373.75 543.73 0 48.75 170.21 0 46.22 169.78 0 71.34 541.25 0 57.73 223.77 0 57.68 226.21 0 375.80 543.36
50 10 0 588.73 436.26 0 76.23 541.27 0 404.99 237.49 0 373.67 543.74 0 122.48 29.91 0 92.71 488.97 0 48.74 170.43 0 46.32 170.57 0 58.74 223.75 0 250.01 100.01
