1 0
2 4 0 532.13 103.74 0 370.01 18.74 0 583.74 52.53 0 608.74 316.55
3 6 0 528.76 106.27 0 366.24 21.22 0 602.51 317.49 0 578.76 52.58 0 170.96 389.99 0 554.97 429.47
4 6 0 536.27 113.76 0 610.01 324.11 0 373.70 27.49 0 586.22 58.76 0 583.83 58.76 0 3.01 507.26
5 4 0 527.49 112.52 0 363.75 27.53 0 573.76 56.27 0 601.24 323.74
6 4 0 530.02 118.76 0 366.23 33.75 0 602.50 328.85 0 574.02 62.49
7 4 0 528.74 116.21 0 363.76 31.25 0 571.25 58.75 0 598.74 326.25
8 4 0 371.89 28.74 0 577.51 52.51 0 536.25 112.53 0 606.26 323.74
9 6 0 531.25 115.01 0 366.24 29.98 0 571.26 53.74 0 115.01 435.03 0 601.26 323.76 0 547.49 427.50
10 6 0 532.52 125.00 0 117.52 442.52 0 366.25 39.26 0 569.04 62.33 0 602.49 333.72 0 367.53 39.92
11 6 0 529.94 120.01 0 363.77 34.45 0 116.23 437.49 0 566.23 56.23 0 598.73 331.24 0 541.23 427.54
12 6 0 366.24 41.28 0 532.52 127.22 0 118.55 442.51 0 566.53 61.26 0 602.49 338.74 0 517.51 386.54
13 6 0 531.25 126.25 0 563.75 58.76 0 363.76 41.24 0 173.74 18.76 0 598.69 336.25 0 118.55 438.76
14 6 0 531.26 126.25 0 561.27 56.25 0 173.75 18.76 0 363.75 40.74 0 538.78 426.30 0 631.19 446.24
15 6 0 533.76 122.49 0 563.74 51.38 0 366.25 36.25 0 122.51 429.99 0 602.49 331.68 0 176.34 16.24
16 6 0 532.51 126.24 0 173.75 18.76 0 559.97 53.74 0 596.26 336.26 0 121.26 431.25 0 363.77 41.28
17 6 0 541.25 127.51 0 183.74 18.77 0 566.25 53.75 0 373.28 41.41 0 132.44 431.24 0 346.21 18.73
18 6 0 181.24 18.76 0 538.79 126.28 0 563.26 51.30 0 370.13 42.49 0 73.75 278.74 0 196.07 251.39
19 6 0 370.99 52.50 0 180.00 30.02 0 561.24 61.27 0 538.77 137.75 0 602.50 347.50 0 130.14 437.51
20 6 0 541.25 130.01 0 181.25 23.75 0 371.05 45.00 0 602.49 338.76 0 561.27 51.26 0 75.00 277.10
21 7 0 556.24 51.25 0 537.51 130.01 0 130.26 427.52 0 368.74 46.25 0 598.72 338.76 0 532.49 419.23 0 177.50 23.75
22 5 0 543.72 137.63 0 373.74 53.77 0 183.74 31.22 0 561.25 57.50 0 603.69 346.11
23 7 0 537.52 142.45 0 176.25 36.24 0 553.67 61.26 0 366.27 58.77 0 597.53 349.97 0 529.77 427.18 0 338.73 23.76
24 6 0 543.74 137.50 0 557.49 53.74 0 372.50 52.53 0 532.50 420.01 0 181.25 30.00 0 603.67 343.75
25 9 0 541.25 146.26 0 553.76 60.00 0 181.25 38.75 0 371.26 61.23 0 139.99 434.98 0 601.26 353.74 0 542.02 145.02 0 531.27 423.76 0 531.26 426.28
26 9 0 542.49 147.55 0 370.53 61.29 0 553.76 59.99 0 181.24 38.73 0 181.16 41.07 0 358.73 51.37 0 168.76 48.81 0 2.93 571.39 0 529.92 426.32
27 6 0 553.77 56.28 0 373.71 60.16 0 545.13 146.26 0 183.73 38.74 0 602.54 355.02 0 532.49 420.01
28 5 0 546.24 51.25 0 538.75 141.26 0 366.24 56.27 0 176.27 33.79 0 84.88 597.51
29 7 0 548.43 60.01 0 542.50 151.23 0 178.76 45.01 0 368.74 66.27 0 141.25 431.23 0 525.46 422.49 0 598.50 358.77
30 7 0 536.26 148.73 0 363.32 61.28 0 540.07 54.89 0 173.75 41.25 0 518.72 416.26 0 590.15 355.06 0 138.54 426.20
31 6 0 538.75 153.77 0 541.25 58.76 0 365.02 68.74 0 517.51 420.00 0 593.80 361.31 0 173.75 46.27
32 6 0 546.26 51.26 0 181.26 41.24 0 546.27 148.76 0 147.50 420.14 0 522.48 412.51 0 2.90 501.03
33 7 0 542.50 148.73 0 541.25 51.26 0 597.48 355.04 0 176.40 41.27 0 368.74 62.36 0 197.51 572.51 0 146.25 418.74
34 7 0 543.75 53.74 0 547.51 153.77 0 181.23 46.27 0 3.24 505.04 0 626.25 41.28 0 346.24 18.75 0 373.74 68.73
35 10 0 541.25 51.26 0 517.49 410.69 0 546.25 152.02 0 598.72 358.74 0 371.25 66.26 0 149.99 418.75 0 621.26 38.75 0 178.75 45.01 0 73.68 276.44 0 3.06 500.63
36 8 0 363.76 73.78 0 537.63 159.99 0 532.52 57.47 0 172.48 52.50 0 612.48 44.99 0 589.98 366.22 0 143.74 421.40 0 509.97 418.76
37 7 0 542.49 153.75 0 534.92 49.98 0 176.26 46.25 0 593.73 361.24 0 368.79 67.47 0 513.79 410.59 0 100.02 517.51
38 6 0 539.57 162.53 0 529.99 56.27 0 363.67 75.38 0 171.26 53.75 0 85.16 139.32 0 23.74 98.76
39 11 0 540.03 157.47 0 529.65 51.23 0 173.73 51.25 0 590.00 364.32 0 364.23 72.42 0 507.49 410.01 0 610.00 42.49 0 46.25 23.73 0 148.73 413.73 0 596.43 562.53 0 148.75 416.26
40 10 0 532.51 58.75 0 544.48 168.73 0 176.27 61.26 0 368.74 81.31 0 340.01 27.51 0 29.17 101.24 0 367.59 80.06 0 193.75 261.25 0 517.76 387.49 0 594.68 373.77
41 7 0 542.32 168.76 0 528.74 58.76 0 365.01 83.76 0 173.73 61.30 0 26.27 101.11 0 591.23 373.71 0 110.01 580.00
42 8 0 539.99 167.21 0 171.26 61.24 0 363.69 81.28 0 524.96 55.93 0 605.01 49.28 0 589.31 373.23 0 46.24 31.25 0 151.23 418.73
43 7 0 548.75 170.05 0 532.43 56.26 0 371.32 83.76 0 178.77 61.33 0 3.06 508.18 0 56.25 33.74 0 147.51 243.69
44 6 0 528.76 50.01 0 547.52 165.03 0 178.75 58.75 0 370.95 78.71 0 2.98 501.16 0 35.01 90.02
45 8 0 539.98 172.52 0 50.01 37.36 0 498.75 411.25 0 171.25 66.27 0 521.09 56.25 0 363.73 86.28 0 153.75 416.29 0 588.73 376.28
46 4 0 539.97 173.25 0 171.25 66.26 0 518.76 55.14 0 363.73 86.27
47 9 0 521.27 58.75 0 545.83 178.75 0 368.74 91.26 0 591.05 382.34 0 603.74 56.25 0 173.75 71.23 0 176.23 71.23 0 161.24 418.73 0 603.76 54.06
48 7 0 549.99 176.54 0 371.25 91.25 0 526.09 56.26 0 178.76 71.21 0 166.19 413.75 0 596.23 381.25 0 61.26 38.77
49 6 0 546.26 171.26 0 518.75 48.75 0 163.42 405.01 0 176.26 63.75 0 368.75 86.26 0 593.80 376.28
50 7 0 547.48 172.51 0 165.00 405.00 0 368.73 86.26 0 518.74 48.76 0 176.26 64.77 0 591.22 378.55 0 61.22 33.81
