1 0
2 0
3 1 0 278.74 18.76
4 1 0 281.26 21.26
5 1 0 281.27 23.73
6 1 0 283.74 26.26
7 1 0 283.75 28.73
8 2 0 284.98 30.01 0 20.00 597.52
9 2 0 286.24 31.26 0 286.24 33.62
10 2 0 286.24 35.05 0 366.20 493.76
11 1 0 288.64 36.27
12 2 0 288.58 38.97 0 287.36 40.01
13 1 0 288.75 41.26
14 1 0 290.01 44.60
15 1 0 290.04 46.26
16 2 0 291.25 48.76 0 18.74 238.76
17 2 0 291.25 50.71 0 20.01 238.74
18 2 0 293.73 53.73 0 21.27 236.27
19 2 0 23.74 236.26 0 293.75 56.25
20 2 0 26.26 233.75 0 293.72 58.74
21 3 0 28.73 233.76 0 296.27 58.76 0 155.00 307.51
22 2 0 296.31 61.25 0 31.22 233.67
23 3 0 296.38 63.76 0 31.27 231.23 0 33.67 231.25
24 2 0 36.24 231.25 0 297.77 66.19
25 2 0 36.25 228.75 0 298.75 68.82
26 2 0 38.72 228.75 0 298.83 71.25
27 2 0 301.24 73.77 0 41.26 226.26
28 3 0 301.25 76.24 0 43.36 226.25 0 28.71 238.67
29 3 0 302.30 78.75 0 44.99 223.93 0 358.44 20.01
30 3 0 46.23 223.74 0 303.74 81.25 0 47.50 225.01
31 2 0 303.74 83.74 0 49.98 221.25
32 2 0 51.25 221.25 0 303.76 84.44
33 2 0 53.74 219.77 0 306.25 88.74
34 2 0 56.27 218.75 0 306.25 88.77
35 3 0 307.50 92.49 0 58.75 218.75 0 109.95 147.54
36 2 0 308.74 93.74 0 58.74 216.40
37 2 0 308.75 96.26 0 62.46 216.26
38 2 0 309.96 98.73 0 63.73 213.78
39 3 0 311.22 101.26 0 66.26 213.75 0 349.99 485.00
40 2 0 68.73 213.75 0 311.24 102.63
41 3 0 70.00 211.26 0 313.60 103.84 0 312.45 104.96
42 2 0 72.55 210.06 0 313.74 107.99
43 3 0 74.83 208.76 0 314.99 109.98 0 132.51 460.00
44 2 0 316.09 113.77 0 76.24 208.04
45 2 0 316.23 113.75 0 78.69 206.26
46 2 0 317.49 116.26 0 80.91 205.46
47 2 0 82.49 203.78 0 317.58 118.74
48 3 0 318.75 121.26 0 84.41 202.51 0 147.69 260.75
49 4 0 318.75 123.74 0 86.25 201.26 0 88.72 201.28 0 297.79 596.28
50 2 0 88.74 201.24 0 321.26 126.25
