1 0
2 1 0 123.76 36.25
3 1 0 126.25 38.75
4 1 0 129.99 42.51
5 1 0 133.75 46.24
6 1 0 137.51 48.76
7 1 0 141.25 52.53
8 1 0 144.94 55.00
9 1 0 148.75 58.75
10 1 0 152.51 61.27
11 2 0 156.23 63.75 0 131.05 52.44
12 1 0 161.25 66.27
13 2 0 165.00 69.98 0 462.51 16.25
14 2 0 463.73 21.26 0 168.80 72.51
15 4 0 173.75 74.94 0 463.75 26.29 0 623.73 146.27 0 147.50 92.46
16 3 0 618.75 143.74 0 177.65 77.25 0 466.26 31.23
17 3 0 466.26 36.26 0 181.24 80.01 0 613.74 143.73
18 3 0 467.49 42.52 0 186.24 83.74 0 608.77 141.26
19 4 0 191.23 85.02 0 468.75 46.24 0 603.76 141.27 0 467.48 47.49
20 3 0 468.73 51.25 0 195.00 87.16 0 598.73 138.75
21 4 0 198.74 90.04 0 471.11 56.26 0 593.76 138.75 0 469.95 55.00
22 3 0 202.48 92.57 0 471.22 61.26 0 588.75 138.76
23 3 0 583.74 136.26 0 207.27 93.75 0 473.73 66.27
24 3 0 212.35 96.25 0 578.75 136.26 0 473.74 71.25
25 3 0 474.91 76.25 0 216.31 98.75 0 573.75 136.26
26 4 0 476.23 81.25 0 221.25 101.25 0 569.15 133.77 0 569.80 134.93
27 4 0 476.24 86.25 0 563.76 133.74 0 622.49 117.53 0 226.01 102.49
28 5 0 477.48 91.26 0 618.75 121.24 0 229.58 104.45 0 558.75 133.76 0 597.49 364.65
29 5 0 233.75 106.25 0 554.99 132.51 0 616.26 123.76 0 478.73 96.27 0 42.50 35.01
30 4 0 238.74 108.75 0 548.74 132.50 0 478.75 101.26 0 612.45 127.76
31 5 0 608.76 131.13 0 243.76 109.38 0 481.27 106.27 0 546.24 131.24 0 544.11 131.26
32 4 0 481.26 111.25 0 605.00 133.74 0 538.74 131.24 0 247.49 111.26
33 6 0 253.73 113.74 0 482.50 116.20 0 601.26 137.36 0 533.74 131.26 0 536.24 131.26 0 253.19 112.46
34 4 0 483.76 121.26 0 597.44 141.24 0 528.77 131.27 0 258.75 114.71
35 4 0 483.75 126.24 0 261.25 116.25 0 523.77 130.06 0 595.00 143.75
36 5 0 484.99 131.26 0 266.26 117.64 0 591.23 148.16 0 592.49 147.43 0 518.75 128.77
37 4 0 587.50 151.22 0 486.24 136.26 0 271.22 118.75 0 513.78 128.74
38 4 0 510.05 128.79 0 276.26 121.25 0 486.38 141.25 0 584.27 154.88
39 4 0 581.25 157.51 0 281.27 122.51 0 488.76 146.27 0 505.59 128.74
40 4 0 286.23 123.76 0 498.75 128.76 0 488.75 151.22 0 578.75 161.24
41 4 0 291.23 123.76 0 491.22 156.25 0 493.76 128.77 0 574.85 164.97
42 4 0 571.24 168.75 0 491.24 161.27 0 296.26 125.06 0 490.04 129.32
43 4 0 299.97 126.23 0 483.75 128.78 0 492.18 166.26 0 567.51 172.48
44 5 0 493.76 170.32 0 564.97 175.06 0 305.82 126.26 0 478.70 129.01 0 479.84 129.83
45 4 0 561.26 178.76 0 309.98 127.51 0 473.74 129.04 0 493.71 176.25
46 5 0 558.43 181.26 0 468.76 130.02 0 496.26 181.27 0 314.95 128.76 0 402.49 556.40
47 4 0 496.26 186.26 0 553.74 186.21 0 318.73 129.76 0 463.75 131.23
48 4 0 549.99 188.76 0 323.76 130.00 0 458.75 131.28 0 497.53 191.25
49 4 0 328.78 131.25 0 498.74 196.26 0 547.48 191.81 0 453.75 131.26
50 5 0 543.74 195.02 0 498.75 201.26 0 333.76 131.23 0 450.00 131.25 0 52.47 547.16
