1 0
2 0
3 1 0 106.25 470.00
4 1 0 101.26 470.01
5 2 0 13.76 223.72 0 106.27 466.30
6 2 0 18.87 223.71 0 108.62 463.73
7 2 0 107.50 467.53 0 18.75 226.24
8 2 0 18.76 221.77 0 108.73 463.75
9 3 0 26.26 223.74 0 111.13 463.76 0 111.15 465.57
10 3 0 23.74 221.29 0 113.74 460.01 0 111.19 461.01
11 3 0 23.65 223.29 0 111.23 461.26 0 373.75 16.28
12 2 0 23.77 223.54 0 111.24 463.34
13 2 0 28.74 220.01 0 116.25 458.77
14 2 0 31.21 218.78 0 118.78 456.99
15 2 0 28.75 221.27 0 117.49 458.74
16 2 0 33.76 218.75 0 118.74 453.77
17 3 0 37.50 220.00 0 123.44 456.25 0 123.74 454.45
18 3 0 123.74 456.27 0 38.74 223.48 0 3.18 570.34
19 2 0 125.00 452.51 0 38.73 217.50
20 3 0 38.75 223.72 0 123.75 456.23 0 123.76 453.75
21 2 0 41.28 216.28 0 126.24 449.55
22 2 0 126.25 448.76 0 41.26 217.17
23 2 0 132.49 448.92 0 46.25 218.01
24 3 0 133.21 448.76 0 18.88 328.71 0 48.75 218.76
25 3 0 131.21 448.76 0 46.19 220.02 0 16.30 331.25
26 5 0 21.25 331.25 0 50.01 220.00 0 134.66 448.72 0 122.60 30.01 0 136.17 447.51
27 3 0 132.51 445.01 0 19.44 329.00 0 47.07 217.49
28 2 0 133.71 443.76 0 49.91 218.03
29 3 0 51.25 216.26 0 136.25 443.75 0 23.74 329.03
30 3 0 53.66 214.64 0 26.24 328.74 0 137.36 438.75
31 3 0 140.00 437.67 0 56.28 213.76 0 28.76 328.75
32 5 0 61.21 213.73 0 143.74 438.74 0 33.76 329.54 0 31.49 329.94 0 60.22 214.98
33 4 0 143.73 441.25 0 61.25 218.49 0 33.73 332.79 0 31.28 333.54
34 5 0 63.69 213.77 0 33.94 328.73 0 146.26 433.78 0 143.72 433.84 0 33.93 327.14
35 5 0 37.49 330.03 0 147.50 437.50 0 66.25 213.74 0 22.06 326.06 0 525.00 602.50
36 4 0 36.26 332.50 0 63.71 216.26 0 143.74 436.24 0 146.25 436.25
37 4 0 37.47 330.02 0 63.72 211.31 0 143.74 433.74 0 145.99 433.74
38 4 0 42.51 331.26 0 68.86 213.31 0 151.23 433.75 0 514.97 572.50
39 4 0 68.74 211.26 0 149.97 430.02 0 43.74 328.74 0 42.56 327.48
40 3 0 153.75 429.99 0 46.26 328.75 0 71.24 211.26
41 3 0 69.99 212.51 0 42.49 328.82 0 151.22 428.75
42 4 0 45.00 332.51 0 71.22 213.74 0 151.24 431.23 0 153.76 431.24
43 3 0 76.25 210.00 0 50.01 328.81 0 157.48 426.29
44 4 0 156.25 428.74 0 73.76 213.74 0 48.71 331.25 0 46.25 331.25
45 3 0 82.50 212.50 0 53.74 331.41 0 161.25 426.27
46 3 0 77.49 208.75 0 52.01 329.21 0 157.63 423.74
47 3 0 83.76 208.77 0 56.26 328.74 0 162.00 421.25
48 3 0 81.24 208.77 0 161.25 421.26 0 56.27 328.75
49 3 0 61.25 331.25 0 86.25 211.26 0 166.25 423.70
50 4 0 86.24 211.25 0 166.24 422.47 0 61.31 333.78 0 205.02 372.51
