1 0
2 3 0 110.82 129.98 0 138.75 406.25 0 71.23 121.29
3 6 0 74.99 115.00 0 141.26 398.75 0 112.54 125.00 0 21.24 401.24 0 274.99 587.49 0 21.24 398.92
4 4 0 126.25 131.25 0 88.74 118.74 0 153.79 403.73 0 27.50 114.91
5 6 0 91.27 121.29 0 128.78 136.22 0 37.49 397.49 0 157.54 406.14 0 557.51 82.49 0 246.24 21.23
6 3 0 132.52 138.19 0 96.24 122.32 0 95.02 121.37
7 3 0 93.76 116.25 0 130.00 134.99 0 158.73 402.44
8 4 0 140.00 135.00 0 106.26 113.77 0 170.08 398.73 0 46.23 380.01
9 4 0 147.25 142.50 0 111.26 118.74 0 178.77 403.76 0 77.49 115.02
10 4 0 141.41 142.42 0 173.00 401.37 0 108.28 115.89 0 138.73 58.70
11 4 0 117.09 122.48 0 149.98 151.24 0 56.25 381.28 0 181.24 408.77
12 4 0 156.24 145.04 0 124.74 113.70 0 77.62 628.16 0 189.53 401.61
13 4 0 162.48 151.24 0 131.27 116.24 0 70.01 369.97 0 197.47 404.34
14 3 0 166.23 153.74 0 136.25 116.25 0 201.25 403.76
15 3 0 162.51 153.70 0 198.71 402.52 0 134.43 112.53
16 2 0 138.76 121.28 0 167.45 165.03
17 3 0 143.72 121.29 0 170.02 167.52 0 208.76 411.16
18 3 0 153.75 113.78 0 180.01 162.56 0 218.75 403.48
19 4 0 151.20 118.76 0 175.01 172.52 0 83.35 355.00 0 213.78 408.73
20 3 0 178.75 173.75 0 155.01 117.80 0 218.76 408.72
21 4 0 191.27 178.77 0 168.74 118.76 0 167.53 119.97 0 248.77 18.78
22 3 0 194.99 180.03 0 173.76 116.26 0 238.75 406.25
23 4 0 189.96 178.75 0 171.26 112.48 0 236.22 403.76 0 212.43 378.86
24 4 0 195.00 190.02 0 177.17 121.26 0 241.22 413.73 0 106.23 343.31
25 6 0 178.76 118.75 0 195.02 191.32 0 242.58 410.01 0 590.01 180.01 0 38.73 33.77 0 602.51 161.53
26 5 0 192.47 118.76 0 207.16 196.25 0 256.32 411.25 0 597.53 187.37 0 48.77 38.73
27 7 0 208.74 201.26 0 195.14 120.00 0 258.76 412.55 0 124.99 336.27 0 241.25 386.25 0 596.13 191.20 0 595.93 192.83
28 7 0 212.49 196.85 0 201.25 111.25 0 594.99 189.99 0 132.31 324.99 0 48.84 42.48 0 263.76 406.26 0 266.09 406.24
29 6 0 201.25 111.23 0 210.01 200.01 0 129.99 322.54 0 164.99 130.04 0 263.75 406.25 0 43.75 46.24
30 5 0 212.49 203.74 0 206.19 111.26 0 268.73 404.99 0 588.72 197.44 0 142.27 533.28
31 5 0 222.46 212.52 0 217.49 116.25 0 51.28 61.31 0 146.27 323.73 0 281.24 411.26
32 6 0 217.03 220.01 0 212.62 120.00 0 276.27 413.75 0 42.54 68.73 0 277.46 414.99 0 141.25 325.00
33 8 0 226.69 115.05 0 227.49 220.01 0 155.00 317.50 0 289.28 410.00 0 53.25 69.06 0 592.97 217.12 0 591.14 217.35 0 293.34 429.94
34 5 0 231.24 117.50 0 229.99 225.00 0 292.51 412.50 0 52.49 77.50 0 591.10 221.24
35 5 0 226.25 116.26 0 222.76 228.49 0 290.00 411.35 0 155.01 315.02 0 581.25 226.22
36 6 0 233.76 228.75 0 238.73 111.25 0 52.51 82.51 0 303.59 408.75 0 239.97 112.47 0 166.23 308.71
37 5 0 235.00 240.01 0 243.77 118.77 0 171.27 315.07 0 306.25 416.25 0 202.40 27.74
38 6 0 240.05 115.02 0 229.98 239.88 0 168.86 308.88 0 44.99 92.50 0 578.76 237.53 0 301.65 411.23
39 6 0 239.99 240.01 0 252.31 111.25 0 316.16 408.72 0 586.24 238.72 0 181.26 303.73 0 53.80 96.28
40 5 0 236.24 245.03 0 251.26 111.24 0 314.98 408.76 0 48.76 98.75 0 181.22 303.60
41 7 0 261.24 111.23 0 242.50 247.80 0 323.55 408.86 0 53.75 103.75 0 226.96 273.73 0 197.49 347.52 0 258.67 11.36
42 6 0 243.75 261.26 0 263.74 120.54 0 193.77 307.88 0 326.23 418.76 0 243.83 21.44 0 242.51 226.31
43 6 0 271.23 119.99 0 248.78 266.25 0 333.76 418.76 0 247.51 265.02 0 56.30 121.39 0 198.77 306.28
44 5 0 268.73 115.03 0 241.25 266.24 0 330.02 412.51 0 196.45 300.66 0 48.76 122.65
45 6 0 276.24 111.25 0 247.01 266.02 0 338.75 409.99 0 203.79 296.30 0 52.49 122.52 0 579.07 267.13
46 5 0 256.26 276.26 0 287.51 116.25 0 217.49 302.32 0 351.24 416.26 0 217.75 303.44
47 4 0 283.75 111.24 0 248.75 276.26 0 346.24 411.26 0 213.76 296.25
48 6 0 293.75 111.19 0 357.48 410.04 0 256.20 278.75 0 257.55 101.91 0 269.93 148.45 0 223.74 292.92
49 5 0 293.72 114.98 0 251.24 288.74 0 353.78 416.24 0 52.48 147.50 0 221.26 296.24
50 6 0 260.01 296.27 0 306.24 118.73 0 234.72 298.75 0 366.23 418.76 0 246.23 21.29 0 248.76 21.32
