1 0
2 3 0 193.75 107.50 0 122.80 569.98 0 77.48 53.72
3 3 0 191.24 108.74 0 121.25 564.79 0 486.23 547.52
4 3 0 191.23 108.74 0 119.27 558.74 0 506.26 558.76
5 3 0 130.02 553.78 0 201.28 111.25 0 517.47 555.00
6 3 0 122.52 553.75 0 193.75 116.30 0 510.46 556.25
7 3 0 132.52 548.75 0 203.75 118.74 0 522.47 549.97
8 3 0 132.51 548.74 0 203.74 123.75 0 6.68 388.66
9 3 0 131.27 547.53 0 203.74 128.75 0 522.48 550.03
10 3 0 130.64 544.98 0 202.52 132.50 0 74.99 82.49
11 5 0 132.49 532.51 0 203.75 126.26 0 73.78 75.04 0 288.70 618.53 0 122.77 635.67
12 3 0 129.12 537.51 0 282.50 623.74 0 201.25 138.75
13 5 0 129.99 534.99 0 282.84 621.25 0 201.27 141.24 0 413.01 19.04 0 67.50 92.39
14 5 0 136.33 531.26 0 208.74 143.75 0 288.78 616.25 0 74.97 92.51 0 132.50 467.48
15 4 0 133.75 528.73 0 283.74 613.75 0 206.24 148.74 0 69.50 98.75
16 3 0 283.75 611.26 0 134.99 526.26 0 206.32 151.24
17 5 0 141.24 518.75 0 213.75 148.76 0 286.24 603.76 0 41.46 623.77 0 140.34 519.97
18 4 0 140.00 511.25 0 285.02 596.26 0 212.56 148.76 0 26.28 37.10
19 6 0 286.24 595.67 0 142.50 510.14 0 216.26 153.77 0 82.53 100.01 0 541.24 445.01 0 546.30 521.20
20 4 0 133.75 507.84 0 276.24 591.25 0 206.24 158.75 0 207.49 158.15
21 4 0 142.32 501.69 0 282.54 586.25 0 216.26 156.26 0 212.83 170.05
22 5 0 141.26 507.50 0 281.25 591.24 0 44.99 611.94 0 216.26 168.76 0 67.52 122.47
23 4 0 283.76 582.51 0 146.16 497.51 0 221.24 166.24 0 48.76 601.29
24 4 0 143.74 491.26 0 279.98 576.13 0 218.76 166.26 0 45.00 595.05
25 4 0 137.54 493.75 0 273.72 577.48 0 212.56 173.76 0 553.74 206.22
26 5 0 281.28 571.26 0 147.51 487.43 0 223.70 173.78 0 70.04 125.18 0 50.01 591.23
27 4 0 271.24 568.76 0 138.83 485.00 0 211.32 148.42 0 372.50 562.51
28 5 0 142.49 478.83 0 273.75 562.80 0 621.25 358.77 0 44.42 581.45 0 61.23 580.01
29 7 0 141.25 482.51 0 271.24 566.25 0 218.76 186.27 0 58.99 588.79 0 42.45 586.30 0 616.26 368.77 0 616.26 366.38
30 6 0 275.00 555.19 0 147.50 472.52 0 618.75 361.25 0 66.32 139.10 0 212.53 171.49 0 223.71 183.78
31 6 0 278.74 557.54 0 152.37 475.01 0 67.51 148.75 0 228.74 191.27 0 618.77 368.75 0 618.77 366.27
32 4 0 269.98 550.56 0 143.75 467.52 0 223.73 191.24 0 606.97 365.38
33 5 0 271.23 554.99 0 147.68 472.76 0 226.27 201.28 0 608.76 373.74 0 606.99 373.76
34 6 0 276.26 547.52 0 155.03 464.93 0 611.24 369.96 0 176.25 490.75 0 233.76 198.75 0 613.69 206.17
35 6 0 151.24 456.24 0 271.23 538.75 0 231.23 198.76 0 67.29 155.07 0 23.75 171.19 0 603.54 368.86
36 4 0 147.50 459.99 0 266.24 542.48 0 228.74 208.73 0 18.76 126.27
37 8 0 156.24 451.25 0 273.76 533.75 0 236.26 206.00 0 67.50 164.95 0 598.55 292.63 0 601.21 371.32 0 598.74 371.35 0 125.39 636.59
38 4 0 157.53 453.75 0 273.88 536.04 0 238.71 212.49 0 421.26 16.27
39 4 0 156.25 445.02 0 238.73 208.77 0 271.23 526.27 0 81.25 162.39
40 5 0 159.99 446.24 0 273.75 528.76 0 243.75 218.76 0 63.74 549.17 0 132.54 289.99
41 3 0 151.24 445.02 0 263.74 526.25 0 235.05 222.50
42 4 0 154.99 443.76 0 238.73 227.02 0 266.20 526.24 0 58.77 546.45
43 5 0 238.72 228.75 0 153.75 438.75 0 261.26 521.23 0 412.52 18.75 0 573.77 383.54
44 4 0 266.25 508.75 0 243.74 223.72 0 157.47 428.20 0 70.00 187.49
45 5 0 163.75 428.76 0 269.98 508.74 0 250.16 228.86 0 73.77 193.77 0 71.24 193.78
46 5 0 246.22 238.74 0 68.74 205.00 0 158.72 432.51 0 263.75 512.55 0 53.72 537.08
47 7 0 266.27 501.27 0 164.76 421.28 0 253.75 233.76 0 253.76 231.62 0 235.17 263.72 0 75.01 197.72 0 148.75 606.24
48 5 0 266.45 498.19 0 166.21 418.00 0 76.24 202.53 0 253.75 236.26 0 256.30 236.22
49 4 0 258.75 495.42 0 158.74 415.78 0 556.25 383.75 0 248.74 238.74
50 4 0 258.75 498.76 0 252.01 250.05 0 161.25 418.74 0 70.20 218.70
