1 0
2 0
3 3 0 486.24 416.23 0 354.96 598.74 0 541.25 328.71
4 3 0 353.74 598.74 0 538.76 328.77 0 483.77 418.76
5 3 0 358.73 593.77 0 483.75 417.49 0 540.97 326.24
6 4 0 356.24 596.24 0 478.74 421.27 0 536.23 328.76 0 535.00 327.50
7 3 0 476.24 418.76 0 356.23 590.60 0 532.49 323.77
8 3 0 356.26 588.73 0 531.20 323.75 0 473.77 421.26
9 3 0 356.26 588.75 0 528.77 323.75 0 471.02 422.59
10 4 0 358.76 581.26 0 528.76 318.74 0 471.24 421.25 0 251.46 547.74
11 3 0 526.24 321.24 0 466.25 423.75 0 358.74 582.46
12 4 0 358.68 578.80 0 521.28 318.74 0 463.74 423.73 0 139.92 148.74
13 5 0 363.68 576.25 0 466.24 424.00 0 525.01 317.52 0 349.62 586.14 0 464.96 425.21
14 6 0 361.26 571.44 0 521.26 313.77 0 461.23 423.74 0 433.75 618.76 0 461.91 425.00 0 431.26 618.76
15 3 0 458.76 429.02 0 431.23 621.25 0 361.25 574.16
16 3 0 458.76 428.78 0 366.22 571.25 0 431.26 618.75
17 4 0 431.19 613.73 0 366.18 566.23 0 456.27 427.47 0 517.56 311.23
18 4 0 361.25 563.75 0 450.10 429.44 0 511.21 309.96 0 423.75 613.77
19 6 0 449.35 428.70 0 511.19 308.75 0 361.30 558.74 0 426.18 608.81 0 362.53 560.09 0 424.26 608.92
20 4 0 446.26 433.75 0 361.26 561.26 0 421.25 612.02 0 507.49 309.99
21 3 0 446.26 430.51 0 366.25 554.93 0 423.73 606.25
22 5 0 366.24 553.76 0 446.19 433.73 0 423.73 606.24 0 506.26 306.28 0 506.24 304.40
23 5 0 420.01 602.43 0 366.20 550.10 0 503.75 303.70 0 441.26 431.26 0 441.25 433.21
24 6 0 378.89 13.61 0 365.03 546.26 0 500.01 301.26 0 437.79 432.42 0 416.28 601.14 0 416.26 599.13
25 6 0 437.50 435.02 0 418.59 598.75 0 382.67 17.49 0 368.74 546.25 0 417.59 600.02 0 501.23 301.27
26 5 0 435.00 438.74 0 368.74 546.24 0 381.25 21.27 0 498.75 301.26 0 416.25 598.75
27 6 0 431.23 433.76 0 495.02 296.30 0 413.74 593.76 0 381.27 19.10 0 368.75 539.23 0 367.09 540.32
28 5 0 368.74 541.28 0 413.72 595.00 0 383.75 26.28 0 429.98 440.17 0 493.73 299.36
29 6 0 411.23 589.94 0 427.49 437.48 0 491.24 296.22 0 368.74 534.81 0 384.92 24.92 0 633.44 580.71
30 7 0 366.23 536.25 0 382.46 31.24 0 406.25 591.23 0 486.25 297.45 0 421.65 441.32 0 426.25 38.75 0 462.63 2.66
31 6 0 386.25 28.76 0 369.58 530.01 0 408.74 586.26 0 486.23 293.71 0 423.75 438.75 0 487.53 292.68
32 5 0 483.75 291.27 0 418.75 438.75 0 368.74 526.49 0 386.15 31.27 0 405.07 583.74
33 10 0 383.73 38.54 0 368.74 528.78 0 481.05 293.77 0 384.99 37.60 0 401.25 583.75 0 517.48 18.74 0 413.74 442.66 0 480.01 294.98 0 401.26 586.24 0 416.25 443.73
34 6 0 371.26 523.75 0 405.00 580.00 0 481.26 291.23 0 388.74 36.28 0 416.27 441.31 0 517.50 18.76
35 7 0 370.87 523.78 0 388.74 43.76 0 478.73 292.48 0 402.49 581.23 0 513.73 23.73 0 466.74 2.43 0 412.34 446.24
36 7 0 371.36 518.74 0 391.23 41.27 0 410.00 442.51 0 515.00 21.24 0 477.49 286.24 0 401.28 576.22 0 401.27 574.08
37 6 0 368.75 518.74 0 386.26 46.24 0 406.21 446.26 0 473.75 288.77 0 396.24 576.26 0 386.82 47.50
38 6 0 368.77 515.33 0 507.50 27.47 0 387.50 46.25 0 395.00 572.72 0 402.48 446.23 0 468.75 286.25
39 6 0 391.25 51.26 0 371.11 514.22 0 396.24 572.49 0 468.75 288.77 0 402.68 449.88 0 508.74 31.25
40 6 0 371.25 508.74 0 391.23 48.77 0 507.50 30.00 0 466.37 281.28 0 398.74 446.25 0 393.75 566.23
41 7 0 371.26 506.28 0 391.22 53.74 0 391.23 563.75 0 463.42 281.65 0 357.48 441.29 0 396.27 448.75 0 492.52 595.00
42 7 0 393.75 563.72 0 508.75 34.99 0 376.27 503.74 0 396.22 56.27 0 398.70 448.78 0 466.24 281.09 0 474.97 27.59
43 7 0 372.53 498.80 0 461.25 278.76 0 393.76 54.06 0 391.24 561.23 0 393.89 55.99 0 393.75 448.74 0 503.76 36.24
44 7 0 371.25 498.76 0 392.30 61.30 0 386.25 561.24 0 458.71 278.73 0 501.25 41.25 0 445.00 107.52 0 389.99 452.52
45 7 0 396.25 61.27 0 387.50 555.02 0 387.50 450.00 0 373.75 494.94 0 458.76 276.24 0 501.25 41.24 0 132.51 307.51
46 6 0 387.59 557.50 0 397.48 67.45 0 376.26 498.76 0 501.24 46.25 0 465.76 2.82 0 385.96 454.04
47 8 0 376.26 491.25 0 398.72 63.71 0 387.50 551.23 0 385.39 450.45 0 454.13 273.05 0 501.24 45.01 0 383.78 450.78 0 454.65 271.26
48 8 0 452.50 269.99 0 376.26 488.77 0 398.73 67.45 0 501.23 46.25 0 381.25 453.75 0 386.28 548.74 0 383.75 548.75 0 220.01 500.02
49 6 0 381.25 548.76 0 496.26 51.25 0 396.25 73.47 0 373.75 488.59 0 376.25 456.25 0 448.75 273.75
50 8 0 373.76 483.77 0 445.00 270.00 0 398.65 73.74 0 496.25 52.10 0 380.00 546.26 0 373.76 456.30 0 397.48 72.48 0 373.76 454.03
