1 0
2 1 0 521.26 488.77
3 1 0 518.74 486.23
4 1 0 516.25 489.38
5 2 0 518.73 491.23 0 67.45 141.26
6 2 0 516.24 488.76 0 490.00 597.49
7 1 0 517.48 477.52
8 1 0 521.29 483.76
9 1 0 513.75 483.75
10 2 0 394.98 623.76 0 522.52 477.50
11 3 0 392.50 616.03 0 518.70 467.50 0 321.25 413.76
12 3 0 389.98 622.49 0 515.23 475.01 0 252.52 172.36
13 2 0 391.24 618.75 0 517.50 471.24
14 4 0 384.95 610.00 0 315.38 412.51 0 510.66 461.27 0 211.28 176.44
15 2 0 389.98 610.00 0 516.24 461.24
16 2 0 380.00 607.49 0 506.47 458.77
17 4 0 377.52 607.50 0 503.76 461.29 0 578.78 508.76 0 37.47 525.00
18 3 0 377.49 602.54 0 618.76 171.36 0 503.75 453.76
19 3 0 379.99 608.77 0 618.77 181.26 0 507.90 461.21
20 3 0 382.50 606.25 0 621.25 181.23 0 508.75 456.89
21 4 0 382.49 596.24 0 620.12 176.24 0 508.75 448.76 0 621.21 174.97
22 3 0 382.28 597.52 0 618.79 178.75 0 508.75 449.24
23 3 0 376.27 590.09 0 611.24 176.24 0 501.49 441.27
24 3 0 372.27 597.50 0 498.75 448.76 0 606.23 186.27
25 5 0 378.75 589.94 0 611.30 180.01 0 321.28 413.73 0 589.11 503.75 0 321.66 416.18
26 3 0 367.50 592.47 0 496.26 443.78 0 601.27 186.28
27 4 0 373.89 592.47 0 501.24 443.75 0 606.19 188.75 0 608.71 188.75
28 3 0 367.49 582.50 0 598.72 181.25 0 493.63 433.76
29 4 0 364.98 584.98 0 596.25 187.53 0 489.99 436.25 0 578.75 509.52
30 6 0 370.01 577.51 0 626.24 274.08 0 496.26 428.73 0 598.73 183.41 0 601.17 183.62 0 624.97 275.00
31 5 0 371.25 576.24 0 626.26 276.25 0 598.72 186.23 0 498.42 428.75 0 21.25 282.50
32 5 0 362.52 574.97 0 391.23 621.25 0 591.17 187.49 0 488.77 426.26 0 616.27 276.22
33 6 0 369.48 577.51 0 621.25 281.25 0 492.49 429.98 0 596.25 193.75 0 398.74 623.75 0 597.49 147.50
34 6 0 362.48 568.75 0 393.75 613.73 0 588.76 187.52 0 488.75 420.93 0 613.71 273.75 0 613.73 271.89
35 6 0 365.11 574.99 0 490.00 427.51 0 589.98 197.50 0 398.74 621.27 0 613.76 281.24 0 616.25 281.26
36 5 0 366.26 568.76 0 490.05 420.02 0 401.26 613.75 0 613.75 276.25 0 589.96 193.74
37 6 0 362.50 571.33 0 608.79 281.26 0 398.75 616.25 0 488.74 423.74 0 587.50 557.49 0 486.23 423.73
38 6 0 355.01 565.02 0 391.24 608.74 0 598.73 276.25 0 478.73 416.27 0 576.44 195.18 0 102.34 6.14
39 5 0 358.75 567.51 0 396.24 612.50 0 602.51 281.25 0 482.49 421.26 0 582.35 201.27
40 7 0 357.48 556.25 0 598.74 268.75 0 481.31 408.80 0 578.75 193.73 0 578.76 191.86 0 395.07 599.92 0 155.87 267.53
41 6 0 353.76 554.99 0 593.77 270.96 0 476.25 406.24 0 393.76 598.76 0 572.56 196.23 0 476.86 407.50
42 5 0 349.98 555.88 0 391.25 598.75 0 588.76 273.72 0 473.75 408.77 0 471.27 408.77
43 6 0 348.74 556.72 0 586.26 276.25 0 566.24 203.76 0 391.24 598.76 0 471.23 409.99 0 157.51 150.01
44 6 0 352.49 557.52 0 588.75 278.75 0 396.25 601.24 0 475.00 411.46 0 569.73 206.25 0 570.41 208.73
45 5 0 347.49 547.50 0 470.00 402.52 0 391.23 590.02 0 582.54 269.95 0 563.75 201.21
46 8 0 348.76 544.18 0 393.75 586.26 0 349.95 545.00 0 471.19 398.74 0 583.70 268.74 0 168.75 143.75 0 563.75 201.20 0 563.74 198.78
47 6 0 352.47 542.56 0 586.27 268.77 0 398.72 586.26 0 473.74 397.47 0 568.75 201.29 0 566.25 201.25
48 7 0 343.07 544.95 0 556.24 205.02 0 391.21 586.24 0 573.76 271.23 0 168.79 148.74 0 463.75 397.51 0 575.03 272.47
49 7 0 352.48 542.51 0 399.09 583.74 0 581.24 271.27 0 473.75 396.26 0 321.55 416.70 0 565.04 206.24 0 471.40 396.26
50 9 0 341.24 539.99 0 388.76 580.27 0 459.24 393.78 0 568.75 271.13 0 517.48 442.53 0 551.19 208.79 0 341.29 276.18 0 567.64 272.25 0 609.98 109.90
