1 0
2 5 0 151.25 311.24 0 393.75 138.75 0 189.99 562.52 0 109.99 237.50 0 590.02 49.98
3 5 0 151.24 313.75 0 393.75 141.25 0 588.90 50.02 0 191.24 561.27 0 110.58 237.50
4 7 0 151.25 317.51 0 393.77 143.75 0 587.48 52.51 0 193.77 561.23 0 113.75 237.52 0 153.76 557.50 0 151.25 558.62
5 8 0 393.82 148.04 0 151.29 321.27 0 115.00 242.52 0 17.52 192.50 0 155.03 555.01 0 197.50 558.74 0 583.74 53.74 0 152.10 320.01
6 7 0 20.01 193.76 0 393.93 151.25 0 117.50 245.01 0 151.31 323.76 0 157.51 555.00 0 201.26 557.49 0 581.25 56.27
7 7 0 23.74 196.25 0 396.26 153.75 0 202.54 555.20 0 152.57 326.73 0 578.76 58.76 0 161.26 551.26 0 564.59 323.49
8 8 0 26.24 197.51 0 396.24 157.50 0 152.50 329.99 0 122.53 250.00 0 164.85 550.02 0 206.25 553.76 0 573.75 58.77 0 576.26 58.77
9 8 0 29.93 198.77 0 152.49 333.71 0 396.24 161.28 0 165.02 547.53 0 125.00 251.03 0 572.51 61.22 0 209.98 553.76 0 61.25 623.74
10 9 0 396.26 163.76 0 152.50 336.52 0 32.48 199.98 0 212.49 550.55 0 307.51 107.50 0 128.76 253.75 0 568.74 63.76 0 63.56 621.26 0 169.97 546.28
11 9 0 34.97 201.65 0 152.49 340.01 0 396.24 166.25 0 131.27 256.25 0 396.90 167.52 0 566.23 63.76 0 171.25 543.74 0 314.98 107.50 0 216.25 548.75
12 9 0 38.52 202.54 0 153.77 343.72 0 397.42 170.02 0 562.53 66.83 0 317.49 107.50 0 218.76 547.50 0 63.74 613.77 0 133.74 258.74 0 173.76 541.26
13 10 0 41.25 205.01 0 397.49 173.75 0 153.73 347.13 0 221.25 547.13 0 136.26 261.27 0 561.24 68.17 0 176.26 539.99 0 321.39 107.48 0 66.26 611.26 0 63.72 611.26
14 9 0 44.99 206.26 0 397.51 176.29 0 153.75 349.99 0 557.50 69.98 0 138.74 263.74 0 322.50 107.49 0 178.80 538.75 0 66.24 606.24 0 223.75 546.26
15 9 0 398.72 180.00 0 153.74 353.74 0 47.48 207.49 0 555.01 69.98 0 66.24 604.80 0 141.17 266.26 0 228.75 543.73 0 326.24 107.35 0 181.25 536.86
16 9 0 153.74 356.25 0 398.75 183.74 0 50.00 208.77 0 67.49 602.28 0 143.73 268.24 0 330.01 107.53 0 231.23 541.24 0 551.24 73.77 0 186.23 532.50
17 8 0 398.73 186.26 0 52.50 210.06 0 153.76 360.00 0 187.48 530.35 0 548.71 75.01 0 67.99 598.75 0 233.74 540.00 0 146.26 271.24
18 11 0 153.74 362.51 0 56.66 212.55 0 398.75 190.01 0 68.80 595.00 0 189.97 530.01 0 237.48 538.75 0 546.25 76.24 0 148.72 271.24 0 336.27 108.76 0 148.72 273.72 0 334.03 108.51
19 10 0 59.82 213.78 0 153.76 366.27 0 149.99 275.01 0 398.73 192.48 0 69.11 591.24 0 543.71 78.73 0 193.75 528.76 0 241.25 538.75 0 315.00 115.01 0 340.00 107.38
20 8 0 154.99 369.81 0 62.50 214.96 0 71.24 588.75 0 398.73 196.24 0 196.26 524.99 0 243.75 536.27 0 153.80 276.26 0 538.75 81.25
21 9 0 154.99 372.49 0 65.00 215.65 0 399.99 198.76 0 197.50 522.50 0 156.26 278.76 0 536.25 81.29 0 71.24 586.25 0 246.23 533.74 0 246.23 536.21
22 8 0 67.49 217.52 0 154.99 376.28 0 157.49 282.52 0 400.92 202.50 0 248.74 533.77 0 201.39 521.30 0 533.75 83.75 0 71.26 581.26
23 8 0 155.00 378.74 0 72.02 218.70 0 530.00 85.00 0 252.50 532.25 0 202.50 517.49 0 401.26 206.24 0 161.26 283.75 0 73.77 578.76
24 10 0 74.45 220.00 0 401.26 208.75 0 154.98 382.32 0 205.26 517.50 0 357.49 109.99 0 163.75 286.26 0 528.76 86.25 0 71.25 573.74 0 256.24 528.73 0 253.73 528.73
25 9 0 77.48 220.97 0 401.27 212.51 0 155.00 386.25 0 258.76 528.77 0 209.95 514.26 0 73.75 571.67 0 166.32 289.05 0 525.00 88.75 0 590.00 197.49
26 9 0 155.09 388.74 0 401.24 214.98 0 81.11 221.92 0 170.01 290.01 0 521.27 91.24 0 261.25 526.26 0 73.76 568.75 0 211.28 511.25 0 211.28 513.73
27 8 0 83.76 223.19 0 401.26 218.75 0 156.23 391.26 0 75.00 565.01 0 170.06 292.50 0 212.51 509.99 0 518.73 91.56 0 263.75 526.30
28 8 0 156.25 395.02 0 87.48 225.00 0 401.45 221.25 0 516.25 93.02 0 267.49 522.49 0 77.00 562.50 0 216.73 507.52 0 173.75 296.25
29 9 0 156.25 398.74 0 90.00 225.18 0 402.50 225.33 0 269.99 522.53 0 218.79 507.12 0 176.26 298.76 0 513.76 96.24 0 77.48 558.76 0 373.21 109.99
30 9 0 156.23 401.27 0 92.50 226.45 0 402.50 228.73 0 77.47 555.01 0 178.76 301.24 0 510.00 98.75 0 273.73 521.24 0 271.25 521.27 0 221.37 503.74
31 9 0 96.27 228.48 0 156.25 405.02 0 403.75 231.24 0 507.50 100.00 0 78.77 551.23 0 276.26 518.75 0 181.24 303.00 0 223.75 501.99 0 226.15 501.82
32 10 0 99.90 228.75 0 403.74 235.03 0 156.26 408.72 0 20.00 330.01 0 227.51 500.01 0 278.73 517.43 0 78.72 549.85 0 386.25 110.95 0 503.76 101.25 0 183.72 306.27
33 11 0 156.24 411.24 0 102.50 230.02 0 403.76 238.75 0 282.50 516.65 0 387.54 111.10 0 186.26 307.44 0 228.79 498.74 0 501.24 102.79 0 78.73 546.24 0 154.99 90.01 0 23.74 328.79
34 8 0 403.75 241.27 0 285.01 515.00 0 106.24 230.66 0 156.26 413.95 0 187.49 309.99 0 498.73 103.75 0 231.25 496.37 0 233.22 496.34
35 10 0 157.48 417.58 0 404.14 243.75 0 107.57 232.50 0 29.98 324.99 0 288.74 513.77 0 234.97 493.75 0 496.27 106.27 0 191.22 313.76 0 396.27 113.77 0 81.26 538.24
36 10 0 157.48 421.24 0 112.51 233.69 0 291.25 511.23 0 237.50 491.25 0 405.01 247.10 0 493.70 107.48 0 33.76 324.32 0 193.76 315.02 0 81.26 536.24 0 397.51 114.91
37 10 0 114.99 235.00 0 405.02 251.25 0 157.50 424.11 0 82.52 532.50 0 490.00 110.00 0 195.02 317.46 0 293.76 508.75 0 37.48 322.51 0 402.50 115.00 0 238.70 489.97
38 11 0 117.51 235.00 0 405.13 253.75 0 157.50 427.50 0 296.26 508.76 0 198.73 318.75 0 486.25 111.23 0 243.07 486.25 0 82.53 528.73 0 41.25 321.52 0 405.27 114.99 0 189.98 298.73
39 9 0 121.24 236.25 0 157.51 431.24 0 300.02 507.39 0 82.50 525.01 0 245.03 485.02 0 406.23 258.59 0 200.97 321.84 0 41.24 318.77 0 483.77 113.78
40 8 0 158.75 433.79 0 123.84 236.25 0 82.52 522.49 0 202.51 324.28 0 406.26 261.25 0 481.81 115.01 0 249.30 483.99 0 303.72 506.27
41 9 0 406.27 263.75 0 158.75 437.48 0 127.49 237.48 0 205.00 325.00 0 250.00 482.50 0 82.66 517.50 0 477.71 116.70 0 306.25 503.75 0 49.94 315.01
42 11 0 131.23 238.75 0 158.73 440.20 0 406.26 266.26 0 477.49 117.49 0 85.00 517.50 0 52.48 315.01 0 310.00 501.24 0 253.74 478.76 0 206.27 328.75 0 418.86 115.03 0 208.75 328.76
43 12 0 157.52 443.74 0 210.03 330.01 0 133.80 238.87 0 406.24 270.48 0 256.28 476.24 0 135.03 239.98 0 311.27 501.26 0 313.74 501.25 0 53.76 311.24 0 86.25 511.22 0 421.22 115.01 0 473.74 118.76
44 12 0 158.73 446.27 0 137.50 240.18 0 470.00 122.50 0 315.00 498.81 0 406.27 273.76 0 213.68 333.75 0 258.79 475.01 0 57.32 311.26 0 88.74 508.74 0 86.25 508.74 0 406.94 272.47 0 57.49 313.25
45 9 0 158.68 450.04 0 141.24 241.26 0 467.48 124.99 0 60.01 310.00 0 406.75 276.26 0 318.73 498.76 0 88.75 506.23 0 261.25 473.76 0 213.78 336.26
46 9 0 143.74 241.25 0 158.73 453.75 0 321.26 496.26 0 407.49 279.97 0 463.74 125.01 0 218.74 336.28 0 263.73 471.26 0 88.75 502.20 0 62.60 309.96
47 11 0 147.25 242.52 0 408.75 283.74 0 158.73 456.27 0 221.25 339.99 0 90.01 499.04 0 434.99 115.01 0 459.98 126.25 0 267.46 467.51 0 323.74 493.74 0 67.52 308.68 0 323.75 496.26
48 10 0 150.00 243.65 0 408.75 286.26 0 159.91 460.01 0 456.96 128.75 0 269.99 466.25 0 69.77 307.33 0 90.01 496.25 0 223.74 343.40 0 326.23 491.39 0 328.74 491.26
49 8 0 153.76 243.76 0 408.75 288.77 0 159.97 463.60 0 90.00 492.50 0 331.27 492.50 0 456.26 131.08 0 271.24 463.73 0 73.76 306.26
50 8 0 156.24 245.01 0 408.77 293.74 0 452.50 132.56 0 227.53 347.50 0 91.34 488.89 0 159.94 466.52 0 333.74 489.00 0 273.73 463.75
