1 0
2 5 0 478.73 44.48 0 470.01 155.00 0 76.24 172.50 0 317.50 500.00 0 583.74 426.25
3 5 0 468.75 155.02 0 78.73 173.74 0 478.75 46.24 0 315.02 498.76 0 582.48 423.76
4 6 0 466.82 156.27 0 81.19 173.74 0 316.23 496.25 0 581.25 421.27 0 480.72 48.75 0 480.01 47.49
5 8 0 82.51 173.77 0 581.25 418.75 0 481.26 51.23 0 313.74 493.75 0 16.25 225.78 0 466.26 156.26 0 464.34 156.24 0 480.01 50.44
6 6 0 481.26 53.00 0 86.23 173.77 0 18.76 223.75 0 581.26 416.26 0 313.76 491.25 0 463.58 158.73
7 6 0 461.24 158.75 0 21.25 223.73 0 481.25 56.23 0 313.77 488.77 0 87.67 175.01 0 581.25 413.75
8 6 0 578.76 412.50 0 89.97 176.25 0 458.75 158.78 0 22.46 221.46 0 481.50 56.65 0 311.24 486.24
9 6 0 483.75 58.92 0 578.75 411.29 0 92.64 176.25 0 23.73 221.26 0 456.26 161.27 0 311.25 486.26
10 6 0 483.75 61.28 0 310.00 482.49 0 26.26 218.76 0 453.74 161.27 0 578.74 408.76 0 93.74 176.27
11 6 0 483.75 63.75 0 28.74 218.75 0 451.27 162.51 0 308.75 481.25 0 578.75 405.12 0 97.21 176.27
12 6 0 484.89 66.26 0 448.75 163.77 0 98.75 178.75 0 29.99 217.49 0 576.25 403.75 0 309.99 478.75
13 7 0 486.06 68.74 0 308.75 476.26 0 576.26 401.25 0 446.26 166.26 0 33.77 216.26 0 101.25 178.75 0 32.43 214.98
14 7 0 486.22 71.24 0 18.74 261.27 0 445.01 165.00 0 576.25 398.74 0 307.49 474.13 0 103.74 178.76 0 33.76 213.74
15 8 0 19.99 261.25 0 106.25 178.77 0 486.24 73.75 0 37.52 213.74 0 306.99 471.25 0 441.26 166.25 0 576.24 396.24 0 487.28 72.48
16 7 0 38.73 212.56 0 108.74 180.00 0 486.35 76.23 0 22.49 261.26 0 573.75 393.75 0 306.24 469.84 0 441.25 168.76
17 7 0 41.26 211.26 0 438.72 168.77 0 111.23 181.26 0 573.74 391.23 0 487.53 78.75 0 306.24 467.48 0 26.14 261.26
18 6 0 42.50 211.25 0 26.26 261.25 0 113.74 181.25 0 573.75 388.75 0 436.22 169.84 0 487.50 80.38
19 7 0 488.75 82.59 0 573.75 386.27 0 433.73 171.25 0 29.37 261.26 0 46.21 208.76 0 116.24 181.28 0 303.73 463.49
20 8 0 488.76 85.00 0 571.25 383.74 0 31.76 261.22 0 431.24 173.45 0 118.75 181.27 0 303.74 461.25 0 47.46 208.76 0 432.48 172.83
21 7 0 33.97 261.62 0 428.75 173.75 0 121.26 183.72 0 490.02 86.68 0 571.25 381.27 0 48.79 206.25 0 303.74 458.75
22 7 0 490.02 90.01 0 36.25 261.25 0 123.75 183.73 0 571.17 378.76 0 426.25 173.77 0 51.27 206.22 0 303.75 456.26
23 8 0 491.25 91.26 0 53.75 203.77 0 126.25 183.75 0 38.76 261.25 0 570.66 376.25 0 423.74 176.26 0 301.25 453.75 0 424.98 175.00
24 7 0 491.26 93.74 0 41.26 261.23 0 568.75 373.75 0 56.27 203.77 0 422.50 176.25 0 128.74 183.76 0 301.24 451.26
25 7 0 492.31 96.25 0 568.73 371.25 0 43.75 261.45 0 301.25 449.16 0 421.25 177.49 0 57.48 201.25 0 131.25 186.06
26 8 0 492.51 98.75 0 133.73 186.26 0 418.75 178.75 0 46.25 261.21 0 568.74 368.77 0 301.24 446.25 0 61.19 201.29 0 251.24 18.02
27 8 0 493.75 101.24 0 252.52 19.94 0 300.01 445.01 0 416.26 178.75 0 48.76 261.27 0 136.25 186.25 0 61.25 198.74 0 568.74 366.25
28 9 0 493.74 103.75 0 413.75 181.25 0 299.99 442.50 0 51.25 261.25 0 63.74 198.76 0 256.26 21.26 0 138.74 186.27 0 566.25 365.02 0 567.73 365.21
29 8 0 493.74 106.26 0 140.39 187.48 0 53.75 261.49 0 66.26 198.75 0 411.26 181.25 0 566.24 362.51 0 300.00 441.29 0 256.25 23.69
30 9 0 494.96 108.75 0 56.25 261.83 0 68.74 196.26 0 299.86 437.49 0 142.49 187.48 0 408.76 183.74 0 566.24 358.74 0 258.76 26.26 0 258.76 24.07
31 8 0 565.00 357.50 0 298.75 436.25 0 495.00 110.00 0 68.75 193.78 0 58.77 261.20 0 146.24 188.75 0 259.98 26.26 0 406.24 183.74
32 9 0 147.49 188.75 0 564.99 355.03 0 298.76 433.79 0 61.26 262.53 0 496.25 112.87 0 71.32 193.76 0 261.50 28.74 0 403.91 183.74 0 403.73 185.59
33 8 0 496.27 115.02 0 402.71 186.28 0 63.73 262.19 0 150.02 188.87 0 563.75 353.75 0 298.75 431.25 0 73.74 193.74 0 263.74 31.08
34 8 0 563.74 351.26 0 76.25 191.26 0 497.19 116.27 0 66.25 263.68 0 298.74 428.74 0 401.26 187.06 0 266.27 31.25 0 151.23 188.87
35 9 0 562.49 348.74 0 153.76 191.26 0 68.75 263.72 0 78.71 189.81 0 398.00 188.64 0 497.53 118.75 0 267.50 34.04 0 296.25 426.24 0 156.25 623.06
36 10 0 497.52 121.28 0 156.25 191.26 0 396.25 188.74 0 157.51 620.01 0 268.75 35.03 0 71.25 263.72 0 81.25 188.75 0 561.26 346.25 0 296.25 423.74 0 398.29 628.56
37 9 0 498.76 124.95 0 73.75 263.74 0 270.00 37.51 0 393.73 188.92 0 82.51 187.47 0 158.74 191.25 0 561.25 343.75 0 158.75 618.76 0 298.39 421.27
38 8 0 498.75 126.26 0 76.26 263.74 0 561.25 341.25 0 84.99 187.12 0 391.23 191.25 0 161.26 191.25 0 271.26 38.75 0 296.26 419.15
39 10 0 500.03 128.73 0 78.73 263.74 0 273.76 41.24 0 561.25 338.75 0 86.23 186.25 0 388.73 191.26 0 163.74 193.57 0 296.25 417.46 0 163.75 191.67 0 161.34 613.77
40 10 0 81.26 263.72 0 501.25 131.25 0 162.51 612.50 0 276.26 42.55 0 386.27 193.78 0 166.26 193.75 0 88.74 183.74 0 558.94 336.25 0 296.25 416.25 0 380.01 597.51
41 9 0 83.76 263.75 0 501.25 133.73 0 277.50 45.00 0 164.99 611.25 0 168.76 193.74 0 558.72 333.75 0 91.26 183.75 0 296.26 412.48 0 384.47 193.75
42 9 0 86.24 263.75 0 171.25 194.96 0 501.25 136.26 0 557.54 331.30 0 165.01 609.99 0 93.75 181.24 0 278.73 46.25 0 296.47 410.42 0 383.71 196.27
43 9 0 502.13 137.51 0 88.75 263.75 0 380.01 196.26 0 173.74 194.63 0 557.50 329.86 0 296.25 408.76 0 281.26 48.78 0 96.25 181.26 0 166.23 608.74
44 9 0 502.50 140.02 0 91.26 263.75 0 378.75 196.25 0 281.25 51.26 0 168.75 603.76 0 557.07 326.22 0 176.27 196.23 0 296.25 406.26 0 97.40 178.75
45 9 0 93.75 263.75 0 556.25 323.75 0 282.85 52.50 0 170.02 602.51 0 502.82 142.48 0 376.26 198.75 0 178.74 196.26 0 98.76 178.73 0 296.28 403.75
46 9 0 96.26 263.76 0 181.25 196.24 0 556.25 321.69 0 503.74 144.92 0 171.23 601.43 0 101.26 178.14 0 283.76 53.76 0 296.26 401.26 0 373.76 198.75
47 9 0 98.74 263.74 0 503.74 147.18 0 556.24 318.76 0 103.74 176.26 0 172.51 598.77 0 183.73 196.33 0 371.25 201.24 0 296.27 398.76 0 286.26 56.26
48 10 0 368.76 201.26 0 101.25 263.76 0 555.02 317.50 0 504.19 148.75 0 173.75 597.48 0 296.26 396.24 0 186.26 197.50 0 106.24 173.95 0 288.75 58.75 0 105.01 175.01
49 12 0 103.75 263.74 0 290.01 61.15 0 505.08 151.25 0 106.26 173.75 0 187.87 198.73 0 554.95 313.75 0 366.24 202.50 0 44.96 635.90 0 296.24 393.77 0 293.81 393.74 0 176.23 594.97 0 173.73 594.35
50 9 0 106.26 263.76 0 363.77 203.75 0 109.98 172.49 0 506.24 153.75 0 191.23 198.74 0 553.75 311.25 0 291.25 62.06 0 176.26 593.77 0 296.26 391.24
