1 0
2 5 0 183.74 61.24 0 26.27 591.25 0 156.24 616.28 0 593.74 126.24 0 156.25 614.33
3 6 0 578.75 141.24 0 183.75 71.25 0 191.21 133.77 0 23.74 588.76 0 156.25 616.29 0 191.10 136.22
4 8 0 191.24 143.74 0 164.89 610.01 0 193.76 76.24 0 570.11 146.24 0 23.74 578.75 0 26.22 578.76 0 570.04 144.82 0 191.50 76.24
5 5 0 195.00 147.50 0 203.20 73.76 0 173.75 597.26 0 563.73 146.04 0 563.75 144.06
6 3 0 563.51 156.26 0 218.75 83.76 0 187.48 595.03
7 5 0 553.74 158.73 0 203.76 166.26 0 41.25 546.22 0 194.50 586.27 0 223.76 86.24
8 6 0 201.25 578.76 0 543.75 163.76 0 228.72 91.21 0 206.23 176.23 0 41.27 538.75 0 178.80 70.02
9 5 0 206.25 581.26 0 533.76 178.76 0 235.03 106.31 0 16.32 433.78 0 43.20 538.76
10 7 0 45.25 518.75 0 28.73 426.27 0 213.76 566.23 0 526.27 176.26 0 209.45 195.00 0 242.04 101.31 0 570.98 149.32
11 9 0 38.72 436.26 0 117.48 168.96 0 221.25 568.76 0 211.33 211.27 0 516.28 192.86 0 46.26 521.18 0 628.78 36.26 0 393.76 66.30 0 47.49 519.99
12 6 0 51.25 501.26 0 511.23 188.75 0 48.77 427.63 0 231.25 553.75 0 218.76 211.26 0 258.76 116.24
13 8 0 618.89 197.50 0 46.24 496.25 0 53.75 433.72 0 258.78 126.26 0 53.75 431.30 0 231.26 551.25 0 231.26 553.47 0 233.07 551.27
14 7 0 68.76 438.76 0 245.00 550.02 0 269.99 138.75 0 56.22 493.75 0 194.99 570.02 0 613.75 203.81 0 194.08 441.81
15 9 0 76.18 430.12 0 602.50 194.95 0 54.19 474.98 0 248.81 536.25 0 223.74 237.76 0 208.71 418.73 0 483.75 206.28 0 442.49 45.00 0 483.71 208.67
16 7 0 91.22 431.24 0 596.25 193.75 0 261.25 528.74 0 281.27 142.53 0 61.24 466.09 0 476.28 213.73 0 233.74 246.24
17 9 0 100.38 441.28 0 266.48 531.98 0 468.70 231.15 0 236.24 263.73 0 63.73 466.25 0 586.34 203.79 0 286.24 158.75 0 288.74 158.76 0 253.76 113.74
18 5 0 106.27 441.24 0 62.49 456.28 0 238.70 269.98 0 67.53 37.48 0 288.75 166.22
19 5 0 67.49 438.75 0 282.50 508.67 0 568.74 193.73 0 121.25 433.74 0 298.76 164.95
20 6 0 561.26 193.77 0 133.61 435.02 0 293.75 503.75 0 253.75 278.68 0 306.25 171.36 0 267.50 139.37
21 7 0 307.50 178.85 0 138.79 433.77 0 296.26 496.26 0 548.72 193.74 0 435.02 244.99 0 71.60 421.27 0 256.25 286.23
22 7 0 146.25 443.77 0 301.25 498.78 0 71.24 421.26 0 536.26 201.28 0 308.87 197.02 0 258.78 302.02 0 35.00 20.11
23 7 0 156.26 443.78 0 73.76 411.25 0 308.72 491.25 0 313.73 202.48 0 526.26 201.23 0 265.76 308.70 0 263.83 308.55
24 8 0 620.01 183.75 0 76.26 393.82 0 517.49 193.95 0 316.25 478.75 0 318.75 203.72 0 273.76 308.75 0 166.24 438.74 0 168.74 438.78
25 7 0 611.26 187.51 0 178.75 438.74 0 323.76 212.50 0 508.76 193.76 0 324.98 474.18 0 278.66 315.04 0 79.94 386.24
26 8 0 610.45 198.75 0 196.24 445.00 0 397.51 282.50 0 338.79 471.22 0 506.25 198.75 0 292.50 326.25 0 90.15 381.24 0 336.26 223.75
27 9 0 597.47 196.27 0 387.49 282.50 0 203.74 438.76 0 336.26 228.75 0 296.26 328.75 0 343.74 459.93 0 88.75 368.65 0 493.75 193.73 0 493.75 191.29
28 10 0 21.23 66.26 0 306.25 338.75 0 93.76 363.74 0 515.02 205.00 0 298.59 474.00 0 592.15 205.02 0 343.75 241.25 0 353.72 456.37 0 500.01 522.58 0 302.54 486.51
29 11 0 573.74 207.50 0 21.25 63.75 0 218.75 443.73 0 468.74 193.70 0 88.59 351.27 0 353.76 448.77 0 365.01 296.94 0 86.56 352.52 0 338.75 246.26 0 338.77 248.76 0 351.37 448.77
30 9 0 566.27 210.00 0 93.55 341.20 0 33.76 63.70 0 228.73 442.34 0 362.51 442.51 0 313.76 347.53 0 461.25 191.25 0 358.75 301.27 0 342.56 253.74
31 13 0 238.73 443.76 0 555.03 215.39 0 41.55 63.75 0 451.25 193.74 0 93.75 333.76 0 349.05 308.70 0 357.49 619.99 0 368.79 436.26 0 321.18 353.88 0 318.80 353.83 0 343.73 266.19 0 343.71 263.71 0 437.49 365.02
32 11 0 546.24 226.24 0 51.21 69.65 0 248.75 451.26 0 96.24 331.11 0 441.25 198.77 0 341.24 321.24 0 346.22 278.64 0 376.27 433.76 0 117.49 323.86 0 386.44 63.76 0 94.98 330.21
33 12 0 357.49 283.74 0 355.00 605.01 0 546.24 226.25 0 106.24 316.26 0 70.68 66.25 0 267.36 446.24 0 341.25 321.39 0 438.75 193.75 0 343.69 366.31 0 392.66 424.98 0 391.59 423.88 0 69.96 65.00
34 8 0 73.76 63.74 0 271.23 446.24 0 531.28 228.01 0 326.26 326.26 0 353.76 290.00 0 103.74 305.27 0 393.74 416.25 0 565.07 162.79
35 9 0 86.24 63.74 0 523.75 232.49 0 403.76 408.76 0 285.02 446.25 0 322.50 332.50 0 341.22 586.19 0 356.25 373.77 0 358.73 298.74 0 108.76 296.27
36 10 0 91.24 66.27 0 402.54 195.00 0 405.01 405.01 0 289.98 450.00 0 508.77 240.01 0 332.50 580.09 0 353.86 311.14 0 307.51 340.64 0 106.24 290.08 0 358.67 381.25
37 11 0 508.74 243.76 0 108.74 66.27 0 308.75 448.73 0 363.76 318.74 0 307.52 347.52 0 336.25 571.25 0 421.26 397.60 0 401.24 191.24 0 413.32 242.51 0 2.84 100.65 0 250.53 427.52
38 10 0 493.75 256.26 0 325.01 570.03 0 113.76 73.76 0 378.76 397.47 0 313.71 458.76 0 358.74 336.27 0 293.77 361.23 0 423.31 400.76 0 411.31 186.49 0 311.36 458.75
39 11 0 486.24 251.26 0 123.75 63.75 0 323.75 449.39 0 378.76 191.27 0 286.26 357.53 0 361.28 336.26 0 431.24 383.74 0 388.78 391.26 0 322.44 553.73 0 433.76 383.73 0 388.78 393.57
40 9 0 136.26 73.76 0 442.50 387.49 0 479.12 264.68 0 365.04 353.72 0 281.25 373.74 0 402.51 404.98 0 336.99 458.75 0 73.42 37.85 0 538.73 323.76
41 12 0 147.58 66.26 0 452.50 373.28 0 348.74 451.24 0 274.99 371.26 0 471.24 261.27 0 368.77 356.23 0 316.28 536.50 0 410.27 398.72 0 363.75 191.24 0 363.76 193.71 0 354.82 306.21 0 133.72 303.18
42 12 0 458.76 273.75 0 153.75 75.44 0 363.75 373.74 0 355.00 461.23 0 308.76 538.75 0 454.93 373.82 0 414.92 411.17 0 124.99 242.53 0 349.96 198.77 0 433.77 18.75 0 261.29 383.75 0 428.69 153.76
43 9 0 168.76 71.26 0 371.24 458.76 0 260.00 387.51 0 454.98 273.80 0 310.00 526.18 0 467.48 365.02 0 368.77 378.75 0 346.24 196.25 0 430.24 409.11
44 12 0 438.74 282.52 0 171.25 76.01 0 244.98 397.51 0 468.75 362.50 0 361.26 391.25 0 373.75 463.72 0 284.78 363.66 0 296.28 521.25 0 328.79 198.75 0 128.74 223.75 0 433.58 417.51 0 431.31 417.50
45 10 0 183.74 76.27 0 433.33 287.49 0 296.25 513.75 0 478.74 356.26 0 445.00 420.00 0 386.28 464.89 0 363.85 401.26 0 322.51 198.72 0 238.73 403.89 0 239.96 404.65
46 7 0 417.62 288.72 0 481.28 346.26 0 391.22 461.26 0 188.72 73.74 0 358.73 406.24 0 308.71 196.22 0 286.26 503.60
47 10 0 413.74 286.26 0 203.73 66.41 0 406.25 456.25 0 362.49 408.75 0 493.74 333.75 0 221.24 406.27 0 461.24 413.76 0 303.74 188.76 0 286.24 488.76 0 313.89 546.03
48 9 0 409.98 296.27 0 298.75 193.78 0 218.74 418.76 0 286.22 483.73 0 217.46 71.27 0 421.25 461.23 0 506.26 332.51 0 366.23 421.24 0 477.51 420.00
49 10 0 362.50 436.25 0 397.51 305.21 0 510.00 331.24 0 286.23 198.75 0 483.48 427.51 0 429.91 466.26 0 223.84 76.25 0 208.77 428.75 0 179.99 77.30 0 252.53 380.36
50 9 0 382.48 301.78 0 228.73 68.74 0 433.77 458.77 0 355.00 437.51 0 193.76 428.72 0 511.24 316.26 0 141.25 163.78 0 271.37 191.03 0 486.25 418.76
