1 0
2 3 0 561.25 613.73 0 597.48 203.74 0 29.99 502.49
3 3 0 562.42 612.50 0 594.99 203.76 0 28.78 501.25
4 3 0 562.50 610.00 0 27.50 500.00 0 593.76 201.25
5 3 0 562.52 607.52 0 591.24 201.27 0 26.27 496.29
6 3 0 563.75 605.02 0 588.74 201.26 0 26.25 493.76
7 4 0 563.75 602.53 0 586.24 201.27 0 26.26 493.56 0 585.00 199.99
8 4 0 564.99 601.26 0 583.73 198.94 0 23.74 490.55 0 547.41 594.84
9 4 0 566.19 597.67 0 581.28 198.74 0 23.74 488.76 0 18.65 266.38
10 3 0 566.25 596.22 0 578.75 198.76 0 21.25 486.25
11 3 0 566.25 593.74 0 576.32 196.25 0 21.24 483.76
12 3 0 567.49 591.23 0 573.74 197.50 0 20.92 481.28
13 6 0 567.49 588.75 0 572.50 196.19 0 18.74 478.75 0 620.00 372.71 0 490.05 492.54 0 26.26 271.22
14 4 0 571.24 196.24 0 568.77 586.25 0 18.74 476.25 0 618.45 373.61
15 6 0 568.75 583.75 0 568.75 193.79 0 16.32 473.75 0 618.66 369.99 0 566.72 193.78 0 31.28 273.77
16 3 0 568.78 581.27 0 565.01 195.01 0 16.24 471.22
17 6 0 570.00 578.75 0 243.74 621.39 0 562.50 195.01 0 16.24 468.75 0 35.00 275.00 0 613.75 368.80
18 7 0 569.98 576.28 0 244.09 620.03 0 561.27 193.77 0 13.86 466.35 0 15.13 467.40 0 37.50 277.50 0 610.07 365.04
19 7 0 570.01 573.73 0 243.74 617.50 0 558.75 193.76 0 609.93 365.03 0 13.74 463.74 0 44.99 484.96 0 38.72 278.76
20 6 0 570.01 571.43 0 242.52 615.00 0 13.75 461.24 0 556.24 191.25 0 42.51 278.77 0 606.24 363.75
21 5 0 570.04 568.99 0 242.48 612.51 0 12.51 458.75 0 553.75 191.24 0 605.02 362.52
22 6 0 571.25 566.24 0 241.26 610.01 0 550.55 191.04 0 602.49 358.75 0 552.11 191.04 0 588.22 194.03
23 4 0 571.26 563.76 0 241.25 607.49 0 548.76 191.24 0 601.30 358.74
24 3 0 571.28 562.50 0 241.25 605.01 0 546.25 191.23
25 6 0 572.01 560.03 0 239.99 603.48 0 597.50 355.04 0 543.72 191.25 0 546.23 191.22 0 52.50 285.01
26 5 0 572.41 556.26 0 238.84 599.99 0 594.99 354.99 0 541.25 189.99 0 18.72 452.59
27 5 0 238.75 598.76 0 572.50 554.99 0 539.99 188.81 0 4.54 572.53 0 593.71 353.76
28 6 0 237.61 596.13 0 572.53 552.51 0 538.06 189.18 0 591.25 351.23 0 59.98 291.26 0 536.94 189.21
29 4 0 573.72 550.00 0 237.52 593.74 0 534.41 188.83 0 589.28 348.93
30 4 0 237.49 591.13 0 572.56 547.51 0 532.52 188.72 0 587.48 346.98
31 5 0 236.26 588.75 0 573.74 544.97 0 530.33 188.73 0 586.25 343.73 0 586.24 346.16
32 4 0 573.76 542.50 0 236.24 585.80 0 67.50 292.50 0 528.76 188.48
33 4 0 573.76 540.00 0 235.87 583.73 0 524.98 188.30 0 583.73 342.19
34 5 0 573.75 537.51 0 234.99 581.28 0 522.50 187.50 0 581.25 340.04 0 21.25 323.88
35 4 0 233.74 578.75 0 573.75 535.00 0 521.27 188.67 0 579.77 339.92
36 4 0 233.75 576.25 0 573.75 532.52 0 518.71 188.69 0 576.66 338.75
37 5 0 573.74 530.01 0 233.77 573.74 0 516.22 186.44 0 574.69 336.70 0 575.81 335.54
38 4 0 232.51 571.24 0 573.75 527.50 0 513.73 187.50 0 572.51 333.76
39 4 0 573.76 524.99 0 231.25 568.75 0 511.25 186.52 0 571.27 333.74
40 6 0 573.75 522.55 0 231.25 566.26 0 508.75 187.51 0 569.99 332.50 0 232.56 567.49 0 83.78 300.28
41 4 0 231.24 563.72 0 573.76 520.01 0 506.26 186.29 0 568.77 329.69
42 6 0 231.22 561.28 0 573.74 517.53 0 503.73 186.26 0 565.01 326.25 0 563.78 328.74 0 90.02 307.50
43 7 0 573.73 515.17 0 229.98 558.77 0 501.25 187.17 0 91.11 307.15 0 380.89 619.51 0 563.76 328.70 0 563.75 326.24
44 5 0 228.86 556.27 0 498.75 186.26 0 573.74 513.37 0 561.26 325.01 0 92.44 307.49
45 4 0 573.74 510.18 0 228.74 553.77 0 496.11 187.45 0 561.25 323.76
46 5 0 573.76 507.62 0 227.58 551.26 0 557.45 322.40 0 493.75 186.42 0 495.02 187.47
47 5 0 573.78 505.08 0 226.99 548.74 0 491.25 186.27 0 556.26 318.76 0 99.77 311.27
48 5 0 573.75 502.85 0 226.25 546.23 0 488.74 186.28 0 553.78 318.73 0 101.24 313.71
49 6 0 226.24 543.75 0 573.75 501.22 0 486.24 186.21 0 103.76 313.80 0 553.76 318.74 0 551.22 318.74
50 4 0 573.74 498.75 0 226.25 541.46 0 483.74 187.61 0 549.99 315.01
