1 0
2 0
3 0
4 0
5 1 0 222.29 49.78
6 0
7 1 0 324.96 27.49
8 0
9 0
10 0
11 0
12 2 0 309.98 562.52 0 180.00 101.24
13 0
14 0
15 0
16 0
17 2 0 91.23 623.74 0 478.71 618.82
18 1 0 91.23 623.71
19 2 0 91.26 623.14 0 353.73 53.74
20 2 0 621.25 386.27 0 486.23 350.00
21 2 0 92.55 623.54 0 170.01 589.86
22 3 0 93.74 621.24 0 623.66 421.82 0 96.26 621.23
23 3 0 622.19 421.25 0 93.76 618.75 0 96.27 618.77
24 2 0 621.25 421.26 0 96.27 618.76
25 2 0 620.01 421.26 0 96.26 618.74
26 3 0 276.28 17.50 0 618.76 421.27 0 98.62 618.75
27 3 0 277.45 19.22 0 616.58 421.27 0 98.77 616.25
28 4 0 277.48 20.02 0 616.30 421.25 0 98.76 616.28 0 485.04 587.49
29 6 0 277.54 20.00 0 33.75 498.76 0 69.40 553.89 0 613.74 420.01 0 616.30 419.99 0 98.77 616.25
30 2 0 278.74 21.80 0 613.61 420.00
31 3 0 280.00 22.50 0 612.51 419.00 0 101.26 613.76
32 2 0 279.99 23.20 0 612.50 418.78
33 4 0 281.26 23.74 0 611.26 418.75 0 280.02 24.99 0 103.46 613.76
34 3 0 281.40 24.96 0 610.91 418.75 0 101.22 612.49
35 3 0 282.51 25.63 0 610.01 418.74 0 103.74 611.24
36 4 0 282.53 26.34 0 106.24 611.27 0 608.77 418.76 0 103.70 611.28
37 2 0 283.74 27.52 0 106.24 609.99
38 3 0 284.92 27.47 0 106.24 610.02 0 606.25 416.26
39 3 0 284.96 28.78 0 107.49 610.20 0 606.23 416.26
40 3 0 285.01 30.01 0 107.50 610.02 0 606.20 416.27
41 3 0 286.27 29.99 0 603.76 416.26 0 109.13 609.92
42 3 0 287.47 31.19 0 602.97 416.27 0 109.74 608.76
43 3 0 287.48 32.50 0 109.84 606.23 0 603.76 416.25
44 3 0 287.49 32.48 0 109.98 605.02 0 601.24 413.75
45 4 0 288.74 33.75 0 109.97 605.01 0 601.25 413.75 0 601.25 416.23
46 3 0 289.98 35.01 0 598.72 413.76 0 113.74 603.78
47 3 0 289.99 35.00 0 597.70 413.77 0 113.78 603.76
48 3 0 290.01 35.49 0 597.49 412.50 0 113.78 602.99
49 3 0 291.31 36.25 0 597.46 412.50 0 114.94 602.54
50 3 0 292.50 37.49 0 596.25 412.50 0 114.99 602.12
