1 0
2 0
3 0
4 1 0 281.75 540.03
5 0
6 0
7 0
8 0
9 1 0 353.74 466.26
10 1 0 333.52 546.32
11 2 0 366.23 456.23 0 366.24 454.01
12 0
13 0
14 1 0 383.73 428.74
15 0
16 1 0 405.37 423.56
17 2 0 414.82 417.09 0 508.17 556.51
18 0
19 1 0 429.99 401.30
20 1 0 437.49 396.65
21 2 0 390.00 420.01 0 446.24 387.48
22 0
23 1 0 458.75 381.21
24 1 0 628.76 123.80
25 2 0 613.74 133.76 0 471.17 368.74
26 2 0 606.09 136.28 0 476.24 358.74
27 2 0 599.27 138.75 0 485.02 347.55
28 3 0 595.03 143.57 0 497.26 340.76 0 495.56 340.85
29 1 0 583.71 153.74
30 1 0 576.26 161.25
31 1 0 570.62 162.51
32 2 0 563.02 169.99 0 522.50 317.51
33 2 0 561.30 173.75 0 539.94 309.12
34 3 0 548.75 181.27 0 538.80 303.76 0 538.84 306.15
35 3 0 550.00 187.43 0 20.00 533.73 0 556.21 298.70
36 2 0 533.73 198.75 0 21.24 543.76
37 3 0 530.07 198.74 0 565.01 282.53 0 33.74 543.72
38 5 0 578.77 285.03 0 46.24 555.02 0 528.73 212.15 0 507.79 508.11 0 527.31 212.50
39 4 0 587.50 274.98 0 56.78 556.03 0 522.66 213.75 0 522.12 216.18
40 4 0 57.33 560.60 0 586.23 269.05 0 506.25 221.27 0 504.03 221.25
41 5 0 596.48 259.63 0 501.26 223.75 0 68.76 561.09 0 485.02 250.10 0 548.97 309.96
42 3 0 491.25 233.77 0 76.26 568.78 0 601.39 257.31
43 4 0 486.10 236.26 0 86.25 568.75 0 610.93 246.65 0 611.01 248.33
44 5 0 486.23 248.75 0 626.23 246.22 0 103.73 578.76 0 604.94 300.71 0 43.39 598.90
45 2 0 477.27 256.27 0 113.41 581.35
46 3 0 467.48 252.51 0 118.75 576.23 0 67.49 549.98
47 2 0 455.77 265.02 0 124.77 583.74
48 3 0 458.76 273.73 0 458.78 271.23 0 143.67 588.56
49 3 0 441.27 273.79 0 146.23 586.27 0 145.68 585.02
50 4 0 433.75 283.76 0 153.74 588.77 0 152.52 589.19 0 571.20 298.24
