1 0
2 0
3 0
4 1 0 507.50 42.50
5 2 0 506.24 46.26 0 504.12 46.41
6 3 0 503.72 46.26 0 530.00 227.50 0 387.50 603.78
7 1 0 507.50 51.26
8 2 0 507.50 49.99 0 550.00 50.16
9 1 0 507.50 50.01
10 1 0 501.25 52.49
11 2 0 195.00 27.51 0 502.08 56.22
12 3 0 542.87 18.76 0 503.71 57.39 0 426.26 609.72
13 2 0 501.29 57.50 0 541.95 21.27
14 2 0 502.50 53.77 0 543.31 17.65
15 4 0 539.39 18.69 0 496.42 53.75 0 539.35 17.72 0 130.44 508.81
16 3 0 501.24 56.26 0 541.97 21.28 0 443.75 619.99
17 3 0 537.42 21.25 0 496.99 56.29 0 437.50 618.71
18 5 0 539.76 27.49 0 498.76 61.97 0 442.14 621.76 0 440.68 621.66 0 442.20 622.85
19 5 0 538.76 28.78 0 626.14 51.34 0 497.53 62.36 0 441.26 617.01 0 625.01 51.83
20 4 0 491.57 61.29 0 621.23 49.97 0 533.76 26.25 0 535.10 24.99
21 4 0 533.35 30.40 0 436.26 616.26 0 493.67 63.73 0 618.25 52.09
22 4 0 436.23 612.51 0 532.85 29.45 0 488.88 62.42 0 533.41 30.82
23 5 0 492.52 67.55 0 436.23 612.51 0 533.96 32.62 0 193.98 27.53 0 618.20 53.76
24 4 0 436.24 608.99 0 492.56 63.74 0 533.93 30.24 0 619.49 48.87
25 5 0 490.29 66.25 0 613.75 48.84 0 436.25 606.28 0 615.03 49.34 0 531.32 31.31
26 5 0 491.26 68.68 0 533.77 33.79 0 436.24 606.25 0 618.77 52.50 0 442.52 19.99
27 5 0 490.13 67.49 0 437.49 603.79 0 531.27 31.28 0 531.27 33.57 0 618.77 482.54
28 4 0 437.48 603.77 0 531.27 33.78 0 489.01 67.50 0 612.51 52.49
29 4 0 531.26 34.98 0 437.48 602.51 0 488.75 70.64 0 613.41 52.48
30 5 0 532.48 37.49 0 436.26 601.28 0 488.73 71.18 0 611.25 53.77 0 487.47 70.52
31 4 0 483.80 74.20 0 527.24 42.45 0 433.76 603.75 0 608.77 56.68
32 5 0 482.64 77.49 0 526.25 43.76 0 433.74 601.24 0 606.24 56.28 0 75.78 92.16
33 5 0 483.75 77.34 0 435.00 601.80 0 526.24 45.00 0 606.24 58.74 0 608.73 58.74
34 5 0 528.76 46.23 0 485.89 77.51 0 435.00 598.75 0 608.75 58.75 0 606.39 58.74
35 6 0 527.26 47.72 0 433.75 597.51 0 482.58 79.77 0 483.71 81.27 0 603.77 58.46 0 538.76 53.00
36 5 0 523.75 45.00 0 429.96 593.76 0 478.73 76.27 0 481.09 77.52 0 601.26 56.25
37 5 0 524.99 50.01 0 481.22 83.70 0 433.78 596.25 0 602.51 61.84 0 479.01 82.12
38 6 0 435.00 589.99 0 482.66 78.76 0 429.47 602.41 0 601.29 56.25 0 526.21 48.74 0 526.26 46.47
39 6 0 523.73 52.48 0 481.26 83.74 0 362.51 237.50 0 598.74 63.68 0 429.92 591.23 0 434.17 591.25
40 4 0 521.26 53.76 0 477.49 85.01 0 429.98 590.04 0 596.26 61.29
41 5 0 475.00 82.51 0 521.25 51.26 0 596.40 60.00 0 431.25 586.26 0 610.02 229.23
42 4 0 522.51 51.25 0 477.50 82.50 0 596.28 60.01 0 431.23 583.73
43 4 0 477.49 88.82 0 429.97 587.48 0 523.51 56.36 0 370.02 203.75
44 4 0 518.75 56.26 0 427.48 583.44 0 588.76 63.66 0 473.72 88.75
45 5 0 518.73 58.76 0 429.37 583.68 0 471.26 90.54 0 588.73 63.75 0 472.93 89.95
46 4 0 518.74 58.50 0 429.80 578.75 0 588.75 61.43 0 471.25 88.74
47 5 0 518.74 57.48 0 428.74 577.64 0 471.25 88.75 0 588.57 62.70 0 473.73 88.78
48 5 0 517.52 60.01 0 469.97 90.01 0 532.45 69.99 0 586.23 63.76 0 428.73 577.57
49 3 0 516.25 65.19 0 468.73 93.76 0 426.25 576.35
50 4 0 517.47 66.29 0 468.76 96.26 0 583.73 68.73 0 427.50 576.93
