1 0
2 1 0 569.98 101.39
3 3 0 569.99 103.71 0 603.64 241.89 0 508.74 115.23
4 1 0 570.00 101.24
5 2 0 566.22 98.76 0 611.98 637.36
6 1 0 563.74 101.23
7 1 0 566.22 101.93
8 1 0 561.25 101.26
9 1 0 561.26 103.76
10 1 0 558.74 103.74
11 1 0 561.25 103.75
12 1 0 556.24 101.26
13 1 0 556.24 103.73
14 1 0 553.76 101.27
15 1 0 558.72 101.23
16 1 0 551.23 101.25
17 2 0 551.24 103.75 0 552.51 104.94
18 1 0 553.76 98.78
19 2 0 34.99 624.95 0 551.24 103.75
20 2 0 37.50 621.11 0 551.25 100.14
21 2 0 38.77 624.45 0 551.25 103.75
22 2 0 37.50 624.04 0 546.26 103.73
23 4 0 38.73 619.98 0 546.25 98.88 0 483.74 16.25 0 483.77 14.45
24 3 0 40.01 619.99 0 546.25 101.23 0 482.14 18.24
25 2 0 42.91 623.73 0 546.25 103.76
26 2 0 41.24 620.02 0 543.38 101.36
27 3 0 41.60 620.00 0 541.24 103.73 0 478.75 22.43
28 4 0 44.97 617.54 0 542.49 101.26 0 16.26 58.74 0 482.42 20.16
29 3 0 43.76 620.82 0 538.75 103.68 0 13.77 61.67
30 4 0 46.29 617.51 0 16.28 476.25 0 540.00 100.01 0 16.27 58.75
31 5 0 47.48 622.12 0 16.66 481.23 0 16.26 63.77 0 16.25 66.22 0 538.76 106.24
32 3 0 51.29 620.00 0 21.24 478.75 0 21.24 63.75
33 5 0 52.46 620.25 0 21.25 478.88 0 21.23 66.30 0 538.73 103.74 0 482.52 30.02
34 5 0 21.25 476.24 0 50.03 616.27 0 18.76 61.68 0 477.52 27.48 0 536.26 101.28
35 4 0 53.76 620.04 0 23.74 478.76 0 22.47 66.28 0 536.28 103.74
36 6 0 51.28 619.98 0 21.27 478.76 0 19.35 67.13 0 532.38 103.75 0 477.50 35.00 0 117.50 205.00
37 4 0 51.27 617.48 0 23.75 477.04 0 20.00 67.43 0 531.24 101.23
38 5 0 53.79 616.25 0 531.24 101.24 0 24.89 475.74 0 52.93 615.01 0 21.24 67.05
39 6 0 57.64 617.57 0 29.97 477.51 0 26.25 70.01 0 533.75 103.75 0 481.22 36.28 0 478.73 35.20
40 5 0 27.42 478.76 0 55.11 618.75 0 475.01 37.50 0 23.72 71.24 0 528.76 106.24
41 5 0 58.75 618.75 0 29.94 478.76 0 528.77 106.22 0 26.25 73.75 0 477.49 41.26
42 6 0 27.51 476.25 0 56.31 616.25 0 525.53 103.74 0 23.73 73.71 0 23.73 71.50 0 473.77 37.50
43 6 0 29.36 474.64 0 57.52 615.00 0 23.73 71.25 0 474.98 37.45 0 525.05 101.77 0 20.02 202.50
44 5 0 58.85 617.49 0 29.99 477.50 0 26.25 76.16 0 524.97 106.24 0 473.76 43.76
45 6 0 59.86 615.34 0 31.24 476.24 0 523.76 103.73 0 26.24 76.25 0 23.97 76.25 0 473.75 42.05
46 6 0 35.00 477.50 0 63.70 617.49 0 523.76 106.25 0 28.74 77.50 0 476.21 42.50 0 609.97 213.64
47 5 0 66.25 613.74 0 37.49 474.71 0 31.23 75.04 0 526.24 103.75 0 477.51 42.52
48 5 0 63.72 611.27 0 28.74 73.80 0 35.18 472.49 0 473.75 41.25 0 521.26 101.26
49 5 0 38.73 477.48 0 66.24 616.25 0 521.25 106.27 0 31.22 81.25 0 475.01 45.18
50 4 0 38.73 476.25 0 66.24 616.26 0 31.23 81.27 0 518.74 106.23
