1 0
2 1 0 92.43 78.75
3 1 0 93.67 85.01
4 3 0 421.25 473.77 0 93.74 81.23 0 82.55 107.48
5 3 0 98.75 83.75 0 423.74 473.75 0 5.47 528.50
6 3 0 421.25 476.25 0 98.75 88.78 0 97.68 87.50
7 2 0 421.26 473.76 0 98.76 88.78
8 2 0 425.09 471.24 0 103.74 88.77
9 3 0 423.74 471.24 0 103.74 91.25 0 12.49 310.00
10 2 0 421.26 466.20 0 103.74 88.77
11 3 0 422.50 461.22 0 106.24 88.77 0 104.47 88.78
12 3 0 426.24 461.27 0 108.75 88.76 0 42.48 459.99
13 2 0 426.25 462.37 0 112.49 93.74
14 3 0 426.24 461.26 0 113.75 96.27 0 112.43 94.96
15 2 0 426.22 454.99 0 113.73 91.29
16 2 0 422.39 456.25 0 111.24 96.27
17 2 0 426.25 453.73 0 118.76 96.26
18 2 0 118.74 101.23 0 425.38 453.75
19 3 0 423.71 451.17 0 117.50 99.95 0 637.50 130.74
20 2 0 123.75 98.76 0 427.91 446.24
21 3 0 423.73 443.75 0 121.25 98.75 0 637.41 130.55
22 2 0 428.74 446.26 0 126.22 103.70
23 2 0 423.71 442.49 0 637.29 130.78
24 2 0 423.72 438.75 0 126.23 103.63
25 2 0 426.25 436.25 0 131.09 103.73
26 2 0 426.24 438.74 0 130.04 107.53
27 4 0 428.73 436.25 0 133.74 108.76 0 136.26 108.75 0 27.51 205.02
28 2 0 132.51 106.29 0 426.12 431.25
29 2 0 429.97 431.25 0 138.77 109.98
30 3 0 425.96 431.25 0 136.26 111.24 0 263.72 626.22
31 3 0 429.99 428.73 0 268.75 623.72 0 141.25 111.24
32 3 0 426.25 428.75 0 266.25 623.73 0 141.26 114.78
33 3 0 429.99 422.50 0 146.26 111.26 0 270.00 618.74
34 3 0 431.23 421.28 0 148.76 113.77 0 271.25 616.26
35 2 0 431.25 421.63 0 148.75 116.25
36 3 0 426.24 417.48 0 268.72 613.75 0 146.24 116.24
37 3 0 428.73 418.76 0 147.50 118.78 0 271.24 616.25
38 4 0 431.24 413.75 0 275.01 610.00 0 153.76 116.23 0 152.47 117.02
39 3 0 431.25 412.52 0 276.26 610.02 0 156.25 118.76
40 3 0 431.25 408.76 0 156.24 118.76 0 277.49 606.24
41 3 0 273.77 605.00 0 428.75 407.43 0 153.74 118.75
42 3 0 427.55 406.24 0 156.09 121.27 0 275.00 603.94
43 2 0 161.27 126.24 0 431.24 407.48
44 3 0 433.75 405.01 0 163.74 126.22 0 281.32 602.52
45 4 0 162.50 122.50 0 431.24 398.82 0 281.26 598.73 0 432.50 400.01
46 3 0 433.74 398.74 0 283.76 597.49 0 166.24 124.74
47 3 0 433.75 398.74 0 285.01 597.49 0 162.51 115.06
48 5 0 430.00 394.99 0 166.24 126.25 0 168.72 126.24 0 281.24 593.74 0 281.28 591.25
49 2 0 430.00 393.02 0 281.37 591.25
50 3 0 433.75 391.24 0 285.02 589.95 0 171.31 126.24
