1 0
2 0
3 3 0 613.73 51.96 0 58.76 256.26 0 615.05 52.78
4 2 0 612.52 52.51 0 486.23 245.78
5 1 0 611.26 53.75
6 1 0 611.26 53.75
7 2 0 608.74 53.74 0 613.75 303.73
8 1 0 607.17 55.00
9 1 0 605.00 56.14
10 1 0 603.74 56.25
11 1 0 601.34 57.25
12 1 0 601.25 57.50
13 2 0 598.73 58.76 0 486.24 418.96
14 2 0 597.52 57.90 0 389.99 27.50
15 1 0 596.24 58.75
16 2 0 593.75 60.01 0 388.78 106.26
17 2 0 592.91 61.26 0 341.23 18.76
18 2 0 591.24 61.26 0 338.75 18.75
19 2 0 589.99 62.45 0 336.28 18.76
20 3 0 588.75 63.23 0 336.26 18.76 0 37.50 509.88
21 2 0 586.26 63.73 0 333.75 21.13
22 2 0 333.37 21.10 0 586.14 63.74
23 3 0 331.25 21.25 0 583.75 64.75 0 91.26 623.74
24 3 0 581.24 66.29 0 91.26 623.62 0 331.14 21.25
25 4 0 91.26 621.26 0 579.99 66.27 0 328.75 22.50 0 153.84 382.54
26 3 0 578.75 66.26 0 89.19 618.76 0 326.27 22.89
27 3 0 326.21 23.74 0 88.76 618.75 0 577.48 66.30
28 3 0 88.75 616.25 0 576.25 67.51 0 323.73 23.82
29 4 0 573.74 68.58 0 88.74 616.27 0 575.03 67.78 0 321.27 26.25
30 3 0 572.51 68.76 0 321.26 26.27 0 88.75 613.75
31 4 0 571.23 69.90 0 318.74 28.61 0 88.77 612.51 0 117.51 405.01
32 4 0 568.76 71.24 0 318.72 28.73 0 88.75 610.28 0 612.50 531.45
33 3 0 316.25 28.75 0 88.77 608.77 0 568.70 71.25
34 5 0 314.98 28.75 0 566.25 71.24 0 86.25 608.15 0 567.52 72.52 0 87.54 607.40
35 3 0 86.26 606.25 0 313.76 29.08 0 563.75 72.52
36 4 0 86.23 603.77 0 562.57 73.67 0 311.25 31.25 0 87.53 604.95
37 3 0 86.25 603.74 0 561.26 73.76 0 311.23 31.26
38 3 0 86.24 601.25 0 560.01 73.79 0 308.75 33.75
39 4 0 558.72 75.33 0 86.24 598.74 0 308.73 33.75 0 307.15 31.39
40 3 0 86.24 598.76 0 557.01 76.05 0 306.26 33.76
41 4 0 84.97 596.26 0 556.24 76.25 0 303.74 33.79 0 305.53 33.80
42 3 0 83.88 595.03 0 303.73 33.80 0 553.74 76.25
43 4 0 83.75 593.77 0 552.51 77.50 0 302.51 36.25 0 244.98 147.74
44 3 0 301.25 36.26 0 551.24 78.75 0 83.75 591.25
45 3 0 83.75 591.22 0 548.74 78.75 0 298.75 38.76
46 3 0 83.74 588.76 0 297.49 38.75 0 547.50 79.40
47 3 0 83.75 588.56 0 296.27 38.76 0 546.25 80.64
48 4 0 82.60 586.27 0 545.23 81.25 0 294.35 41.25 0 295.09 39.99
49 3 0 543.72 81.26 0 293.73 41.26 0 82.42 583.76
50 3 0 541.26 82.49 0 292.51 42.50 0 81.25 583.44
