1 0
2 4 0 130.49 318.73 0 258.74 581.24 0 122.49 27.47 0 138.46 586.30
3 3 0 140.00 322.08 0 266.23 581.74 0 147.50 591.24
4 3 0 258.75 578.76 0 132.51 317.51 0 137.56 587.41
5 3 0 261.24 576.24 0 132.52 316.25 0 619.99 562.52
6 5 0 270.01 578.76 0 143.74 318.75 0 627.48 566.20 0 433.75 17.48 0 431.65 17.36
7 6 0 260.90 578.76 0 423.73 18.76 0 616.49 566.25 0 131.27 318.75 0 617.02 567.61 0 431.24 613.74
8 2 0 141.24 322.87 0 431.23 23.75
9 6 0 423.72 21.25 0 261.24 574.13 0 261.25 576.11 0 136.28 318.71 0 617.88 562.26 0 410.08 330.04
10 6 0 268.04 571.28 0 621.26 557.50 0 141.28 313.76 0 429.98 18.47 0 164.99 597.50 0 41.28 569.48
11 4 0 146.26 316.23 0 271.24 571.26 0 433.78 21.29 0 626.25 557.49
12 5 0 428.74 18.76 0 266.43 568.75 0 618.75 556.22 0 142.79 313.63 0 142.54 311.24
13 6 0 443.77 18.75 0 262.40 573.75 0 138.76 316.53 0 612.51 562.55 0 423.75 26.20 0 423.76 24.05
14 6 0 271.23 568.77 0 148.74 314.55 0 621.27 557.50 0 433.79 23.70 0 453.39 16.37 0 397.54 516.22
15 5 0 143.73 321.27 0 426.29 31.26 0 616.24 563.75 0 266.24 576.25 0 570.03 609.99
16 5 0 143.73 321.25 0 616.24 561.31 0 446.18 26.27 0 266.24 573.76 0 445.49 24.75
17 6 0 271.24 566.24 0 149.99 313.75 0 451.29 18.77 0 431.24 26.21 0 433.75 26.25 0 449.99 604.48
18 6 0 612.51 557.50 0 143.74 318.55 0 443.76 26.26 0 266.16 569.54 0 423.75 33.71 0 423.75 31.21
19 5 0 273.73 570.90 0 456.25 26.27 0 153.75 318.74 0 433.74 33.78 0 619.97 556.56
20 6 0 268.74 562.48 0 148.74 311.23 0 448.78 21.24 0 90.47 189.99 0 430.00 27.43 0 613.71 548.84
21 4 0 266.22 563.74 0 148.72 313.76 0 610.20 551.24 0 148.74 311.51
22 7 0 270.00 570.01 0 612.52 557.50 0 149.99 321.29 0 428.77 37.52 0 451.32 33.77 0 451.20 31.31 0 437.45 606.09
23 8 0 453.75 23.75 0 258.75 612.96 0 153.76 311.23 0 273.75 561.24 0 431.25 31.20 0 616.26 548.87 0 433.82 31.13 0 151.44 311.24
24 7 0 612.51 556.72 0 451.27 34.32 0 153.76 321.25 0 428.94 41.27 0 273.77 568.75 0 576.30 463.52 0 273.81 566.76
25 8 0 148.65 315.03 0 267.52 563.73 0 426.17 38.73 0 448.79 31.24 0 606.22 554.28 0 446.28 31.22 0 608.67 553.93 0 362.50 573.67
26 6 0 157.50 317.50 0 453.68 33.80 0 433.75 42.26 0 397.54 523.20 0 276.26 565.04 0 430.00 475.00
27 5 0 276.24 556.24 0 158.71 308.98 0 453.77 28.72 0 433.73 36.20 0 431.24 36.22
28 8 0 268.76 562.51 0 426.22 43.75 0 604.99 551.21 0 153.75 317.47 0 448.76 36.26 0 446.31 36.27 0 602.48 37.49 0 605.29 553.70
29 5 0 456.26 38.74 0 161.26 317.48 0 276.25 563.13 0 610.91 551.24 0 433.74 46.26
30 3 0 268.75 556.25 0 603.77 546.27 0 154.99 311.24
31 6 0 157.50 307.49 0 273.74 551.45 0 606.25 543.75 0 430.01 38.75 0 272.44 552.51 0 409.99 517.49
32 5 0 165.00 310.01 0 278.72 553.78 0 456.38 33.75 0 612.51 541.24 0 433.81 41.27
33 3 0 430.00 50.02 0 452.51 42.50 0 161.24 317.50
34 6 0 165.00 308.90 0 276.28 551.24 0 456.24 34.12 0 431.24 41.78 0 397.49 514.70 0 316.31 525.01
35 5 0 170.00 310.02 0 278.76 551.21 0 458.77 37.50 0 612.50 541.08 0 436.24 46.26
36 6 0 163.74 317.49 0 431.21 53.77 0 453.72 46.26 0 397.49 187.49 0 275.00 557.51 0 455.63 46.20
37 4 0 450.02 42.50 0 427.45 50.01 0 598.70 543.75 0 271.19 553.73
38 6 0 456.24 38.75 0 277.48 546.22 0 169.57 308.73 0 605.00 536.33 0 433.74 46.24 0 491.24 443.80
39 6 0 273.75 553.79 0 166.16 317.50 0 453.76 48.74 0 602.49 546.31 0 429.98 56.25 0 601.31 543.83
40 5 0 172.51 310.01 0 437.48 52.48 0 281.25 546.26 0 461.26 42.49 0 606.26 538.73
41 5 0 282.27 546.28 0 436.15 52.51 0 461.22 45.00 0 173.68 310.03 0 606.26 538.76
42 6 0 172.51 317.35 0 278.74 551.26 0 458.74 51.26 0 601.29 542.40 0 433.74 58.46 0 427.48 324.92
43 7 0 453.36 43.77 0 596.26 533.74 0 427.94 52.50 0 610.01 430.00 0 168.76 306.55 0 282.12 637.26 0 596.25 536.25
44 7 0 428.65 52.50 0 452.51 46.25 0 596.18 533.76 0 168.76 308.54 0 481.16 431.17 0 479.55 430.56 0 459.99 557.50
45 6 0 597.49 532.48 0 173.76 306.31 0 431.24 53.75 0 433.01 53.74 0 458.73 46.27 0 173.76 303.92
46 7 0 602.50 532.50 0 283.69 539.99 0 176.34 306.28 0 293.81 244.19 0 463.72 46.26 0 517.54 12.52 0 463.63 48.34
47 4 0 170.03 307.48 0 428.75 56.26 0 593.74 533.11 0 453.76 48.75
48 4 0 173.76 306.25 0 593.76 530.03 0 456.25 48.74 0 427.75 56.27
49 5 0 597.48 530.00 0 458.75 48.75 0 433.72 57.49 0 176.24 306.26 0 176.28 304.34
50 6 0 178.74 313.76 0 463.68 58.76 0 435.96 66.25 0 41.26 581.23 0 397.49 523.73 0 596.29 538.72
