1 0
2 0
3 1 0 617.56 376.26
4 1 0 616.25 376.27
5 1 0 616.25 374.66
6 2 0 616.05 374.97 0 156.29 507.49
7 2 0 16.25 383.73 0 613.73 375.57
8 3 0 613.74 373.73 0 88.75 622.75 0 18.76 383.75
9 3 0 88.85 622.38 0 612.33 373.73 0 18.73 383.75
10 3 0 611.26 373.75 0 89.98 621.71 0 18.75 383.74
11 3 0 611.26 373.75 0 91.26 621.26 0 21.26 383.75
12 3 0 610.00 373.75 0 92.38 621.24 0 21.25 383.72
13 3 0 93.75 621.22 0 609.04 373.93 0 21.24 383.76
14 3 0 93.75 621.26 0 606.27 373.74 0 23.74 383.76
15 3 0 606.24 373.74 0 94.98 620.00 0 23.73 383.77
16 3 0 606.23 373.76 0 96.24 618.75 0 26.24 383.73
17 3 0 603.75 373.76 0 96.33 618.75 0 26.26 383.76
18 3 0 603.76 373.74 0 27.50 383.74 0 98.73 618.75
19 3 0 98.75 618.75 0 603.16 373.33 0 28.14 386.29
20 5 0 601.25 373.78 0 98.76 618.75 0 621.55 112.82 0 29.99 383.75 0 458.75 36.26
21 3 0 601.27 373.74 0 621.25 113.74 0 101.22 617.53
22 4 0 621.24 113.77 0 101.26 617.34 0 601.26 371.25 0 31.24 383.74
23 5 0 598.72 371.92 0 618.75 113.75 0 599.98 372.57 0 103.74 617.61 0 31.24 383.74
24 4 0 103.74 616.25 0 618.76 113.69 0 598.70 371.49 0 33.72 383.74
25 5 0 598.68 371.25 0 103.75 616.25 0 617.44 113.76 0 33.72 383.74 0 34.49 3.95
26 6 0 616.25 113.77 0 596.26 371.26 0 103.74 616.25 0 106.20 616.27 0 33.73 383.77 0 33.80 386.23
27 4 0 595.00 371.24 0 616.27 113.78 0 106.24 616.24 0 20.00 117.52
28 5 0 593.75 371.26 0 614.70 113.78 0 36.24 386.29 0 106.24 616.22 0 106.23 613.99
29 5 0 593.75 371.24 0 613.75 113.75 0 108.71 616.25 0 36.28 383.74 0 3.83 435.77
30 4 0 593.76 371.24 0 613.75 115.00 0 108.76 613.78 0 37.54 386.29
31 4 0 611.49 115.03 0 110.00 613.73 0 591.21 371.25 0 126.26 508.71
32 4 0 591.25 371.26 0 611.26 116.23 0 110.53 613.76 0 41.26 383.71
33 5 0 610.02 116.25 0 589.98 371.24 0 111.22 612.49 0 41.29 386.31 0 3.68 234.79
34 3 0 588.75 371.25 0 608.75 116.25 0 113.74 613.76
35 4 0 588.74 371.26 0 113.72 611.37 0 608.76 116.24 0 43.76 386.25
36 4 0 587.51 371.25 0 606.21 116.24 0 114.99 612.04 0 43.74 386.28
37 4 0 606.24 116.26 0 586.25 371.25 0 115.00 611.26 0 45.03 386.26
38 4 0 603.80 116.27 0 116.20 611.25 0 46.23 387.00 0 586.02 371.25
39 5 0 603.76 116.28 0 117.49 611.26 0 583.76 368.77 0 46.25 386.27 0 602.46 370.04
40 4 0 603.76 116.28 0 583.75 369.90 0 118.45 611.24 0 46.27 386.26
41 5 0 602.49 117.51 0 118.72 609.96 0 582.51 368.93 0 48.76 386.25 0 48.78 383.83
42 4 0 601.25 117.55 0 581.25 368.84 0 118.74 608.77 0 49.98 386.26
43 4 0 581.24 368.75 0 601.24 118.75 0 121.13 608.75 0 50.96 386.25
44 4 0 598.73 118.76 0 578.76 369.66 0 51.26 386.27 0 121.26 608.76
45 5 0 598.72 118.74 0 578.76 368.76 0 52.50 386.91 0 121.29 606.25 0 121.30 608.71
46 5 0 598.65 118.76 0 53.52 386.76 0 578.73 368.74 0 123.75 606.22 0 123.76 608.70
47 4 0 596.24 118.75 0 576.26 368.75 0 52.51 387.48 0 123.75 606.26
48 4 0 596.23 118.75 0 576.27 368.75 0 124.83 606.26 0 53.78 386.25
49 6 0 126.21 605.01 0 593.74 118.74 0 573.72 368.74 0 56.25 386.23 0 575.86 368.76 0 53.95 386.26
50 4 0 573.75 368.75 0 126.23 606.25 0 593.72 118.76 0 56.88 387.40
