1 0
2 3 0 188.76 612.50 0 573.75 133.46 0 122.77 36.43
3 2 0 187.49 611.26 0 573.03 136.26
4 3 0 572.40 138.73 0 186.37 606.26 0 186.27 608.75
5 2 0 570.02 141.26 0 186.24 605.46
6 4 0 570.01 143.73 0 186.25 602.26 0 427.51 50.02 0 183.80 603.67
7 3 0 569.46 147.51 0 183.74 598.76 0 510.00 34.98
8 5 0 568.76 151.25 0 183.74 596.25 0 567.50 152.50 0 229.98 410.01 0 468.73 156.86
9 2 0 566.27 155.01 0 183.73 593.76
10 2 0 565.05 157.50 0 183.70 588.75
11 3 0 564.88 161.27 0 181.25 586.24 0 16.29 331.27
12 4 0 563.75 163.75 0 151.04 18.75 0 181.25 581.37 0 598.76 621.58
13 5 0 597.50 620.00 0 562.49 166.27 0 149.99 21.26 0 178.96 578.75 0 23.73 330.12
14 5 0 16.25 553.75 0 561.25 170.05 0 148.74 23.75 0 178.76 576.26 0 593.75 618.75
15 6 0 148.74 28.74 0 178.76 571.25 0 560.94 172.48 0 18.76 553.75 0 18.75 551.93 0 591.29 613.76
16 7 0 146.92 31.25 0 589.98 612.51 0 29.96 330.01 0 178.75 568.78 0 558.38 176.68 0 22.51 551.26 0 23.57 553.25
17 6 0 558.73 178.75 0 587.50 611.24 0 147.48 34.39 0 26.25 551.23 0 178.75 566.26 0 35.86 330.14
18 7 0 147.49 38.75 0 28.74 551.26 0 37.50 330.02 0 557.50 182.05 0 178.74 563.73 0 586.26 608.77 0 583.83 610.89
19 6 0 146.26 41.28 0 556.25 186.24 0 42.51 328.88 0 583.73 606.25 0 176.28 558.76 0 31.24 549.83
20 7 0 554.97 188.75 0 34.45 548.75 0 146.26 45.00 0 581.26 603.76 0 176.28 556.25 0 43.77 328.75 0 93.77 302.21
21 6 0 553.74 191.26 0 38.74 548.75 0 144.97 48.71 0 578.75 602.51 0 48.76 328.76 0 176.27 553.54
22 6 0 41.26 548.75 0 553.74 195.00 0 52.51 330.00 0 145.03 51.65 0 176.27 548.74 0 576.98 601.25
23 7 0 43.73 546.27 0 143.74 56.06 0 144.99 55.00 0 176.25 546.25 0 573.38 597.49 0 551.23 197.50 0 53.47 328.76
24 6 0 551.23 201.26 0 569.99 596.24 0 143.74 58.75 0 176.26 543.71 0 48.73 546.24 0 56.26 326.24
25 8 0 551.20 203.76 0 143.73 61.78 0 51.25 546.26 0 570.01 591.23 0 60.00 325.00 0 173.97 538.96 0 176.24 540.04 0 50.25 544.96
26 8 0 549.66 207.05 0 143.74 65.54 0 53.77 543.75 0 62.40 325.82 0 566.25 590.13 0 173.72 536.29 0 61.27 329.01 0 176.22 536.28
27 8 0 601.26 623.76 0 143.71 68.74 0 547.73 210.03 0 56.25 543.75 0 565.00 587.51 0 176.25 533.76 0 66.23 325.04 0 63.78 326.24
28 9 0 143.72 71.24 0 546.52 213.76 0 61.24 543.74 0 597.83 623.68 0 71.21 328.74 0 176.24 528.92 0 547.43 215.01 0 563.78 586.23 0 563.75 583.75
29 8 0 546.25 216.26 0 595.58 621.26 0 143.22 76.24 0 63.74 541.24 0 176.25 526.22 0 73.87 326.24 0 174.40 526.19 0 71.35 326.28
30 9 0 66.26 541.26 0 546.24 220.78 0 143.71 78.76 0 591.22 621.25 0 556.77 581.23 0 76.25 326.26 0 176.25 523.57 0 544.97 220.12 0 173.89 522.24
31 9 0 588.75 618.75 0 71.22 541.23 0 545.01 223.68 0 556.11 579.99 0 141.41 83.15 0 81.25 328.76 0 165.05 515.04 0 173.73 521.23 0 176.30 521.22
32 6 0 543.72 226.27 0 141.29 86.26 0 73.74 539.94 0 586.25 618.74 0 173.76 516.26 0 551.26 576.27
33 11 0 542.50 228.74 0 142.43 88.76 0 76.25 538.76 0 508.74 623.74 0 582.50 616.27 0 83.77 328.77 0 173.75 513.75 0 551.25 573.31 0 553.72 572.26 0 616.27 188.87 0 83.77 326.79
34 11 0 141.24 92.52 0 541.25 232.53 0 506.25 621.27 0 548.91 572.49 0 88.79 328.77 0 578.76 613.76 0 16.52 358.77 0 578.78 615.52 0 16.37 361.03 0 78.72 538.75 0 81.25 538.74
35 13 0 141.25 96.26 0 539.98 236.21 0 576.25 613.73 0 82.45 538.76 0 21.25 361.23 0 546.26 570.13 0 173.76 506.27 0 348.72 16.30 0 506.23 618.75 0 91.27 328.75 0 91.29 326.29 0 132.52 156.23 0 503.82 618.74
36 10 0 538.75 237.69 0 141.31 98.75 0 573.07 611.35 0 348.74 20.05 0 503.74 616.24 0 23.74 361.27 0 86.24 537.31 0 96.25 326.25 0 173.75 503.76 0 543.74 568.75
37 11 0 570.37 611.11 0 538.75 242.48 0 346.25 23.69 0 88.75 536.27 0 141.24 103.72 0 541.25 565.00 0 173.76 499.28 0 501.25 612.49 0 98.75 326.26 0 23.74 363.74 0 26.19 363.76
38 10 0 500.01 609.98 0 141.25 106.26 0 540.00 562.51 0 91.54 536.26 0 536.36 245.01 0 28.99 365.00 0 566.35 608.81 0 345.03 26.18 0 343.80 24.99 0 173.74 496.26
39 12 0 141.24 108.77 0 498.73 606.24 0 563.84 606.36 0 536.25 248.40 0 173.75 493.81 0 565.02 607.49 0 536.26 561.26 0 96.26 536.26 0 535.06 247.61 0 343.73 27.52 0 33.72 368.75 0 106.25 326.23
40 12 0 561.26 606.25 0 141.26 113.75 0 534.15 250.14 0 496.26 603.76 0 33.71 369.96 0 98.76 536.22 0 173.75 489.99 0 108.03 328.75 0 98.74 534.15 0 107.50 326.24 0 343.67 31.24 0 536.27 558.76
41 9 0 141.24 116.23 0 558.74 603.76 0 533.75 253.76 0 35.00 370.00 0 531.63 557.50 0 101.25 533.74 0 341.26 33.75 0 493.76 601.25 0 109.99 329.97
42 11 0 493.63 598.75 0 529.99 555.00 0 556.23 603.75 0 341.23 38.71 0 532.44 257.49 0 141.25 119.09 0 38.75 371.36 0 114.99 325.32 0 106.24 533.74 0 173.75 485.02 0 110.06 330.59
43 11 0 141.25 123.74 0 531.26 261.22 0 491.25 594.84 0 108.74 533.77 0 41.26 373.78 0 118.46 325.01 0 553.76 601.26 0 338.75 38.75 0 176.29 479.42 0 176.27 481.26 0 337.70 39.98
44 11 0 531.25 263.74 0 141.26 126.26 0 491.29 591.26 0 524.99 547.52 0 43.77 376.26 0 336.25 41.97 0 176.25 476.24 0 122.51 326.26 0 550.05 600.92 0 111.24 533.75 0 111.20 536.23
45 10 0 141.26 130.04 0 529.57 266.24 0 546.25 597.52 0 488.76 588.75 0 113.74 532.51 0 176.25 473.79 0 336.26 46.22 0 523.73 547.53 0 125.04 326.27 0 46.25 378.72
46 10 0 141.36 133.75 0 529.89 269.98 0 117.50 531.25 0 543.74 596.25 0 486.25 586.25 0 50.02 379.95 0 178.74 469.98 0 333.75 48.75 0 126.26 323.75 0 518.73 543.74
47 11 0 541.23 593.76 0 333.69 51.26 0 142.49 136.25 0 52.51 380.43 0 122.49 531.86 0 130.03 324.86 0 528.76 273.62 0 485.06 582.00 0 176.27 466.29 0 518.54 541.21 0 527.50 272.74
48 12 0 516.25 540.00 0 482.49 579.98 0 142.51 140.07 0 526.30 276.25 0 123.75 531.43 0 537.57 593.75 0 133.39 322.54 0 53.76 382.26 0 176.63 463.75 0 333.44 53.74 0 333.59 56.26 0 88.73 212.49
49 10 0 525.25 279.22 0 536.25 591.25 0 142.50 143.74 0 331.24 56.27 0 481.27 576.27 0 138.75 323.89 0 58.74 383.74 0 128.75 530.03 0 513.76 537.24 0 176.31 460.22
50 11 0 525.01 282.54 0 532.51 589.73 0 330.00 59.99 0 131.24 530.02 0 478.75 573.75 0 143.71 146.50 0 139.98 323.77 0 60.05 383.74 0 176.38 456.26 0 511.22 533.74 0 484.99 18.73
