1 0
2 1 0 518.71 446.24
3 0
4 2 0 513.75 446.24 0 496.26 566.26
5 2 0 513.74 451.25 0 157.49 442.53
6 3 0 511.24 451.25 0 456.27 496.25 0 532.52 202.51
7 2 0 511.19 447.49 0 456.25 491.25
8 2 0 506.26 451.25 0 453.65 493.54
9 2 0 506.24 451.26 0 570.93 271.25
10 2 0 503.73 447.51 0 571.14 267.64
11 1 0 502.47 447.50
12 2 0 502.46 447.45 0 570.00 266.27
13 4 0 499.83 452.51 0 570.00 69.91 0 456.25 486.23 0 453.74 486.23
14 1 0 501.26 448.76
15 2 0 497.48 452.52 0 563.77 268.88
16 3 0 498.72 449.88 0 558.00 169.41 0 151.22 23.75
17 3 0 493.75 453.61 0 562.50 267.49 0 495.01 452.63
18 3 0 493.75 453.75 0 563.27 266.29 0 403.73 90.00
19 4 0 490.01 450.01 0 556.46 263.74 0 458.80 476.41 0 197.51 590.02
20 1 0 492.49 448.77
21 2 0 487.26 448.74 0 458.60 471.25
22 1 0 488.76 448.78
23 1 0 483.76 451.25
24 3 0 482.51 451.26 0 551.22 261.41 0 452.50 467.50
25 1 0 486.24 451.24
26 3 0 481.25 453.51 0 555.00 197.48 0 548.88 261.21
27 2 0 480.01 453.73 0 296.26 63.31
28 2 0 477.50 453.76 0 548.74 260.01
29 2 0 474.98 451.42 0 456.53 463.73
30 2 0 476.26 448.75 0 547.48 252.49
31 1 0 476.26 451.26
32 2 0 471.25 450.01 0 543.75 253.74
33 2 0 471.24 448.75 0 541.25 252.47
34 2 0 468.74 452.50 0 538.72 253.74
35 1 0 466.74 451.28
36 1 0 468.75 451.23
37 2 0 465.94 449.96 0 536.25 248.90
38 3 0 463.74 453.75 0 536.28 253.75 0 242.53 602.53
39 1 0 463.75 448.77
40 1 0 463.73 448.76
41 3 0 457.56 451.26 0 242.50 597.49 0 529.25 249.99
42 2 0 462.12 451.27 0 532.66 251.67
43 2 0 457.17 448.78 0 169.99 123.75
44 3 0 453.74 452.50 0 525.01 249.99 0 246.24 595.06
45 1 0 451.72 453.74
46 3 0 453.75 453.74 0 252.02 593.77 0 108.74 543.16
47 2 0 453.75 450.01 0 253.76 588.75
48 2 0 451.32 451.24 0 256.27 588.77
49 3 0 446.26 448.76 0 251.30 586.27 0 251.28 583.82
50 3 0 448.75 448.75 0 253.74 583.74 0 256.07 583.54
