1 0
2 0
3 0
4 0
5 0
6 0
7 1 0 622.93 503.74
8 0
9 4 0 590.67 16.26 0 589.94 15.04 0 618.17 503.05 0 617.84 504.81
10 1 0 589.99 17.49
11 2 0 587.49 18.94 0 613.75 503.75
12 1 0 586.26 20.01
13 3 0 584.97 21.84 0 611.23 503.73 0 17.93 213.74
14 3 0 582.56 22.47 0 18.75 213.74 0 608.77 501.20
15 4 0 582.49 25.00 0 21.24 213.75 0 608.78 501.58 0 350.02 27.49
16 3 0 579.99 25.82 0 23.73 213.75 0 605.00 500.00
17 2 0 578.76 26.63 0 26.24 213.76
18 2 0 577.49 27.61 0 27.49 212.49
19 2 0 574.95 30.03 0 29.48 211.25
20 2 0 31.23 211.26 0 575.04 30.00
21 2 0 572.51 32.52 0 33.76 211.26
22 2 0 571.25 33.22 0 34.99 211.25
23 4 0 569.99 35.01 0 36.23 208.89 0 396.24 16.27 0 108.73 16.28
24 4 0 38.74 208.76 0 567.54 35.81 0 396.23 18.75 0 110.00 18.76
25 4 0 566.24 37.51 0 41.26 208.76 0 396.23 20.01 0 110.00 19.55
26 5 0 564.96 38.77 0 42.63 208.75 0 111.24 21.26 0 586.27 498.75 0 396.25 21.40
27 5 0 562.52 40.00 0 45.61 208.75 0 396.24 23.74 0 111.25 22.36 0 113.77 22.40
28 6 0 561.24 41.24 0 46.24 207.50 0 395.00 26.30 0 113.74 26.28 0 113.78 23.80 0 581.24 498.76
29 5 0 559.98 42.52 0 396.25 28.74 0 113.75 26.25 0 48.77 206.26 0 581.25 498.76
30 4 0 558.72 44.98 0 396.24 29.98 0 49.90 206.25 0 113.81 27.80
31 6 0 557.49 45.02 0 53.76 206.24 0 117.28 30.00 0 395.46 33.78 0 578.76 496.26 0 611.26 18.76
32 6 0 554.98 46.27 0 396.20 35.00 0 576.26 496.25 0 56.28 204.85 0 116.24 31.24 0 54.73 203.84
33 5 0 553.74 48.05 0 56.25 205.00 0 117.51 35.02 0 396.25 37.49 0 573.73 496.26
34 5 0 552.48 50.03 0 58.74 203.76 0 118.36 35.02 0 396.23 38.76 0 571.24 496.25
35 5 0 549.98 50.16 0 61.18 203.75 0 118.73 36.65 0 396.22 41.27 0 570.61 496.24
36 6 0 548.75 52.51 0 396.24 43.03 0 63.73 203.76 0 568.76 493.76 0 121.26 38.74 0 119.13 38.75
37 7 0 547.49 53.75 0 396.22 45.00 0 121.29 41.13 0 566.24 494.33 0 66.17 203.54 0 64.98 202.43 0 120.07 39.94
38 6 0 545.00 55.02 0 121.24 42.55 0 66.25 201.32 0 563.76 493.74 0 396.23 46.26 0 490.02 597.50
39 6 0 543.75 56.21 0 395.61 50.01 0 68.74 202.47 0 122.51 43.77 0 563.74 493.76 0 544.97 55.02
40 5 0 542.50 57.48 0 123.74 46.24 0 71.24 201.26 0 395.84 52.47 0 561.24 493.75
41 5 0 541.25 58.75 0 73.75 201.25 0 558.75 493.75 0 396.24 53.75 0 123.75 48.76
42 5 0 540.00 60.02 0 556.25 493.73 0 124.44 48.73 0 393.74 56.26 0 73.81 201.25
43 5 0 537.57 62.47 0 555.00 491.45 0 126.22 51.26 0 393.75 58.75 0 76.26 198.76
44 5 0 536.28 62.52 0 393.76 58.77 0 126.24 52.76 0 78.74 198.76 0 553.76 491.26
45 6 0 534.88 63.66 0 551.25 491.26 0 393.75 61.26 0 81.26 198.76 0 128.77 53.74 0 126.38 53.73
46 5 0 548.75 491.27 0 393.75 63.73 0 532.54 65.00 0 83.38 198.72 0 128.74 56.27
47 5 0 532.49 66.31 0 548.74 491.25 0 83.75 198.73 0 393.74 66.28 0 128.77 58.76
48 5 0 530.01 67.48 0 546.26 491.26 0 393.73 66.24 0 128.75 60.00 0 86.24 197.51
49 5 0 528.78 68.76 0 131.26 61.27 0 543.75 491.26 0 393.74 70.02 0 86.25 196.27
50 5 0 527.51 69.95 0 91.25 196.24 0 131.24 63.74 0 393.75 71.24 0 541.82 489.52
