1 0
2 7 0 546.24 358.74 0 477.49 92.51 0 322.51 549.99 0 566.32 376.26 0 218.76 156.21 0 181.23 513.76 0 567.59 375.02
3 5 0 566.22 363.76 0 330.10 540.44 0 537.54 360.00 0 470.01 93.74 0 191.24 513.78
4 6 0 527.45 362.49 0 563.75 356.24 0 460.54 97.46 0 201.25 517.51 0 336.25 533.73 0 74.96 197.43
5 6 0 561.26 346.24 0 518.74 363.76 0 451.35 98.75 0 211.27 518.75 0 343.74 526.24 0 166.13 509.63
6 5 0 561.26 341.26 0 508.74 368.77 0 351.23 521.63 0 221.25 525.97 0 443.75 106.25
7 6 0 501.25 371.26 0 436.25 109.72 0 357.48 515.01 0 231.20 528.64 0 559.96 332.52 0 232.44 527.74
8 7 0 243.74 526.20 0 428.76 108.63 0 558.74 318.73 0 493.81 368.70 0 492.88 367.50 0 368.73 502.31 0 3.02 147.47
9 7 0 558.74 310.14 0 253.75 528.76 0 483.81 370.02 0 501.18 371.19 0 421.23 111.25 0 290.02 138.82 0 373.72 496.07
10 8 0 473.73 376.27 0 411.26 121.24 0 430.00 100.04 0 263.74 536.26 0 556.26 305.96 0 381.60 493.72 0 556.25 303.97 0 298.71 139.98
11 7 0 268.75 536.28 0 551.24 294.91 0 386.24 482.49 0 460.71 376.26 0 398.73 123.77 0 303.72 136.28 0 235.00 507.48
12 7 0 548.74 283.75 0 391.23 126.24 0 451.23 376.26 0 313.35 133.16 0 278.73 536.30 0 393.76 473.75 0 391.25 473.76
13 6 0 546.26 276.26 0 288.75 541.24 0 398.74 466.26 0 441.23 378.76 0 322.26 132.34 0 381.32 131.24
14 7 0 435.04 378.76 0 548.74 263.74 0 302.08 541.25 0 378.75 133.75 0 410.08 456.46 0 334.85 126.48 0 409.99 115.02
15 6 0 426.23 382.50 0 548.74 256.30 0 371.24 141.25 0 417.81 450.20 0 313.75 546.26 0 346.23 126.24
16 6 0 420.00 444.99 0 541.25 248.74 0 318.75 548.76 0 350.01 125.02 0 358.74 147.01 0 411.90 385.23
17 6 0 402.63 386.31 0 351.23 153.77 0 427.49 436.24 0 358.75 123.75 0 328.75 551.27 0 541.22 238.75
18 7 0 393.75 385.36 0 338.81 548.77 0 538.77 227.71 0 370.11 117.50 0 346.25 156.25 0 433.74 423.74 0 433.76 425.76
19 6 0 383.75 390.38 0 378.88 117.99 0 348.65 554.70 0 536.25 221.27 0 336.27 166.24 0 441.26 421.25
20 5 0 377.51 393.75 0 538.75 213.75 0 361.26 559.02 0 333.76 173.54 0 391.23 117.52
21 6 0 371.19 563.29 0 367.50 395.01 0 536.26 203.79 0 401.27 116.26 0 327.16 179.79 0 467.50 612.49
22 6 0 533.75 196.23 0 380.01 565.01 0 357.39 396.41 0 318.77 186.26 0 332.32 181.45 0 321.24 186.31
23 6 0 348.75 393.78 0 531.39 181.24 0 390.00 562.50 0 418.75 106.26 0 313.68 188.72 0 590.01 525.00
24 6 0 338.75 396.25 0 528.82 171.26 0 306.41 195.03 0 477.47 378.74 0 398.70 563.84 0 399.94 564.94
25 7 0 329.99 398.73 0 528.77 163.76 0 411.25 568.76 0 438.72 101.25 0 303.74 203.76 0 489.02 626.97 0 487.48 627.62
26 6 0 317.49 403.75 0 525.01 158.74 0 418.76 573.76 0 269.82 619.13 0 293.74 213.75 0 445.58 103.73
27 7 0 309.96 401.27 0 428.76 572.51 0 523.77 143.74 0 498.75 355.03 0 289.99 218.73 0 454.78 96.95 0 333.53 426.18
28 6 0 298.75 403.75 0 521.25 134.96 0 503.74 348.77 0 283.74 226.26 0 438.71 576.26 0 463.75 96.25
29 5 0 518.73 128.75 0 277.50 235.02 0 446.06 581.13 0 287.15 406.25 0 510.02 343.73
30 7 0 521.26 118.75 0 276.25 243.75 0 283.68 408.76 0 486.12 91.85 0 461.25 581.99 0 282.62 407.51 0 521.25 333.76
31 9 0 518.71 108.74 0 271.23 408.76 0 269.99 249.97 0 468.75 581.24 0 408.78 555.00 0 526.35 326.05 0 494.11 88.77 0 493.84 86.70 0 528.74 326.07
32 9 0 516.22 103.72 0 262.44 415.01 0 532.47 322.51 0 478.76 588.76 0 501.27 91.27 0 346.24 28.74 0 266.25 263.75 0 428.57 111.27 0 483.77 554.10
33 7 0 251.24 416.25 0 540.01 315.05 0 513.68 93.60 0 261.18 271.24 0 486.22 591.25 0 437.49 565.01 0 269.73 488.88
34 6 0 244.61 416.25 0 513.70 83.72 0 261.07 278.14 0 523.96 83.79 0 501.26 591.25 0 549.97 306.21
35 8 0 71.24 18.76 0 511.22 76.27 0 531.22 82.53 0 233.41 420.03 0 622.23 519.20 0 507.50 597.05 0 553.74 299.08 0 253.13 289.01
36 9 0 77.48 21.25 0 220.01 420.01 0 609.79 517.49 0 538.64 81.36 0 506.17 65.97 0 248.75 296.26 0 515.01 597.49 0 473.74 566.22 0 557.52 290.03
37 8 0 91.24 26.27 0 603.75 518.75 0 214.77 423.70 0 570.00 283.76 0 507.14 57.37 0 551.17 77.51 0 248.76 306.25 0 530.00 602.50
38 8 0 591.24 516.25 0 243.70 314.94 0 202.50 425.00 0 98.74 31.23 0 503.21 48.75 0 557.48 76.24 0 573.68 275.68 0 536.26 603.76
39 6 0 586.26 513.76 0 196.26 423.75 0 244.98 322.50 0 506.11 36.24 0 111.09 31.41 0 550.00 604.84
40 7 0 572.51 513.75 0 113.74 37.49 0 182.11 426.24 0 587.49 259.09 0 497.76 28.74 0 237.49 330.05 0 553.75 606.22
41 8 0 173.73 426.26 0 236.24 338.75 0 562.53 511.27 0 122.71 41.23 0 496.32 17.53 0 563.76 608.83 0 593.77 250.77 0 586.25 66.24
42 9 0 553.77 513.75 0 132.32 50.01 0 162.65 431.04 0 349.99 124.81 0 233.72 351.25 0 593.72 66.46 0 573.76 613.75 0 591.21 66.47 0 231.35 351.14
43 5 0 141.25 51.24 0 545.00 508.80 0 154.98 428.76 0 235.00 356.25 0 586.25 611.33
44 9 0 533.75 510.04 0 147.48 58.75 0 144.95 432.52 0 231.25 368.76 0 593.75 616.29 0 613.76 227.42 0 613.24 61.18 0 506.57 20.37 0 351.19 140.94
45 6 0 526.24 508.72 0 156.23 63.33 0 231.25 376.26 0 621.25 218.76 0 134.76 433.70 0 603.76 616.31
46 6 0 130.02 436.24 0 521.24 508.96 0 168.73 71.25 0 618.76 621.26 0 235.21 386.84 0 358.65 162.48
47 9 0 508.73 506.27 0 117.49 436.26 0 173.76 75.25 0 626.08 621.18 0 233.75 393.75 0 587.49 267.49 0 356.25 168.78 0 250.53 428.71 0 231.40 393.76
48 6 0 501.25 507.48 0 110.02 438.75 0 233.72 403.96 0 183.69 83.77 0 300.66 149.62 0 509.96 204.99
49 4 0 491.27 508.86 0 99.98 443.77 0 189.95 94.71 0 233.74 418.75
50 5 0 478.76 505.04 0 86.58 441.25 0 192.62 97.62 0 231.24 421.63 0 621.19 198.75
