1 0
2 2 0 348.76 122.51 0 124.96 590.00
3 0
4 3 0 353.76 126.23 0 338.88 125.01 0 353.82 128.75
5 2 0 356.25 128.75 0 468.75 155.03
6 1 0 351.25 131.25
7 1 0 357.50 128.74
8 1 0 353.75 133.63
9 3 0 617.09 422.48 0 348.75 130.00 0 616.25 16.27
10 4 0 620.14 426.22 0 621.20 21.26 0 353.76 136.28 0 351.25 136.28
11 4 0 623.72 417.52 0 623.72 13.73 0 170.01 147.52 0 428.75 602.51
12 2 0 617.47 425.00 0 616.76 21.26
13 6 0 617.54 424.98 0 616.26 21.25 0 353.75 138.75 0 351.23 138.75 0 542.25 343.75 0 543.09 346.24
14 2 0 622.49 420.53 0 621.24 18.76
15 4 0 616.28 423.70 0 615.00 424.97 0 614.05 21.22 0 616.24 21.22
16 2 0 612.60 413.76 0 421.23 361.46
17 2 0 616.56 421.62 0 616.27 21.26
18 1 0 613.75 412.45
19 5 0 616.25 420.01 0 358.74 143.74 0 613.72 21.29 0 471.22 168.75 0 616.24 21.26
20 5 0 616.27 417.49 0 63.75 623.76 0 358.73 141.28 0 616.26 18.75 0 613.77 18.76
21 5 0 614.99 413.75 0 613.77 16.25 0 62.62 621.28 0 27.43 587.52 0 300.02 139.99
22 8 0 13.74 621.25 0 607.37 411.25 0 606.26 13.72 0 56.26 617.49 0 462.19 166.20 0 351.23 138.75 0 353.74 138.75 0 242.46 52.53
23 5 0 611.25 411.02 0 18.75 621.24 0 608.77 13.74 0 61.25 616.25 0 518.75 133.76
24 4 0 627.46 22.41 0 611.25 413.76 0 22.54 625.03 0 66.24 618.74
25 4 0 608.84 410.00 0 21.26 618.76 0 624.98 18.76 0 62.55 614.12
26 5 0 607.51 417.48 0 622.76 28.74 0 21.24 628.57 0 606.24 23.67 0 63.32 621.65
27 5 0 18.76 617.49 0 619.99 20.16 0 61.25 611.26 0 603.74 408.73 0 601.25 14.06
28 6 0 25.56 620.02 0 608.78 408.75 0 625.03 23.75 0 63.74 611.25 0 357.58 148.78 0 65.65 611.26
29 6 0 20.00 616.39 0 61.24 608.77 0 618.77 22.46 0 601.25 407.49 0 637.00 577.39 0 598.72 13.78
30 5 0 598.73 415.00 0 596.25 23.69 0 616.26 31.20 0 58.75 616.26 0 566.22 106.18
31 6 0 606.25 412.49 0 68.73 612.38 0 29.83 621.30 0 623.72 31.22 0 361.29 154.99 0 603.82 21.19
32 7 0 596.26 407.51 0 58.77 608.77 0 420.01 605.00 0 20.08 617.54 0 616.28 28.01 0 594.71 16.32 0 351.25 151.25
33 7 0 621.24 28.73 0 601.64 406.34 0 29.98 616.26 0 66.25 606.27 0 523.49 341.09 0 118.72 16.25 0 601.28 16.22
34 6 0 593.81 406.64 0 60.01 606.25 0 613.77 28.72 0 22.48 615.00 0 351.24 153.77 0 591.25 18.57
35 7 0 613.65 34.26 0 592.50 411.21 0 22.50 620.00 0 58.90 610.01 0 591.18 21.25 0 351.23 158.76 0 579.97 557.50
36 5 0 61.24 603.75 0 592.49 406.24 0 24.98 614.58 0 613.75 31.27 0 189.91 611.22
37 8 0 592.49 406.21 0 61.26 602.41 0 613.76 31.25 0 25.35 613.74 0 613.03 32.47 0 354.98 157.49 0 113.78 21.26 0 111.30 21.26
38 7 0 31.23 611.26 0 595.00 402.87 0 356.25 156.28 0 617.50 31.30 0 116.00 21.25 0 66.23 598.98 0 65.01 600.08
39 10 0 597.47 411.24 0 619.95 42.18 0 33.74 620.00 0 118.12 30.01 0 593.77 23.72 0 68.75 606.26 0 361.23 165.59 0 68.74 608.76 0 593.76 25.79 0 359.70 165.60
40 7 0 617.48 43.77 0 593.75 411.27 0 67.17 606.26 0 33.77 621.28 0 356.25 168.77 0 591.25 26.31 0 78.75 386.24
41 7 0 586.27 407.47 0 27.79 615.54 0 611.17 39.57 0 61.26 601.27 0 350.64 165.03 0 109.90 28.73 0 583.73 21.27
42 8 0 609.05 42.49 0 586.23 408.64 0 61.26 601.26 0 29.86 617.49 0 351.23 166.24 0 108.75 31.28 0 583.70 23.70 0 108.75 33.54
43 7 0 610.01 45.01 0 585.31 408.71 0 111.24 33.75 0 30.58 617.58 0 63.74 601.64 0 582.44 25.97 0 354.02 169.99
44 6 0 589.99 410.01 0 115.00 37.48 0 614.93 47.42 0 357.49 172.51 0 68.76 603.73 0 37.35 619.75
45 4 0 588.75 399.98 0 68.76 593.74 0 37.42 609.20 0 67.61 592.50
46 4 0 583.75 401.25 0 33.73 609.99 0 66.26 593.74 0 65.01 592.43
47 5 0 588.73 408.77 0 613.77 49.62 0 40.39 617.49 0 358.73 176.26 0 71.25 601.27
48 9 0 582.46 407.51 0 66.26 598.74 0 608.75 48.78 0 36.28 616.26 0 353.75 176.24 0 578.73 26.34 0 607.50 49.82 0 111.23 41.27 0 111.22 38.75
49 9 0 610.01 52.50 0 68.75 597.50 0 583.51 407.88 0 38.73 616.26 0 578.80 27.51 0 356.24 178.74 0 620.02 147.49 0 111.26 42.45 0 40.02 615.03
50 5 0 578.75 405.01 0 36.22 613.27 0 606.22 50.01 0 66.25 593.77 0 353.82 176.26
