1 0
2 1 0 96.32 86.22
3 2 0 96.28 93.71 0 31.23 458.88
4 1 0 103.73 93.73
5 2 0 100.01 98.71 0 42.44 461.25
6 2 0 98.74 101.21 0 490.79 390.05
7 2 0 486.22 388.92 0 96.28 101.27
8 3 0 41.26 456.25 0 96.26 101.31 0 483.74 386.22
9 2 0 46.19 461.24 0 48.77 459.72
10 4 0 540.02 212.73 0 56.24 453.70 0 53.81 453.60 0 490.02 380.02
11 3 0 56.24 456.25 0 54.18 456.25 0 536.31 221.25
12 0
13 0
14 3 0 482.50 380.02 0 51.12 458.78 0 99.01 117.49
15 1 0 486.23 372.51
16 0
17 2 0 66.70 451.25 0 483.34 368.74
18 0
19 3 0 478.19 370.15 0 68.74 456.24 0 68.73 454.36
20 2 0 469.98 368.75 0 469.01 366.37
21 0
22 2 0 100.01 122.47 0 470.00 357.50
23 3 0 477.50 357.51 0 521.25 231.25 0 78.72 448.73
24 2 0 463.71 356.26 0 466.16 356.25
25 0
26 0
27 2 0 517.51 242.51 0 106.25 138.75
28 3 0 507.49 236.61 0 346.25 616.25 0 98.53 133.75
29 0
30 2 0 98.77 146.27 0 458.70 349.94
31 0
32 4 0 509.98 250.00 0 463.75 348.76 0 466.21 348.80 0 96.23 450.48
33 7 0 107.49 148.72 0 508.74 250.68 0 466.87 346.85 0 510.02 142.74 0 463.93 347.22 0 162.41 554.26 0 88.74 18.77
34 4 0 451.38 342.61 0 500.02 243.79 0 82.52 18.81 0 96.27 148.74
35 3 0 73.74 422.41 0 221.18 502.48 0 173.77 548.73
36 1 0 501.24 256.24
37 0
38 0
39 2 0 496.32 261.22 0 103.76 161.29
40 2 0 101.17 162.49 0 450.00 338.15
41 0
42 2 0 443.77 326.27 0 443.77 328.61
43 0
44 3 0 451.25 328.78 0 451.21 326.35 0 109.96 169.98
45 0
46 1 0 442.46 317.50
47 2 0 442.51 317.50 0 84.98 115.03
48 2 0 110.01 172.50 0 446.25 317.52
49 3 0 437.49 317.50 0 212.81 507.72 0 230.00 67.50
50 4 0 132.18 436.86 0 443.56 311.25 0 443.66 313.78 0 484.99 267.51
