1 0
2 2 0 143.63 416.11 0 142.42 415.00
3 3 0 145.05 416.27 0 437.58 162.53 0 46.30 5.67
4 4 0 148.05 417.51 0 438.72 163.76 0 136.26 283.75 0 125.00 437.51
5 2 0 150.31 417.50 0 438.62 165.01
6 2 0 154.99 418.15 0 436.26 170.05
7 2 0 157.48 418.53 0 363.80 451.25
8 4 0 161.26 418.75 0 598.72 478.76 0 268.69 11.00 0 568.78 581.34
9 2 0 163.75 419.06 0 433.78 179.99
10 2 0 166.25 420.00 0 431.19 183.71
11 3 0 170.02 421.24 0 178.74 16.25 0 431.22 186.23
12 4 0 173.75 421.25 0 178.76 18.75 0 433.77 189.82 0 557.52 573.71
13 3 0 176.26 421.26 0 179.91 19.99 0 430.02 193.78
14 3 0 178.75 422.51 0 428.54 195.01 0 551.19 570.00
15 3 0 181.24 423.73 0 183.75 26.29 0 428.74 198.77
16 4 0 184.97 423.74 0 427.51 202.49 0 183.73 28.76 0 547.50 565.02
17 4 0 188.73 423.75 0 426.27 205.02 0 188.17 424.98 0 543.76 565.03
18 3 0 191.26 425.00 0 188.75 36.26 0 426.24 206.28
19 6 0 193.74 426.25 0 189.44 37.46 0 423.74 211.25 0 235.01 19.99 0 536.32 562.49 0 565.01 210.04
20 4 0 197.49 426.27 0 421.41 213.73 0 189.99 42.55 0 233.76 21.24
21 7 0 201.08 426.26 0 227.48 453.80 0 421.25 216.25 0 621.29 62.10 0 231.23 26.15 0 324.96 42.51 0 190.04 44.98
22 5 0 203.72 427.15 0 421.24 220.00 0 230.05 28.82 0 618.84 66.24 0 397.94 339.82
23 5 0 206.26 428.77 0 616.26 66.31 0 418.75 223.76 0 230.00 30.41 0 195.00 50.04
24 6 0 209.97 428.74 0 230.01 35.11 0 613.75 67.65 0 418.75 226.25 0 522.50 555.01 0 418.72 224.02
25 6 0 212.50 428.74 0 612.46 69.98 0 229.96 37.51 0 416.31 228.74 0 237.44 445.03 0 198.74 56.25
26 8 0 216.25 430.01 0 608.74 73.75 0 227.51 42.53 0 227.85 170.21 0 237.53 445.00 0 416.28 233.78 0 414.98 233.21 0 416.24 231.54
27 5 0 218.74 429.99 0 605.02 74.98 0 228.72 44.24 0 413.75 234.16 0 242.48 442.41
28 8 0 221.26 431.22 0 603.61 76.29 0 412.93 236.35 0 229.81 50.01 0 605.02 19.99 0 244.42 437.52 0 570.03 299.09 0 201.23 63.71
29 5 0 224.97 431.27 0 411.27 241.42 0 601.24 78.74 0 227.51 51.29 0 603.74 19.99
30 5 0 228.74 431.25 0 410.01 243.76 0 598.74 81.25 0 227.49 53.09 0 601.25 23.72
31 4 0 231.25 433.76 0 593.73 81.31 0 408.77 246.27 0 226.26 56.29
32 4 0 233.73 433.71 0 408.77 250.10 0 591.23 85.90 0 226.25 61.25
33 6 0 237.45 433.75 0 588.75 86.26 0 406.24 252.51 0 226.27 63.73 0 593.76 29.99 0 223.73 63.73
34 7 0 586.26 88.76 0 241.25 433.75 0 587.51 29.94 0 406.23 256.28 0 226.28 67.47 0 258.89 426.26 0 210.02 82.51
35 7 0 242.94 435.05 0 403.75 258.76 0 583.74 91.26 0 226.61 70.53 0 195.12 16.27 0 587.50 35.00 0 490.16 536.30
36 7 0 246.06 436.25 0 581.24 93.75 0 197.49 20.01 0 402.48 261.26 0 226.34 73.75 0 583.74 36.17 0 381.21 621.11
37 8 0 248.76 436.26 0 578.74 94.80 0 198.75 23.65 0 401.25 263.71 0 401.26 266.21 0 583.56 37.52 0 216.27 91.23 0 213.76 92.48
38 8 0 252.50 436.25 0 201.26 26.26 0 575.59 96.26 0 216.26 93.76 0 482.51 531.19 0 401.25 266.36 0 578.77 41.28 0 597.50 35.00
39 5 0 573.75 98.75 0 255.01 437.49 0 202.50 28.74 0 578.76 42.49 0 398.74 271.27
40 7 0 258.75 437.49 0 570.01 100.29 0 397.47 273.75 0 205.01 31.24 0 573.76 45.28 0 218.77 99.45 0 223.55 86.08
41 8 0 262.46 438.73 0 394.98 276.24 0 205.17 33.76 0 274.99 411.56 0 566.28 101.68 0 572.51 44.98 0 220.73 103.76 0 223.70 90.99
42 9 0 264.95 438.76 0 563.75 103.75 0 570.01 49.06 0 395.01 278.75 0 208.75 36.25 0 201.31 117.94 0 278.69 410.01 0 187.50 315.01 0 469.20 523.66
43 8 0 561.25 106.27 0 393.75 281.28 0 267.63 438.78 0 211.23 41.27 0 566.25 51.28 0 568.78 51.27 0 223.75 96.27 0 466.27 522.53
44 7 0 558.72 108.74 0 211.23 42.52 0 271.07 439.98 0 564.99 52.49 0 391.23 283.78 0 282.52 404.99 0 223.72 99.23
45 8 0 273.74 441.28 0 556.24 109.64 0 212.83 46.31 0 391.20 288.76 0 460.00 518.76 0 285.03 402.53 0 223.34 103.76 0 561.24 56.23
46 8 0 276.25 441.26 0 388.75 290.08 0 553.76 112.53 0 558.74 58.76 0 216.26 48.76 0 221.24 107.43 0 214.34 48.70 0 286.22 398.76
47 9 0 279.97 442.00 0 387.47 293.62 0 216.26 51.24 0 550.05 113.78 0 557.43 60.00 0 290.01 397.50 0 221.24 109.26 0 452.80 515.02 0 228.73 118.75
48 7 0 282.73 442.52 0 547.49 116.25 0 230.01 122.51 0 386.25 296.27 0 452.49 515.01 0 218.75 53.73 0 554.99 61.21
49 10 0 286.25 443.76 0 220.12 58.75 0 383.74 298.76 0 543.74 117.58 0 448.78 511.23 0 293.75 393.78 0 551.23 63.70 0 230.58 125.04 0 220.08 116.37 0 525.00 325.04
50 7 0 289.24 443.76 0 549.98 66.25 0 221.26 60.45 0 446.22 511.24 0 381.74 301.60 0 541.25 120.78 0 221.25 118.77
