1 0
2 3 0 36.25 603.75 0 416.27 611.25 0 570.05 74.96
3 5 0 38.74 603.76 0 416.25 608.76 0 228.49 16.67 0 582.17 273.72 0 581.49 271.23
4 5 0 38.74 603.76 0 581.26 273.76 0 228.73 18.74 0 77.48 75.00 0 413.73 608.76
5 4 0 581.25 273.83 0 228.76 18.76 0 41.26 603.76 0 413.75 606.26
6 5 0 413.74 606.28 0 581.24 276.23 0 41.27 603.75 0 231.22 21.26 0 621.26 216.25
7 5 0 43.76 603.75 0 579.99 277.51 0 412.52 603.98 0 231.22 21.23 0 618.75 216.25
8 5 0 411.24 603.75 0 231.24 23.74 0 45.00 602.51 0 578.75 278.74 0 618.76 216.30
9 6 0 411.18 601.27 0 616.25 218.76 0 46.25 602.35 0 577.43 281.25 0 233.77 26.26 0 233.03 25.00
10 5 0 48.74 601.29 0 576.26 281.30 0 232.77 26.26 0 408.75 601.23 0 616.25 218.76
11 5 0 233.75 27.50 0 50.83 601.25 0 576.26 283.76 0 613.75 218.76 0 408.74 598.75
12 6 0 18.76 248.75 0 234.11 28.74 0 51.25 601.25 0 612.51 218.75 0 576.08 283.76 0 407.58 596.27
13 6 0 53.74 601.26 0 20.00 249.98 0 406.23 596.24 0 235.00 30.02 0 611.26 218.88 0 573.75 286.26
14 7 0 21.25 250.02 0 236.26 31.24 0 608.76 221.23 0 406.16 595.03 0 56.26 601.26 0 573.75 286.38 0 573.75 288.13
15 6 0 56.25 601.24 0 403.74 593.75 0 23.73 250.01 0 572.52 288.76 0 236.26 33.40 0 607.92 221.24
16 6 0 237.46 33.97 0 606.23 221.26 0 24.98 250.02 0 572.47 290.24 0 58.75 601.24 0 403.75 591.26
17 6 0 26.26 251.24 0 571.25 291.25 0 402.49 589.99 0 238.48 35.57 0 603.75 221.27 0 61.21 601.25
18 7 0 238.74 36.41 0 27.53 251.24 0 402.50 588.74 0 568.81 293.76 0 602.52 222.50 0 61.24 601.18 0 61.23 599.14
19 6 0 28.74 251.25 0 601.26 222.51 0 238.76 38.75 0 401.26 588.64 0 569.19 296.24 0 63.75 601.26
20 7 0 30.88 251.24 0 448.76 18.76 0 568.76 296.25 0 598.72 223.73 0 398.76 586.26 0 241.26 39.98 0 66.26 598.77
21 8 0 241.24 41.28 0 32.50 252.47 0 598.73 223.75 0 66.25 598.77 0 448.75 19.68 0 398.72 583.76 0 568.74 296.54 0 398.74 586.27
22 7 0 33.75 252.57 0 566.25 298.76 0 68.76 598.75 0 241.25 42.55 0 596.24 223.75 0 396.53 583.74 0 446.24 21.25
23 8 0 242.52 43.77 0 36.26 252.47 0 566.21 301.23 0 68.75 598.77 0 593.80 226.20 0 446.25 23.72 0 594.98 225.00 0 396.25 581.29
24 8 0 243.75 45.03 0 71.24 598.76 0 37.49 252.51 0 396.23 580.36 0 563.76 301.27 0 593.74 226.26 0 446.24 26.24 0 446.24 24.06
25 7 0 38.76 252.52 0 396.26 578.82 0 73.77 598.76 0 446.24 26.27 0 591.23 226.26 0 243.75 46.93 0 563.75 303.73
26 8 0 74.07 598.74 0 590.00 226.28 0 243.76 48.76 0 41.25 253.74 0 446.22 28.74 0 393.77 578.76 0 561.82 303.75 0 245.05 47.49
27 7 0 41.26 253.76 0 588.73 226.49 0 76.24 598.75 0 446.24 29.00 0 246.22 48.75 0 561.25 306.27 0 393.76 576.25
28 6 0 246.24 51.25 0 43.74 253.74 0 78.73 597.48 0 446.24 31.24 0 586.25 227.53 0 561.25 306.32
29 7 0 44.98 253.73 0 247.50 52.52 0 586.25 228.76 0 391.24 573.75 0 78.74 596.25 0 446.24 33.73 0 558.76 308.74
30 7 0 46.24 253.74 0 81.25 596.25 0 583.75 228.76 0 247.50 53.74 0 391.23 572.50 0 445.03 33.76 0 558.73 309.33
31 9 0 83.74 596.26 0 388.75 571.26 0 591.23 16.25 0 446.22 36.23 0 48.74 255.01 0 558.73 311.24 0 581.24 228.74 0 248.76 56.24 0 247.47 54.98
32 10 0 248.75 56.25 0 83.76 596.25 0 580.73 230.03 0 49.99 254.99 0 445.00 38.72 0 388.65 570.37 0 592.48 17.49 0 276.25 16.26 0 556.26 311.23 0 556.27 313.74
33 10 0 86.21 596.23 0 592.50 18.75 0 578.74 231.23 0 555.01 315.01 0 248.77 58.75 0 51.24 256.00 0 426.26 18.75 0 443.78 38.77 0 387.49 568.77 0 275.00 18.74
34 10 0 593.74 21.26 0 251.23 58.75 0 53.75 256.25 0 273.75 18.75 0 555.00 315.01 0 386.26 566.26 0 444.09 41.28 0 88.74 595.14 0 577.28 231.24 0 426.23 20.23
35 10 0 251.27 61.24 0 593.74 21.23 0 443.75 42.55 0 576.26 231.23 0 88.92 595.04 0 54.73 256.24 0 553.78 316.26 0 273.75 19.99 0 426.26 21.27 0 386.25 566.24
36 11 0 593.78 23.74 0 56.26 256.25 0 91.26 593.78 0 443.77 43.77 0 573.75 231.25 0 252.45 61.80 0 383.74 563.75 0 273.74 21.25 0 426.24 23.72 0 553.75 317.33 0 551.24 317.01
37 10 0 57.50 256.26 0 253.74 63.76 0 383.74 563.27 0 443.77 46.24 0 91.30 593.76 0 594.93 24.99 0 551.23 318.74 0 571.98 231.27 0 271.23 23.45 0 426.27 26.26
38 10 0 58.75 256.24 0 93.74 593.76 0 595.00 26.29 0 571.25 232.70 0 271.24 23.74 0 253.73 65.60 0 382.42 561.27 0 423.74 26.25 0 551.22 321.27 0 443.32 46.26
39 11 0 61.26 257.00 0 596.23 28.74 0 96.25 593.74 0 442.69 48.80 0 549.87 322.51 0 253.74 66.27 0 568.76 233.76 0 268.76 26.25 0 381.24 558.76 0 423.74 28.20 0 425.76 28.77
40 10 0 596.25 29.98 0 442.50 51.26 0 268.75 27.39 0 62.49 257.49 0 547.50 322.51 0 380.09 558.75 0 97.50 593.77 0 568.75 233.76 0 254.93 67.60 0 423.74 30.36
41 10 0 596.25 31.24 0 380.00 557.48 0 566.25 233.76 0 442.51 52.50 0 267.49 27.48 0 63.74 257.48 0 547.49 324.98 0 256.26 68.75 0 98.76 593.76 0 423.69 31.27
42 10 0 256.25 70.51 0 597.46 32.89 0 66.23 258.73 0 378.74 556.25 0 563.78 233.89 0 546.26 326.25 0 442.47 53.73 0 266.23 29.46 0 101.23 591.25 0 423.74 33.76
43 9 0 597.50 34.99 0 67.48 258.74 0 101.23 591.24 0 563.72 235.02 0 257.40 71.24 0 441.25 56.26 0 378.75 555.00 0 266.25 31.25 0 423.71 34.97
44 10 0 68.73 258.75 0 597.57 36.26 0 103.74 591.25 0 561.26 236.25 0 258.74 73.78 0 441.25 56.28 0 543.75 328.75 0 423.72 36.23 0 378.66 553.73 0 397.39 403.51
45 10 0 598.74 37.51 0 69.97 258.74 0 258.75 74.96 0 441.25 58.76 0 263.74 33.77 0 106.25 591.24 0 421.35 38.76 0 376.26 551.24 0 558.76 236.23 0 543.74 329.86
46 12 0 258.76 76.25 0 106.26 591.26 0 558.75 236.25 0 441.25 61.25 0 598.75 38.77 0 262.49 33.78 0 72.41 258.76 0 541.24 331.25 0 421.25 38.76 0 376.25 551.23 0 374.33 551.21 0 599.96 40.00
47 10 0 73.73 259.75 0 108.75 591.22 0 556.24 236.26 0 598.74 41.25 0 540.02 332.51 0 258.99 77.71 0 373.74 548.74 0 261.25 36.25 0 421.24 41.26 0 441.25 63.74
48 10 0 261.23 78.76 0 76.21 259.99 0 600.00 42.52 0 260.01 37.50 0 373.73 547.51 0 441.26 63.77 0 554.98 238.73 0 421.24 43.74 0 109.95 589.99 0 538.75 333.74
49 11 0 76.23 260.01 0 601.19 43.76 0 261.26 79.99 0 553.75 238.74 0 260.01 38.74 0 372.50 546.25 0 421.25 46.24 0 111.25 588.75 0 439.94 66.31 0 538.72 333.74 0 537.57 335.46
50 10 0 78.72 260.04 0 261.60 81.25 0 601.24 45.02 0 421.24 46.25 0 551.25 238.74 0 371.26 546.27 0 537.50 336.25 0 113.76 588.75 0 258.75 39.79 0 439.41 66.29
