1 0
2 1 0 126.22 198.75
3 1 0 121.13 196.26
4 2 0 118.72 196.27 0 572.88 213.73
5 1 0 121.26 203.77
6 1 0 128.73 201.25
7 2 0 123.77 197.51 0 131.28 180.01
8 3 0 126.22 201.25 0 125.06 200.00 0 382.33 121.45
9 1 0 121.27 211.24
10 3 0 122.49 213.75 0 621.25 42.51 0 234.99 195.02
11 2 0 126.20 206.27 0 176.29 541.25
12 1 0 119.41 217.53
13 2 0 123.75 218.76 0 116.27 228.99
14 2 0 531.24 17.22 0 126.26 218.44
15 3 0 528.93 13.72 0 123.74 213.78 0 21.26 286.22
16 2 0 530.00 17.24 0 124.99 217.49
17 4 0 528.70 26.20 0 122.63 226.27 0 157.33 193.81 0 173.71 549.92
18 2 0 530.45 23.73 0 124.97 223.75
19 2 0 529.98 23.74 0 124.99 223.75
20 4 0 521.24 28.75 0 113.75 228.75 0 520.02 27.94 0 616.24 38.75
21 2 0 122.11 233.76 0 528.75 32.97
22 3 0 123.73 229.94 0 528.76 28.76 0 460.01 613.77
23 2 0 523.76 28.73 0 117.52 228.73
24 3 0 113.75 234.20 0 518.76 33.75 0 616.24 36.24
25 3 0 116.25 233.77 0 522.50 33.73 0 449.97 608.76
26 3 0 521.27 42.54 0 114.99 243.74 0 448.74 616.26
27 5 0 115.03 246.24 0 521.31 45.53 0 446.35 613.73 0 618.77 41.94 0 448.72 613.73
28 3 0 121.27 246.25 0 452.48 611.25 0 528.39 46.26
29 3 0 121.29 247.50 0 528.75 46.26 0 373.76 566.25
30 4 0 518.74 43.75 0 113.76 244.69 0 442.50 602.50 0 3.40 601.29
31 3 0 523.75 53.77 0 118.70 253.75 0 117.54 255.02
32 5 0 523.76 46.02 0 118.71 246.30 0 446.22 596.23 0 448.17 596.22 0 20.01 286.16
33 4 0 118.74 248.76 0 523.74 48.50 0 446.21 593.81 0 621.61 33.68
34 3 0 523.75 49.69 0 117.55 250.09 0 446.23 593.77
35 3 0 522.48 51.27 0 116.40 251.26 0 621.25 31.24
36 5 0 526.23 61.26 0 118.74 261.29 0 445.11 597.51 0 626.20 41.27 0 46.06 573.73
37 4 0 518.77 63.73 0 437.49 597.51 0 113.72 265.05 0 616.25 43.45
38 4 0 118.75 266.23 0 524.94 66.23 0 621.26 43.73 0 442.52 594.12
39 2 0 522.57 68.74 0 116.25 268.76
40 4 0 517.50 68.74 0 111.25 268.77 0 486.20 348.76 0 613.48 366.16
41 6 0 516.24 67.46 0 108.76 268.75 0 149.98 189.98 0 608.87 43.76 0 616.47 36.18 0 431.23 586.31
42 5 0 522.48 65.01 0 116.23 266.25 0 436.22 580.02 0 613.53 41.34 0 623.59 33.16
43 5 0 108.75 273.74 0 516.25 72.37 0 603.82 48.75 0 428.76 583.74 0 605.06 47.44
44 4 0 524.95 75.28 0 117.43 276.27 0 612.50 49.82 0 438.74 583.75
45 5 0 115.01 281.26 0 522.48 79.96 0 608.75 52.20 0 435.07 583.73 0 58.78 52.57
46 4 0 602.50 45.01 0 517.44 73.74 0 108.76 273.76 0 92.48 369.99
47 4 0 521.25 73.77 0 113.76 276.19 0 603.73 45.02 0 112.49 275.32
48 4 0 517.47 76.25 0 109.24 278.73 0 598.72 46.22 0 618.75 33.77
49 4 0 524.10 83.75 0 116.26 285.00 0 603.78 53.75 0 626.25 38.24
50 6 0 513.76 86.26 0 106.48 288.80 0 107.40 287.45 0 593.74 56.26 0 591.24 56.25 0 616.26 38.72
