1 0
2 2 0 612.50 129.99 0 617.13 41.37
3 5 0 612.52 132.49 0 620.00 242.51 0 616.25 43.79 0 350.01 107.49 0 628.54 389.11
4 3 0 611.24 132.50 0 619.42 242.49 0 616.49 46.22
5 3 0 610.01 132.57 0 618.73 243.75 0 617.53 46.34
6 5 0 618.75 48.75 0 616.30 243.96 0 606.33 133.73 0 608.77 133.73 0 180.06 363.78
7 4 0 618.75 49.99 0 16.27 403.77 0 606.23 136.25 0 614.01 246.26
8 4 0 619.98 52.50 0 603.75 136.31 0 613.75 246.23 0 16.49 401.26
9 6 0 620.10 53.74 0 19.80 401.25 0 611.26 248.74 0 603.77 137.34 0 621.20 55.05 0 611.26 246.96
10 6 0 621.24 56.24 0 610.00 249.73 0 601.25 138.76 0 122.50 325.00 0 22.20 401.21 0 21.93 398.86
11 4 0 621.25 58.74 0 608.77 250.08 0 598.74 138.76 0 23.61 398.19
12 4 0 621.23 59.69 0 596.24 141.18 0 26.26 398.77 0 606.28 251.25
13 4 0 595.00 140.00 0 606.23 252.65 0 27.48 397.50 0 622.49 61.22
14 5 0 603.76 253.76 0 28.75 396.26 0 622.50 63.73 0 593.76 141.26 0 623.75 358.75
15 6 0 623.70 66.29 0 591.24 141.34 0 31.21 396.22 0 602.52 255.09 0 621.30 358.79 0 32.60 394.96
16 6 0 623.74 68.71 0 601.27 256.25 0 620.04 362.51 0 588.76 143.73 0 31.25 393.74 0 485.02 322.48
17 7 0 623.74 68.75 0 620.00 362.52 0 588.74 146.22 0 598.73 258.53 0 588.75 143.74 0 33.75 391.24 0 33.74 393.77
18 6 0 623.93 71.12 0 618.76 364.89 0 597.96 258.74 0 36.27 393.76 0 586.25 143.73 0 586.25 146.09
19 6 0 596.24 259.24 0 583.74 146.27 0 37.45 391.23 0 626.08 73.71 0 617.40 366.25 0 625.02 72.56
20 7 0 594.99 260.01 0 626.23 75.00 0 583.73 146.28 0 38.73 388.76 0 616.29 366.33 0 616.26 368.76 0 40.78 388.74
21 6 0 16.26 196.25 0 626.25 76.23 0 41.26 388.81 0 593.74 261.26 0 581.24 147.52 0 613.74 369.99
22 6 0 18.75 196.26 0 612.51 370.00 0 42.51 387.50 0 580.01 148.74 0 626.92 78.73 0 591.25 263.72
23 6 0 20.06 196.24 0 612.50 372.51 0 626.26 81.27 0 43.77 387.50 0 578.77 148.84 0 590.70 263.75
24 6 0 22.51 196.24 0 626.28 83.77 0 610.03 372.49 0 588.75 266.26 0 577.89 149.99 0 46.27 386.27
25 5 0 25.00 196.22 0 587.49 266.31 0 48.76 386.24 0 609.99 373.04 0 573.75 151.26
26 5 0 26.25 196.25 0 573.46 151.25 0 51.25 383.75 0 586.28 267.52 0 606.24 376.25
27 6 0 28.75 195.04 0 583.74 268.76 0 570.56 153.76 0 52.49 383.72 0 605.18 376.28 0 595.02 427.57
28 7 0 30.56 195.41 0 568.77 153.77 0 604.03 378.87 0 52.54 381.19 0 582.67 268.75 0 92.50 570.00 0 164.99 309.99
29 6 0 32.48 195.05 0 581.26 271.26 0 602.52 380.01 0 56.26 381.26 0 568.74 153.82 0 566.38 154.19
30 5 0 34.98 195.01 0 565.57 156.27 0 56.29 381.26 0 578.75 271.24 0 601.28 381.62
31 6 0 36.23 195.02 0 563.75 157.46 0 60.00 379.98 0 598.74 383.72 0 576.71 273.76 0 309.98 547.52
32 5 0 38.73 194.88 0 562.51 158.74 0 576.26 274.89 0 61.25 378.76 0 598.70 383.74
33 7 0 41.25 193.77 0 561.25 158.74 0 597.49 386.82 0 621.25 73.76 0 576.26 276.24 0 63.73 378.76 0 40.02 194.48
34 6 0 43.72 193.80 0 595.00 387.50 0 573.74 277.49 0 618.95 75.00 0 558.74 159.16 0 63.74 376.27
35 6 0 45.00 193.76 0 571.36 278.74 0 556.26 161.26 0 66.24 376.25 0 593.75 388.67 0 618.76 76.26
36 8 0 46.80 193.76 0 571.26 278.74 0 555.00 161.28 0 591.22 389.84 0 616.27 76.24 0 613.80 76.25 0 68.29 373.76 0 68.64 376.21
37 8 0 48.82 193.76 0 69.99 373.82 0 553.74 161.23 0 613.61 77.49 0 590.12 391.39 0 568.77 281.26 0 591.69 392.36 0 532.50 602.56
38 8 0 50.02 193.75 0 612.50 77.50 0 71.24 372.50 0 551.25 161.28 0 532.61 616.27 0 568.75 281.27 0 588.80 393.73 0 553.55 161.26
39 7 0 52.62 193.71 0 551.18 163.73 0 565.02 282.52 0 586.47 394.01 0 609.49 78.52 0 532.48 616.27 0 73.75 371.25
40 7 0 563.75 283.75 0 55.01 192.50 0 74.99 371.27 0 548.06 164.91 0 608.77 81.25 0 586.33 395.00 0 532.53 613.77
41 7 0 57.50 193.74 0 562.51 285.02 0 77.48 370.01 0 548.68 165.00 0 532.49 612.52 0 606.26 81.49 0 583.73 396.24
42 8 0 59.83 192.50 0 561.26 286.23 0 605.00 82.51 0 532.50 610.01 0 78.72 369.99 0 581.29 396.46 0 546.24 166.21 0 543.75 166.29
43 8 0 61.42 192.51 0 602.50 85.01 0 532.53 610.02 0 581.23 398.75 0 81.25 368.75 0 560.00 286.89 0 558.86 288.27 0 541.70 166.26
44 7 0 62.48 192.50 0 557.51 288.76 0 603.66 86.27 0 580.01 401.26 0 532.53 606.22 0 83.19 366.26 0 541.25 168.74
45 8 0 85.00 365.00 0 556.25 290.00 0 65.85 192.49 0 532.50 605.00 0 578.75 401.38 0 538.77 170.00 0 601.24 86.23 0 598.75 86.24
46 7 0 67.49 192.46 0 555.00 291.26 0 86.25 365.01 0 532.51 602.50 0 578.77 402.52 0 536.27 169.96 0 598.54 88.76
47 8 0 68.84 191.47 0 553.75 292.59 0 69.94 192.51 0 88.77 363.77 0 532.52 598.76 0 536.27 171.27 0 596.25 86.28 0 573.78 403.75
48 7 0 71.21 191.37 0 90.01 362.49 0 532.50 597.35 0 533.58 172.51 0 573.65 406.22 0 551.23 293.72 0 595.59 88.77
49 7 0 73.02 191.27 0 532.52 172.50 0 550.16 293.87 0 92.50 362.52 0 571.92 406.25 0 593.75 89.99 0 571.99 408.70
50 10 0 75.02 191.18 0 93.75 361.26 0 531.27 173.76 0 548.73 296.26 0 532.51 589.97 0 569.97 408.69 0 591.26 91.26 0 569.68 406.86 0 42.55 147.49 0 593.69 91.25
