1 0
2 3 0 153.74 313.76 0 122.49 260.01 0 226.96 69.65
3 4 0 130.00 258.98 0 161.24 310.11 0 427.46 165.20 0 564.31 306.23
4 3 0 158.75 308.75 0 558.74 306.27 0 423.67 169.42
5 4 0 161.26 308.74 0 421.26 173.72 0 553.76 308.70 0 572.49 299.99
6 6 0 165.26 306.26 0 532.53 285.03 0 551.24 306.27 0 418.81 176.26 0 77.49 165.01 0 133.41 258.75
7 6 0 548.76 306.28 0 168.83 303.74 0 139.99 259.99 0 420.00 178.75 0 21.24 96.25 0 354.98 139.99
8 4 0 171.25 303.73 0 416.30 181.24 0 140.00 258.79 0 20.67 100.69
9 5 0 178.76 303.74 0 546.24 311.24 0 421.24 186.26 0 530.00 282.51 0 31.23 103.48
10 4 0 181.24 301.27 0 418.77 187.52 0 542.02 308.79 0 33.76 101.78
11 8 0 413.74 196.24 0 517.51 282.47 0 181.25 303.74 0 176.26 18.74 0 33.76 107.53 0 538.47 313.78 0 153.73 261.26 0 151.20 261.23
12 7 0 186.26 298.77 0 181.26 16.26 0 517.48 277.51 0 538.66 311.25 0 38.78 103.74 0 452.51 210.03 0 416.27 193.73
13 4 0 412.51 195.00 0 188.75 298.74 0 531.25 311.25 0 181.30 18.76
14 5 0 410.05 198.25 0 191.23 298.43 0 507.51 275.01 0 183.66 21.26 0 526.40 313.18
15 5 0 188.72 26.26 0 413.12 203.75 0 198.73 298.76 0 526.25 315.05 0 49.48 110.43
16 6 0 189.98 31.24 0 522.50 317.51 0 411.25 208.77 0 51.27 113.76 0 199.46 298.76 0 170.02 260.01
17 5 0 404.99 212.50 0 49.99 115.01 0 198.74 298.75 0 515.65 318.75 0 188.73 33.76
18 5 0 189.99 35.01 0 201.27 296.24 0 172.51 260.00 0 511.22 318.77 0 52.43 115.04
19 7 0 193.75 33.76 0 405.01 212.51 0 208.74 293.77 0 493.04 270.00 0 511.25 316.26 0 178.77 256.24 0 58.76 115.01
20 5 0 208.86 296.25 0 59.96 117.49 0 193.77 41.26 0 402.50 220.01 0 506.24 320.67
21 7 0 216.25 291.26 0 506.26 318.77 0 198.75 41.24 0 186.06 258.35 0 405.01 221.25 0 63.71 118.78 0 184.45 258.23
22 7 0 218.74 291.26 0 67.50 117.52 0 403.78 223.75 0 201.25 43.50 0 188.69 256.87 0 503.74 318.76 0 200.00 42.80
23 7 0 201.26 51.25 0 500.00 325.00 0 69.97 124.99 0 401.26 231.25 0 189.97 261.21 0 221.27 296.24 0 221.25 293.73
24 3 0 206.23 53.80 0 226.23 293.76 0 74.99 126.24
25 8 0 228.74 291.22 0 403.24 235.00 0 78.74 123.78 0 198.74 256.27 0 208.16 51.26 0 493.74 323.77 0 206.28 51.27 0 477.50 266.32
26 7 0 205.95 56.27 0 226.27 292.75 0 397.47 241.89 0 468.59 269.63 0 488.74 328.76 0 76.27 128.73 0 198.02 260.19
27 7 0 235.47 289.79 0 211.26 56.26 0 488.74 326.26 0 470.00 266.71 0 401.25 241.25 0 83.26 126.29 0 92.48 20.01
28 7 0 237.49 292.48 0 85.01 131.66 0 483.74 330.00 0 212.78 63.74 0 402.16 213.54 0 398.74 248.74 0 466.65 267.71
29 5 0 213.75 61.27 0 396.22 244.99 0 248.75 13.73 0 238.72 286.25 0 84.99 130.02
30 5 0 241.28 291.26 0 213.71 68.58 0 393.76 252.59 0 248.80 21.25 0 246.26 21.25
31 7 0 218.76 69.98 0 248.75 290.01 0 476.23 332.51 0 253.76 23.15 0 96.25 136.26 0 397.52 256.26 0 58.77 58.71
32 10 0 251.24 288.76 0 221.25 72.60 0 397.09 258.74 0 473.75 333.78 0 453.06 266.21 0 98.76 136.27 0 362.33 362.83 0 256.24 26.34 0 482.26 322.51 0 471.43 333.76
33 8 0 253.73 28.73 0 249.37 288.75 0 216.66 73.75 0 466.38 332.84 0 52.51 605.00 0 13.88 133.74 0 16.23 133.75 0 391.25 261.26
34 9 0 223.74 78.76 0 393.85 267.74 0 257.21 290.07 0 226.10 260.77 0 258.74 33.75 0 103.74 141.27 0 466.25 336.36 0 21.26 137.81 0 258.73 31.79
35 7 0 258.74 286.26 0 223.74 78.76 0 460.70 334.06 0 103.62 136.48 0 258.67 31.25 0 391.21 266.24 0 460.83 335.27
36 7 0 260.00 288.77 0 388.74 271.25 0 229.88 259.99 0 223.73 83.75 0 258.77 38.73 0 106.25 141.23 0 21.35 141.28
37 11 0 260.93 42.48 0 26.26 143.73 0 234.98 261.24 0 110.00 146.30 0 228.74 86.24 0 266.25 288.79 0 228.74 88.75 0 263.85 288.76 0 3.32 533.09 0 390.34 276.34 0 453.75 343.68
38 10 0 231.23 90.93 0 270.00 288.76 0 31.23 146.25 0 453.75 343.74 0 266.15 46.21 0 238.70 260.31 0 264.09 45.56 0 391.14 278.75 0 501.24 562.52 0 397.80 251.07
39 10 0 230.00 88.75 0 269.30 286.49 0 427.50 260.02 0 263.73 45.83 0 237.50 258.76 0 31.23 143.76 0 448.77 341.22 0 388.74 281.26 0 31.22 146.21 0 269.41 287.12
40 11 0 36.23 149.99 0 268.75 51.26 0 276.22 288.76 0 235.00 96.14 0 118.76 148.77 0 121.24 148.77 0 244.96 261.23 0 423.73 263.74 0 446.23 346.28 0 448.72 346.23 0 245.01 77.53
41 6 0 36.23 151.24 0 233.75 96.27 0 267.48 52.50 0 442.51 347.49 0 276.24 288.76 0 387.47 288.77
42 8 0 387.49 290.00 0 278.75 286.23 0 236.24 98.75 0 437.48 347.51 0 38.73 151.24 0 268.74 56.24 0 268.73 53.85 0 116.27 125.59
43 6 0 282.52 285.01 0 238.70 100.00 0 434.98 347.51 0 41.26 153.74 0 250.24 259.57 0 270.00 58.59
44 8 0 45.02 158.74 0 387.49 300.01 0 130.01 154.99 0 241.27 106.22 0 286.25 288.75 0 273.77 63.72 0 409.99 262.12 0 433.75 351.25
45 10 0 246.23 108.75 0 292.48 288.76 0 50.00 161.23 0 388.80 303.72 0 408.76 261.27 0 261.24 260.00 0 276.44 66.24 0 136.37 156.24 0 433.75 353.78 0 277.45 64.44
46 8 0 53.74 161.26 0 248.76 108.80 0 391.22 303.75 0 429.95 353.72 0 281.26 67.50 0 266.32 260.00 0 297.32 288.73 0 139.99 155.01
47 8 0 251.27 111.24 0 282.51 69.70 0 56.25 161.27 0 301.25 286.25 0 427.25 354.23 0 389.84 307.48 0 268.72 257.35 0 141.24 155.04
48 7 0 282.52 70.03 0 58.75 163.64 0 389.98 308.91 0 301.25 285.10 0 423.74 353.75 0 252.45 111.24 0 252.85 113.64
49 9 0 389.97 315.02 0 285.00 77.50 0 306.25 288.77 0 421.24 358.75 0 253.75 118.75 0 61.24 168.77 0 396.07 261.21 0 147.50 162.52 0 274.98 260.02
50 9 0 283.75 77.50 0 251.24 118.75 0 306.24 286.25 0 58.77 168.75 0 387.51 259.99 0 383.66 316.27 0 275.00 258.73 0 385.51 316.30 0 413.77 356.27
